#OBJECT = ASASSN-18sf
#MJD-OBS = 58348.604884
#DATE-OBS = 2018-08-18T14:31:02
#EXPTIME = 1820.000000
#AIRMASS = 1.635000
#TELESCOPE = UH88
#INSTRUMENT = SNIFS
#WL FL ERR
#[Ang] [erg/s/cm2/A] [erg/s/cm2/A]
3307.060000 nan 5.367852e-33
3309.060000 nan 5.189395e-33
3311.060000 nan 4.980030e-33
3313.060000 nan 4.752600e-33
3315.060000 nan 4.742896e-33
3317.060000 nan 4.730006e-33
3319.060000 nan 4.726258e-33
3321.060000 nan 4.703797e-33
3323.060000 nan 4.640539e-33
3325.060000 nan 4.557928e-33
3327.060000 nan 4.639781e-33
3329.060000 nan 4.763743e-33
3331.060000 nan 4.636716e-33
3333.060000 nan 4.452759e-33
3335.060000 nan 4.393825e-33
3337.060000 nan 4.451926e-33
3339.060000 nan 4.210574e-33
3341.060000 nan 4.045936e-33
3343.060000 nan 3.986782e-33
3345.060000 nan 3.987291e-33
3347.060000 nan 3.936631e-33
3349.060000 nan 3.769142e-33
3351.060000 nan 3.587307e-33
3353.060000 nan 3.499640e-33
3355.060000 nan 3.414432e-33
3357.060000 nan 3.386019e-33
3359.060000 nan 3.366961e-33
3361.060000 nan 3.335071e-33
3363.060000 nan 3.347929e-33
3365.060000 nan 3.248320e-33
3367.060000 nan 3.379229e-33
3369.060000 nan 3.401111e-33
3371.060000 nan 3.351717e-33
3373.060000 nan 3.295786e-33
3375.060000 nan 3.233141e-33
3377.060000 nan 3.165692e-33
3379.060000 nan 3.146750e-33
3381.060000 nan 3.064834e-33
3383.060000 nan 2.972002e-33
3385.060000 nan 2.914490e-33
3387.060000 nan 2.884113e-33
3389.060000 nan 2.767587e-33
3391.060000 nan 2.699921e-33
3393.060000 nan 2.659923e-33
3395.060000 nan 2.762592e-33
3397.060000 nan 2.843583e-33
3399.060000 nan 2.759926e-33
3401.060000 nan 2.709490e-33
3403.060000 nan 2.648498e-33
3405.060000 nan 2.649270e-33
3407.060000 nan 2.605488e-33
3409.060000 nan 2.543033e-33
3411.060000 nan 2.475887e-33
3413.060000 nan 2.356111e-33
3415.060000 nan 2.338733e-33
3417.060000 nan 2.337978e-33
3419.060000 nan 2.305467e-33
3421.060000 nan 2.281053e-33
3423.060000 nan 2.272216e-33
3425.060000 nan 2.242072e-33
3427.060000 nan 2.183109e-33
3429.060000 nan 2.107750e-33
3431.060000 nan 2.093336e-33
3433.060000 nan 2.048835e-33
3435.060000 nan 2.012581e-33
3437.060000 nan 2.043687e-33
3439.060000 nan 1.963267e-33
3441.060000 nan 1.894913e-33
3443.060000 nan 1.863663e-33
3445.060000 nan 1.833563e-33
3447.060000 nan 1.852780e-33
3449.060000 nan 1.916346e-33
3451.060000 nan 1.856883e-33
3453.060000 nan 1.822434e-33
3455.060000 nan 1.768641e-33
3457.060000 nan 1.722859e-33
3459.060000 nan 1.666571e-33
3461.060000 nan 1.608575e-33
3463.060000 nan 1.599672e-33
3465.060000 nan 1.595212e-33
3467.060000 nan 1.582205e-33
3469.060000 nan 1.571954e-33
3471.060000 nan 1.550491e-33
3473.060000 nan 1.521746e-33
3475.060000 nan 1.509011e-33
3477.060000 nan 1.531469e-33
3479.060000 nan 1.496542e-33
3481.060000 nan 1.481116e-33
3483.060000 nan 1.492289e-33
3485.060000 nan 1.496731e-33
3487.060000 nan 1.467576e-33
3489.060000 nan 1.452633e-33
3491.060000 nan 1.415023e-33
3493.060000 nan 1.409971e-33
3495.060000 nan 1.413353e-33
3497.060000 nan 1.397800e-33
3499.060000 nan 1.371870e-33
3501.060000 nan 1.396723e-33
3503.060000 nan 1.356098e-33
3505.060000 nan 1.357437e-33
3507.060000 nan 1.340114e-33
3509.060000 nan 1.322820e-33
3511.060000 nan 1.311169e-33
3513.060000 nan 1.276344e-33
3515.060000 nan 1.255107e-33
3517.060000 nan 1.236513e-33
3519.060000 nan 1.223241e-33
3521.060000 nan 1.225449e-33
3523.060000 nan 1.232376e-33
3525.060000 nan 1.222307e-33
3527.060000 nan 1.203526e-33
3529.060000 nan 1.201466e-33
3531.060000 nan 1.185955e-33
3533.060000 nan 1.164127e-33
3535.060000 nan 1.151354e-33
3537.060000 nan 1.164585e-33
3539.060000 nan 1.216306e-33
3541.060000 nan 1.228960e-33
3543.060000 nan 1.217370e-33
3545.060000 nan 1.208613e-33
3547.060000 nan 1.191289e-33
3549.060000 nan 1.163769e-33
3551.060000 nan 1.162696e-33
3553.060000 nan 1.177949e-33
3555.060000 nan 1.182982e-33
3557.060000 nan 1.174870e-33
3559.060000 nan 1.149515e-33
3561.060000 nan 1.116638e-33
3563.060000 nan 1.096249e-33
3565.060000 nan 1.077397e-33
3567.060000 nan 1.067902e-33
3569.060000 nan 1.047105e-33
3571.060000 nan 1.026221e-33
3573.060000 nan 1.016319e-33
3575.060000 nan 1.017223e-33
3577.060000 nan 1.004101e-33
3579.060000 nan 1.006730e-33
3581.060000 nan 9.878847e-34
3583.060000 nan 9.834193e-34
3585.060000 nan 9.823337e-34
3587.060000 nan 9.625216e-34
3589.060000 nan 9.420536e-34
3591.060000 nan 9.514954e-34
3593.060000 nan 9.259826e-34
3595.060000 nan 9.038750e-34
3597.060000 nan 8.916721e-34
3599.060000 nan 8.863449e-34
3601.060000 nan 8.883266e-34
3603.060000 nan 8.849451e-34
3605.060000 nan 8.688264e-34
3607.060000 nan 8.535694e-34
3609.060000 nan 8.566673e-34
3611.060000 nan 8.633901e-34
3613.060000 nan 8.411985e-34
3615.060000 nan 8.517278e-34
3617.060000 nan 8.435155e-34
3619.060000 nan 8.454152e-34
3621.060000 nan 8.503331e-34
3623.060000 nan 8.508085e-34
3625.060000 nan 8.455769e-34
3627.060000 nan 8.426953e-34
3629.060000 nan 9.024140e-34
3631.060000 nan 9.252729e-34
3633.060000 nan 9.157860e-34
3635.060000 nan 8.898168e-34
3637.060000 nan 8.673648e-34
3639.060000 nan 8.667519e-34
3641.060000 nan 8.430515e-34
3643.060000 nan 8.404927e-34
3645.060000 nan 8.377064e-34
3647.060000 nan 8.265809e-34
3649.060000 nan 8.086108e-34
3651.060000 nan 7.916599e-34
3653.060000 nan 7.801523e-34
3655.060000 nan 7.811803e-34
3657.060000 nan 7.744875e-34
3659.060000 nan 7.640358e-34
3661.060000 nan 7.517322e-34
3663.060000 nan 7.346693e-34
3665.060000 nan 7.207305e-34
3667.060000 nan 7.221938e-34
3669.060000 nan 7.143718e-34
3671.060000 nan 6.950428e-34
3673.060000 nan 6.763041e-34
3675.060000 nan 6.683100e-34
3677.060000 nan 6.519957e-34
3679.060000 nan 6.455354e-34
3681.060000 nan 6.468439e-34
3683.060000 nan 6.346465e-34
3685.060000 nan 6.210975e-34
3687.060000 nan 6.235460e-34
3689.060000 nan 6.364753e-34
3691.060000 nan 6.379688e-34
3693.060000 nan 6.295238e-34
3695.060000 nan 6.240877e-34
3697.060000 nan 6.184413e-34
3699.060000 nan 6.137955e-34
3701.060000 nan 6.209491e-34
3703.060000 nan 6.286606e-34
3705.060000 nan 6.247304e-34
3707.060000 nan 6.138395e-34
3709.060000 nan 6.047895e-34
3711.060000 nan 6.044230e-34
3713.060000 nan 6.126588e-34
3715.060000 nan 6.124616e-34
3717.060000 nan 6.126953e-34
3719.060000 nan 6.120733e-34
3721.060000 nan 6.035437e-34
3723.060000 nan 5.928848e-34
3725.060000 nan 5.911582e-34
3727.060000 nan 6.002387e-34
3729.060000 nan 6.096452e-34
3731.060000 nan 6.125672e-34
3733.060000 nan 6.102017e-34
3735.060000 nan 6.132238e-34
3737.060000 nan 6.209050e-34
3739.060000 nan 6.085565e-34
3741.060000 nan 5.989628e-34
3743.060000 nan 6.020773e-34
3745.060000 nan 6.091488e-34
3747.060000 nan 6.106718e-34
3749.060000 nan 6.014969e-34
3751.060000 nan 5.832133e-34
3753.060000 nan 5.624035e-34
3755.060000 nan 5.492783e-34
3757.060000 nan 5.444533e-34
3759.060000 nan 5.411962e-34
3761.060000 nan 5.369767e-34
3763.060000 nan 5.338480e-34
3765.060000 nan 5.324587e-34
3767.060000 nan 5.331419e-34
3769.060000 nan 5.329570e-34
3771.060000 nan 5.312879e-34
3773.060000 nan 5.240235e-34
3775.060000 nan 5.135980e-34
3777.060000 nan 5.224456e-34
3779.060000 nan 5.156937e-34
3781.060000 nan 5.134421e-34
3783.060000 nan 5.157829e-34
3785.060000 nan 5.099028e-34
3787.060000 nan 4.926694e-34
3789.060000 nan 4.837638e-34
3791.060000 nan 4.876238e-34
3793.060000 nan 4.857181e-34
3795.060000 nan 4.781609e-34
3797.060000 nan 4.708287e-34
3799.060000 nan 4.681236e-34
3801.060000 nan 4.699117e-34
3803.060000 nan 4.709644e-34
3805.060000 nan 4.634478e-34
3807.060000 nan 4.537001e-34
3809.060000 nan 4.487885e-34
3811.060000 nan 4.506630e-34
3813.060000 nan 4.542752e-34
3815.060000 nan 4.455116e-34
3817.060000 nan 4.540038e-34
3819.060000 nan 4.529243e-34
3821.060000 nan 4.529227e-34
3823.060000 nan 4.553982e-34
3825.060000 nan 4.572597e-34
3827.060000 nan 4.601015e-34
3829.060000 nan 4.750111e-34
3831.060000 nan 4.726006e-34
3833.060000 nan 4.639973e-34
3835.060000 nan 4.599256e-34
3837.060000 nan 4.614922e-34
3839.060000 nan 4.575110e-34
3841.060000 nan 4.566813e-34
3843.060000 nan 4.474711e-34
3845.060000 nan 4.434737e-34
3847.060000 nan 4.418841e-34
3849.060000 nan 4.405977e-34
3851.060000 nan 4.402406e-34
3853.060000 nan 4.292129e-34
3855.060000 nan 4.214701e-34
3857.060000 nan 4.230185e-34
3859.060000 nan 4.244110e-34
3861.060000 nan 4.205595e-34
3863.060000 nan 4.132204e-34
3865.060000 nan 4.097391e-34
3867.060000 nan 4.031806e-34
3869.060000 nan 3.995712e-34
3871.060000 nan 3.983304e-34
3873.060000 nan 3.989859e-34
3875.060000 nan 4.000727e-34
3877.060000 nan 3.980929e-34
3879.060000 nan 4.004765e-34
3881.060000 nan 3.932984e-34
3883.060000 nan 3.890374e-34
3885.060000 nan 3.874422e-34
3887.060000 nan 3.861493e-34
3889.060000 nan 3.864027e-34
3891.060000 nan 3.922242e-34
3893.060000 nan 3.875550e-34
3895.060000 nan 3.837258e-34
3897.060000 nan 3.794449e-34
3899.060000 nan 3.741634e-34
3901.060000 nan 3.702017e-34
3903.060000 nan 3.682288e-34
3905.060000 nan 3.672526e-34
3907.060000 nan 3.625761e-34
3909.060000 nan 3.561085e-34
3911.060000 nan 3.526527e-34
3913.060000 nan 3.563044e-34
3915.060000 nan 3.652134e-34
3917.060000 nan 3.625160e-34
3919.060000 nan 3.520766e-34
3921.060000 nan 3.444850e-34
3923.060000 nan 3.428430e-34
3925.060000 nan 3.462852e-34
3927.060000 nan 3.537107e-34
3929.060000 nan 3.560076e-34
3931.060000 nan 3.535648e-34
3933.060000 nan 3.527981e-34
3935.060000 nan 3.605995e-34
3937.060000 nan 3.731877e-34
3939.060000 nan 3.747433e-34
3941.060000 nan 3.626309e-34
3943.060000 nan 3.568482e-34
3945.060000 nan 3.624632e-34
3947.060000 nan 3.651810e-34
3949.060000 nan 3.606806e-34
3951.060000 nan 3.568641e-34
3953.060000 nan 3.585282e-34
3955.060000 nan 3.537588e-34
3957.060000 nan 3.520632e-34
3959.060000 nan 3.545967e-34
3961.060000 nan 3.558122e-34
3963.060000 nan 3.511618e-34
3965.060000 nan 3.487076e-34
3967.060000 nan 3.476204e-34
3969.060000 nan 3.518178e-34
3971.060000 nan 3.573373e-34
3973.060000 nan 3.641201e-34
3975.060000 nan 3.733123e-34
3977.060000 nan 3.843765e-34
3979.060000 nan 3.866078e-34
3981.060000 nan 3.859075e-34
3983.060000 nan 3.837851e-34
3985.060000 nan 3.838825e-34
3987.060000 nan 3.875490e-34
3989.060000 nan 3.916457e-34
3991.060000 nan 3.860416e-34
3993.060000 nan 3.891601e-34
3995.060000 nan 3.907545e-34
3997.060000 nan 3.891252e-34
3999.060000 nan 3.839119e-34
4001.060000 nan 3.762720e-34
4003.060000 nan 3.730367e-34
4005.060000 nan 3.623669e-34
4007.060000 nan 3.476533e-34
4009.060000 nan 3.365158e-34
4011.060000 nan 3.306321e-34
4013.060000 nan 3.272309e-34
4015.060000 nan 3.226850e-34
4017.060000 nan 3.196614e-34
4019.060000 nan 3.116914e-34
4021.060000 nan 3.018082e-34
4023.060000 nan 2.979067e-34
4025.060000 nan 3.028881e-34
4027.060000 nan 3.081954e-34
4029.060000 nan 2.991353e-34
4031.060000 nan 2.965070e-34
4033.060000 nan 2.934011e-34
4035.060000 nan 2.928679e-34
4037.060000 nan 2.958659e-34
4039.060000 nan 2.984908e-34
4041.060000 nan 2.992832e-34
4043.060000 nan 2.943403e-34
4045.060000 nan 2.961111e-34
4047.060000 nan 2.966128e-34
4049.060000 nan 2.958255e-34
4051.060000 nan 2.980566e-34
4053.060000 nan 2.915709e-34
4055.060000 nan 2.831778e-34
4057.060000 nan 2.803095e-34
4059.060000 nan 2.839837e-34
4061.060000 nan 2.884693e-34
4063.060000 nan 2.892694e-34
4065.060000 nan 2.924107e-34
4067.060000 nan 3.057755e-34
4069.060000 nan 3.132118e-34
4071.060000 nan 3.257884e-34
4073.060000 nan 3.439837e-34
4075.060000 nan 3.615482e-34
4077.060000 nan 3.693116e-34
4079.060000 nan 3.629708e-34
4081.060000 nan 3.436608e-34
4083.060000 nan 3.252252e-34
4085.060000 nan 3.131130e-34
4087.060000 nan 3.084009e-34
4089.060000 nan 3.085540e-34
4091.060000 nan 3.066111e-34
4093.060000 nan 3.039775e-34
4095.060000 nan 3.111893e-34
4097.060000 nan 3.163462e-34
4099.060000 nan 3.155757e-34
4101.060000 nan 3.136890e-34
4103.060000 nan 3.162395e-34
4105.060000 nan 3.119373e-34
4107.060000 nan 3.061822e-34
4109.060000 nan 3.037289e-34
4111.060000 nan 2.987393e-34
4113.060000 nan 2.879797e-34
4115.060000 nan 2.842608e-34
4117.060000 nan 2.861752e-34
4119.060000 nan 2.833522e-34
4121.060000 nan 2.797281e-34
4123.060000 nan 2.725408e-34
4125.060000 nan 2.641296e-34
4127.060000 nan 2.648964e-34
4129.060000 nan 2.648130e-34
4131.060000 nan 2.641999e-34
4133.060000 nan 2.601984e-34
4135.060000 nan 2.563882e-34
4137.060000 nan 2.548704e-34
4139.060000 nan 2.544468e-34
4141.060000 nan 2.520653e-34
4143.060000 nan 2.483558e-34
4145.060000 nan 2.430942e-34
4147.060000 nan 2.399361e-34
4149.060000 nan 2.396016e-34
4151.060000 nan 2.405268e-34
4153.060000 nan 2.416567e-34
4155.060000 nan 2.447627e-34
4157.060000 nan 2.429745e-34
4159.060000 nan 2.410724e-34
4161.060000 nan 2.385110e-34
4163.060000 nan 2.356139e-34
4165.060000 nan 2.390130e-34
4167.060000 nan 2.439869e-34
4169.060000 nan 2.411863e-34
4171.060000 nan 2.378058e-34
4173.060000 nan 2.370209e-34
4175.060000 nan 2.370588e-34
4177.060000 nan 2.324436e-34
4179.060000 nan 2.257576e-34
4181.060000 nan 2.257300e-34
4183.060000 nan 2.230261e-34
4185.060000 nan 2.222137e-34
4187.060000 nan 2.248018e-34
4189.060000 nan 2.262459e-34
4191.060000 nan 2.180092e-34
4193.060000 nan 2.216848e-34
4195.060000 nan 2.249186e-34
4197.060000 nan 2.250775e-34
4199.060000 nan 2.252864e-34
4201.060000 nan 2.278328e-34
4203.060000 nan 2.243439e-34
4205.060000 nan 2.232697e-34
4207.060000 nan 2.223304e-34
4209.060000 nan 2.212379e-34
4211.060000 nan 2.216360e-34
4213.060000 nan 2.241900e-34
4215.060000 nan 2.263892e-34
4217.060000 nan 2.250917e-34
4219.060000 nan 2.259747e-34
4221.060000 nan 2.294441e-34
4223.060000 nan 2.327985e-34
4225.060000 nan 2.368938e-34
4227.060000 nan 2.470461e-34
4229.060000 nan 2.625513e-34
4231.060000 nan 2.588256e-34
4233.060000 nan 2.471163e-34
4235.060000 nan 2.359109e-34
4237.060000 nan 2.293091e-34
4239.060000 nan 2.265812e-34
4241.060000 nan 2.235287e-34
4243.060000 nan 2.242768e-34
4245.060000 nan 2.178548e-34
4247.060000 nan 2.160246e-34
4249.060000 nan 2.187398e-34
4251.060000 nan 2.205645e-34
4253.060000 nan 2.232834e-34
4255.060000 nan 2.279057e-34
4257.060000 nan 2.198621e-34
4259.060000 nan 2.182429e-34
4261.060000 nan 2.197565e-34
4263.060000 nan 2.158615e-34
4265.060000 nan 2.064070e-34
4267.060000 nan 2.073438e-34
4269.060000 nan 2.057137e-34
4271.060000 nan 2.052859e-34
4273.060000 nan 2.056162e-34
4275.060000 nan 2.073239e-34
4277.060000 nan 2.119361e-34
4279.060000 nan 2.113829e-34
4281.060000 nan 2.115811e-34
4283.060000 nan 2.068850e-34
4285.060000 nan 2.037821e-34
4287.060000 nan 2.038988e-34
4289.060000 nan 2.030934e-34
4291.060000 nan 1.960411e-34
4293.060000 nan 1.965002e-34
4295.060000 nan 1.929651e-34
4297.060000 nan 1.903366e-34
4299.060000 nan 1.903340e-34
4301.060000 nan 1.909029e-34
4303.060000 nan 1.873912e-34
4305.060000 nan 1.964300e-34
4307.060000 nan 1.973459e-34
4309.060000 nan 1.975149e-34
4311.060000 nan 2.011779e-34
4313.060000 nan 2.055155e-34
4315.060000 nan 2.012432e-34
4317.060000 nan 2.029817e-34
4319.060000 nan 2.021462e-34
4321.060000 nan 2.004629e-34
4323.060000 nan 2.011458e-34
4325.060000 nan 2.037112e-34
4327.060000 nan 2.038958e-34
4329.060000 nan 2.000587e-34
4331.060000 nan 2.028498e-34
4333.060000 nan 2.045345e-34
4335.060000 nan 2.049865e-34
4337.060000 nan 2.059527e-34
4339.060000 nan 2.090256e-34
4341.060000 nan 2.130745e-34
4343.060000 nan 2.090300e-34
4345.060000 nan 2.054053e-34
4347.060000 nan 2.029215e-34
4349.060000 nan 2.028769e-34
4351.060000 nan 2.043485e-34
4353.060000 nan 2.015412e-34
4355.060000 nan 2.011419e-34
4357.060000 nan 2.042346e-34
4359.060000 nan 2.071608e-34
4361.060000 nan 2.068705e-34
4363.060000 nan 2.032573e-34
4365.060000 nan 1.999407e-34
4367.060000 nan 2.004868e-34
4369.060000 nan 1.989414e-34
4371.060000 nan 1.982991e-34
4373.060000 nan 1.986367e-34
4375.060000 nan 1.987998e-34
4377.060000 nan 1.972954e-34
4379.060000 nan 1.936914e-34
4381.060000 nan 1.944696e-34
4383.060000 nan 1.966543e-34
4385.060000 nan 1.976892e-34
4387.060000 nan 1.968714e-34
4389.060000 nan 1.946910e-34
4391.060000 nan 1.910857e-34
4393.060000 nan 1.880974e-34
4395.060000 nan 1.867120e-34
4397.060000 nan 1.861697e-34
4399.060000 nan 1.850013e-34
4401.060000 nan 1.843456e-34
4403.060000 nan 1.900887e-34
4405.060000 nan 1.944308e-34
4407.060000 nan 1.927459e-34
4409.060000 nan 1.912547e-34
4411.060000 nan 1.903332e-34
4413.060000 nan 1.892289e-34
4415.060000 nan 1.882816e-34
4417.060000 nan 1.892545e-34
4419.060000 nan 1.872701e-34
4421.060000 nan 1.860834e-34
4423.060000 nan 1.851472e-34
4425.060000 nan 1.833523e-34
4427.060000 nan 1.805476e-34
4429.060000 nan 1.798071e-34
4431.060000 nan 1.877097e-34
4433.060000 nan 1.900890e-34
4435.060000 nan 1.895308e-34
4437.060000 nan 1.882063e-34
4439.060000 nan 1.865323e-34
4441.060000 nan 1.836489e-34
4443.060000 nan 1.886276e-34
4445.060000 nan 1.926790e-34
4447.060000 nan 1.939169e-34
4449.060000 nan 1.932505e-34
4451.060000 nan 1.925452e-34
4453.060000 nan 1.928651e-34
4455.060000 nan 1.913474e-34
4457.060000 nan 1.873478e-34
4459.060000 nan 1.850392e-34
4461.060000 nan 1.859149e-34
4463.060000 nan 1.880453e-34
4465.060000 nan 1.873561e-34
4467.060000 nan 1.867468e-34
4469.060000 nan 1.840490e-34
4471.060000 nan 1.823024e-34
4473.060000 nan 1.831674e-34
4475.060000 nan 1.850350e-34
4477.060000 nan 1.852519e-34
4479.060000 nan 1.873280e-34
4481.060000 nan 1.880986e-34
4483.060000 nan 1.875826e-34
4485.060000 nan 1.872927e-34
4487.060000 nan 1.864003e-34
4489.060000 nan 1.840140e-34
4491.060000 nan 1.826556e-34
4493.060000 nan 1.829682e-34
4495.060000 nan 1.842399e-34
4497.060000 nan 1.824628e-34
4499.060000 nan 1.795926e-34
4501.060000 nan 1.788380e-34
4503.060000 nan 1.809876e-34
4505.060000 nan 1.838681e-34
4507.060000 nan 1.839411e-34
4509.060000 nan 1.824892e-34
4511.060000 nan 1.822316e-34
4513.060000 nan 1.828692e-34
4515.060000 nan 1.812338e-34
4517.060000 nan 1.804846e-34
4519.060000 nan 1.769073e-34
4521.060000 nan 1.770674e-34
4523.060000 nan 1.784504e-34
4525.060000 nan 1.786777e-34
4527.060000 nan 1.776831e-34
4529.060000 nan 1.791674e-34
4531.060000 nan 1.800152e-34
4533.060000 nan 1.795197e-34
4535.060000 nan 1.799916e-34
4537.060000 nan 1.805037e-34
4539.060000 nan 1.789542e-34
4541.060000 nan 1.750936e-34
4543.060000 nan 1.733230e-34
4545.060000 nan 1.724902e-34
4547.060000 nan 1.734311e-34
4549.060000 nan 1.730236e-34
4551.060000 nan 1.705598e-34
4553.060000 nan 1.705598e-34
4555.060000 nan 1.700592e-34
4557.060000 nan 1.715231e-34
4559.060000 nan 1.697501e-34
4561.060000 nan 1.671686e-34
4563.060000 nan 1.671473e-34
4565.060000 nan 1.700794e-34
4567.060000 nan 1.653285e-34
4569.060000 nan 1.667270e-34
4571.060000 nan 1.682370e-34
4573.060000 nan 1.693611e-34
4575.060000 nan 1.711300e-34
4577.060000 nan 1.746014e-34
4579.060000 nan 1.788201e-34
4581.060000 nan 1.763343e-34
4583.060000 nan 1.725689e-34
4585.060000 nan 1.708843e-34
4587.060000 nan 1.710100e-34
4589.060000 nan 1.714674e-34
4591.060000 nan 1.722321e-34
4593.060000 nan 1.694597e-34
4595.060000 nan 1.685610e-34
4597.060000 nan 1.705168e-34
4599.060000 nan 1.730434e-34
4601.060000 nan 1.727559e-34
4603.060000 nan 1.680454e-34
4605.060000 nan 1.731275e-34
4607.060000 nan 1.731932e-34
4609.060000 nan 1.727758e-34
4611.060000 nan 1.711672e-34
4613.060000 nan 1.708007e-34
4615.060000 nan 1.749371e-34
4617.060000 nan 1.709009e-34
4619.060000 nan 1.663214e-34
4621.060000 nan 1.656458e-34
4623.060000 nan 1.639989e-34
4625.060000 nan 1.634763e-34
4627.060000 nan 1.672889e-34
4629.060000 nan 1.657684e-34
4631.060000 nan 1.674616e-34
4633.060000 nan 1.647321e-34
4635.060000 nan 1.606138e-34
4637.060000 nan 1.587867e-34
4639.060000 nan 1.612182e-34
4641.060000 nan 1.661700e-34
4643.060000 nan 1.639426e-34
4645.060000 nan 1.582323e-34
4647.060000 nan 1.585244e-34
4649.060000 nan 1.600031e-34
4651.060000 nan 1.592732e-34
4653.060000 nan 1.600431e-34
4655.060000 nan 1.590253e-34
4657.060000 nan 1.582618e-34
4659.060000 nan 1.586858e-34
4661.060000 nan 1.592674e-34
4663.060000 nan 1.592555e-34
4665.060000 nan 1.590527e-34
4667.060000 nan 1.613963e-34
4669.060000 nan 1.594637e-34
4671.060000 nan 1.571448e-34
4673.060000 nan 1.585915e-34
4675.060000 nan 1.619987e-34
4677.060000 nan 1.635318e-34
4679.060000 nan 1.645006e-34
4681.060000 nan 1.590081e-34
4683.060000 nan 1.592118e-34
4685.060000 nan 1.607136e-34
4687.060000 nan 1.632215e-34
4689.060000 nan 1.653276e-34
4691.060000 nan 1.611528e-34
4693.060000 nan 1.602509e-34
4695.060000 nan 1.618891e-34
4697.060000 nan 1.628410e-34
4699.060000 nan 1.630570e-34
4701.060000 nan 1.634137e-34
4703.060000 nan 1.646775e-34
4705.060000 nan 1.670104e-34
4707.060000 nan 1.697278e-34
4709.060000 nan 1.716386e-34
4711.060000 nan 1.705452e-34
4713.060000 nan 1.696961e-34
4715.060000 nan 1.741404e-34
4717.060000 nan 1.774612e-34
4719.060000 nan 1.782535e-34
4721.060000 nan 1.794372e-34
4723.060000 nan 1.821672e-34
4725.060000 nan 1.836185e-34
4727.060000 nan 1.815985e-34
4729.060000 nan 1.809169e-34
4731.060000 nan 1.843654e-34
4733.060000 nan 1.840140e-34
4735.060000 nan 1.810337e-34
4737.060000 nan 1.786509e-34
4739.060000 nan 1.794570e-34
4741.060000 nan 1.830423e-34
4743.060000 nan 1.801742e-34
4745.060000 nan 1.818758e-34
4747.060000 nan 1.849490e-34
4749.060000 nan 1.873781e-34
4751.060000 nan 1.876946e-34
4753.060000 nan 1.855717e-34
4755.060000 nan 1.852879e-34
4757.060000 nan 1.831163e-34
4759.060000 nan 1.818940e-34
4761.060000 nan 1.811044e-34
4763.060000 nan 1.821932e-34
4765.060000 nan 1.868763e-34
4767.060000 nan 1.911756e-34
4769.060000 nan 1.888340e-34
4771.060000 nan 1.904063e-34
4773.060000 nan 1.901564e-34
4775.060000 nan 1.876429e-34
4777.060000 nan 1.852328e-34
4779.060000 nan 1.834772e-34
4781.060000 nan 1.821932e-34
4783.060000 nan 1.817362e-34
4785.060000 nan 1.821457e-34
4787.060000 nan 1.826533e-34
4789.060000 nan 1.826814e-34
4791.060000 nan 1.822448e-34
4793.060000 nan 1.788747e-34
4795.060000 nan 1.742083e-34
4797.060000 nan 1.702487e-34
4799.060000 nan 1.673813e-34
4801.060000 nan 1.665197e-34
4803.060000 nan 1.688245e-34
4805.060000 nan 1.720096e-34
4807.060000 nan 1.720446e-34
4809.060000 nan 1.711253e-34
4811.060000 nan 1.701300e-34
4813.060000 nan 1.689479e-34
4815.060000 nan 1.670255e-34
4817.060000 nan 1.644956e-34
4819.060000 nan 1.669289e-34
4821.060000 nan 1.711961e-34
4823.060000 nan 1.734291e-34
4825.060000 nan 1.726031e-34
4827.060000 nan 1.709653e-34
4829.060000 nan 1.736986e-34
4831.060000 nan 1.763927e-34
4833.060000 nan 1.768709e-34
4835.060000 nan 1.759728e-34
4837.060000 nan 1.737343e-34
4839.060000 nan 1.719667e-34
4841.060000 nan 1.744424e-34
4843.060000 nan 1.775254e-34
4845.060000 nan 1.774492e-34
4847.060000 nan 1.754462e-34
4849.060000 nan 1.753463e-34
4851.060000 nan 1.775620e-34
4853.060000 nan 1.790568e-34
4855.060000 nan 1.795057e-34
4857.060000 nan 1.864412e-34
4859.060000 nan 1.864880e-34
4861.060000 nan 1.877550e-34
4863.060000 nan 1.905298e-34
4865.060000 nan 1.897898e-34
4867.060000 nan 1.858754e-34
4869.060000 nan 1.886659e-34
4871.060000 nan 1.908804e-34
4873.060000 nan 1.909394e-34
4875.060000 nan 1.895873e-34
4877.060000 nan 1.889058e-34
4879.060000 nan 1.911763e-34
4881.060000 nan 1.954641e-34
4883.060000 nan 1.981702e-34
4885.060000 nan 1.989202e-34
4887.060000 nan 1.982735e-34
4889.060000 nan 1.972961e-34
4891.060000 nan 1.974533e-34
4893.060000 nan 2.024925e-34
4895.060000 nan 2.030107e-34
4897.060000 nan 2.038249e-34
4899.060000 nan 2.041136e-34
4901.060000 nan 2.052487e-34
4903.060000 nan 2.091737e-34
4905.060000 nan 2.075490e-34
4907.060000 nan 2.063814e-34
4909.060000 nan 2.062246e-34
4911.060000 nan 2.085691e-34
4913.060000 nan 2.112245e-34
4915.060000 nan 2.106453e-34
4917.060000 nan 2.061698e-34
4919.060000 nan 2.071443e-34
4921.060000 nan 2.105911e-34
4923.060000 nan 2.125324e-34
4925.060000 nan 2.130962e-34
4927.060000 nan 2.132980e-34
4929.060000 nan 2.124191e-34
4931.060000 nan 2.115309e-34
4933.060000 nan 2.178812e-34
4935.060000 nan 2.216590e-34
4937.060000 nan 2.239740e-34
4939.060000 nan 2.265542e-34
4941.060000 nan 2.283639e-34
4943.060000 nan 2.307522e-34
4945.060000 nan 2.303851e-34
4947.060000 nan 2.320636e-34
4949.060000 nan 2.406411e-34
4951.060000 nan 2.515399e-34
4953.060000 nan 2.556515e-34
4955.060000 nan 2.574843e-34
4957.060000 nan 2.632798e-34
4959.060000 nan 2.651293e-34
4961.060000 nan 2.674296e-34
4963.060000 nan 2.715304e-34
4965.060000 nan 2.755861e-34
4967.060000 nan 2.761765e-34
4969.060000 nan 2.869422e-34
4971.060000 nan 2.870236e-34
4973.060000 nan 2.871202e-34
4975.060000 nan 2.904532e-34
4977.060000 nan 2.975425e-34
4979.060000 nan 3.092127e-34
4981.060000 nan 3.167942e-34
4983.060000 nan 3.220196e-34
4985.060000 nan 3.234932e-34
4987.060000 nan 3.297392e-34
4989.060000 nan 3.418422e-34
4991.060000 nan 3.521507e-34
4993.060000 nan 3.707773e-34
4995.060000 nan 3.847751e-34
4997.060000 nan 3.909059e-34
4999.060000 nan 3.942614e-34
5001.060000 nan 4.004265e-34
5003.060000 nan 4.111623e-34
5005.060000 nan 4.179268e-34
5007.060000 nan 4.278521e-34
5009.060000 nan 4.332425e-34
5011.060000 nan 4.441038e-34
5013.060000 nan 4.604790e-34
5015.060000 nan 4.749953e-34
5017.060000 nan 4.788223e-34
5019.060000 nan 4.969613e-34
5021.060000 nan 5.089198e-34
5023.060000 nan 5.139199e-34
5025.060000 nan 5.187254e-34
5027.060000 nan 5.301914e-34
5029.060000 nan 5.505999e-34
5031.060000 nan 5.832217e-34
5033.060000 nan 5.770073e-34
5035.060000 nan 5.860860e-34
5037.060000 nan 6.024298e-34
5039.060000 nan 6.167440e-34
5041.060000 nan 6.312410e-34
5043.060000 nan 6.332149e-34
5045.060000 nan 6.471023e-34
5047.060000 nan 6.581738e-34
5049.060000 nan 6.648493e-34
5051.060000 nan 6.623677e-34
5053.060000 nan 6.476311e-34
5055.060000 nan 6.331587e-34
5057.060000 nan 6.400070e-34
5059.060000 nan 6.461948e-34
5061.060000 nan 6.457010e-34
5063.060000 nan 6.350410e-34
5065.060000 nan 6.186699e-34
5067.060000 nan 6.135720e-34
5069.060000 nan 6.149382e-34
5071.060000 nan 6.221547e-34
5073.060000 nan 6.240720e-34
5075.060000 nan 6.204727e-34
5077.060000 nan 6.147322e-34
5079.060000 nan 6.104132e-34
5081.060000 nan 6.198987e-34
5083.060000 nan 6.170674e-34
5085.060000 nan 6.105223e-34
5087.060000 nan 6.076755e-34
5089.060000 nan 6.071110e-34
5091.060000 nan 6.024886e-34
5093.060000 nan 6.061424e-34
5095.060000 nan 6.109534e-34
5097.060000 nan 6.137917e-34
5099.060000 nan 6.133728e-34
5101.060000 nan 6.100720e-34
5103.060000 1.573284e-16 2.123125e-33
5105.060000 1.549464e-16 2.071024e-33
5107.060000 1.548466e-16 2.025186e-33
5109.060000 1.720549e-16 2.049915e-33
5111.060000 1.841374e-16 2.048564e-33
5113.060000 1.882163e-16 2.024852e-33
5115.060000 1.846843e-16 1.989234e-33
5117.060000 1.737966e-16 1.975432e-33
5119.060000 1.717870e-16 1.967355e-33
5121.060000 1.826264e-16 1.921236e-33
5123.060000 1.866404e-16 1.881957e-33
5125.060000 1.819230e-16 1.843406e-33
5127.060000 1.805085e-16 1.803581e-33
5129.060000 2.041681e-16 1.790831e-33
5131.060000 2.343225e-16 1.774301e-33
5133.060000 2.122784e-16 1.715272e-33
5135.060000 1.843499e-16 1.656810e-33
5137.060000 1.683269e-16 1.610391e-33
5139.060000 1.651760e-16 1.578711e-33
5141.060000 1.539862e-16 1.534580e-33
5143.060000 1.303373e-16 1.476330e-33
5145.060000 1.299777e-16 1.449994e-33
5147.060000 1.602330e-16 1.446592e-33
5149.060000 1.720054e-16 1.440954e-33
5151.060000 nan 1.036519e-33
5153.060000 nan 1.000345e-33
5155.060000 nan 9.493595e-34
5157.060000 nan 8.888978e-34
5159.060000 nan 8.324922e-34
5161.060000 nan 7.702176e-34
5163.060000 nan 7.116309e-34
5165.060000 nan 6.796227e-34
5167.060000 nan 6.459162e-34
5169.060000 nan 6.110503e-34
5171.060000 nan 5.747051e-34
5173.060000 nan 5.440906e-34
5175.060000 nan 5.157901e-34
5177.060000 nan 4.892870e-34
5179.060000 nan 4.667205e-34
5181.060000 nan 4.478677e-34
5183.060000 nan 4.335497e-34
5185.060000 nan 4.181304e-34
5187.060000 nan 4.044097e-34
5189.060000 nan 3.927501e-34
5191.060000 nan 3.910399e-34
5193.060000 nan 3.890193e-34
5195.060000 nan 3.856954e-34
5197.060000 nan 3.710750e-34
5199.060000 nan 3.595534e-34
5201.060000 nan 3.505534e-34
5203.060000 nan 3.449461e-34
5205.060000 nan 3.411909e-34
5207.060000 nan 3.385303e-34
5209.060000 nan 3.367743e-34
5211.060000 nan 3.420164e-34
5213.060000 nan 3.499849e-34
5215.060000 nan 3.591876e-34
5217.060000 nan 3.596259e-34
5219.060000 nan 3.573627e-34
5221.060000 nan 3.535224e-34
5223.060000 nan 3.444712e-34
5225.060000 nan 3.361527e-34
5227.060000 nan 3.295379e-34
5229.060000 nan 3.368335e-34
5231.060000 nan 3.380351e-34
5233.060000 nan 3.330803e-34
5235.060000 nan 3.338498e-34
5237.060000 nan 3.366741e-34
5239.060000 nan 3.399347e-34
5241.060000 nan 3.344390e-34
5243.060000 nan 3.296918e-34
5245.060000 nan 3.276957e-34
5247.060000 nan 3.363556e-34
5249.060000 nan 3.298775e-34
5251.060000 nan 3.200364e-34
5253.060000 nan 3.182083e-34
5255.060000 nan 3.153908e-34
5257.060000 nan 3.121270e-34
5259.060000 nan 3.084907e-34
5261.060000 nan 3.101435e-34
5263.060000 nan 3.102048e-34
5265.060000 nan 3.063739e-34
5267.060000 nan 3.103679e-34
5269.060000 nan 3.087233e-34
5271.060000 nan 2.997148e-34
5273.060000 nan 2.981573e-34
5275.060000 nan 2.940804e-34
5277.060000 nan 2.885196e-34
5279.060000 nan 2.942288e-34
5281.060000 nan 2.935409e-34
5283.060000 nan 2.886936e-34
5285.060000 nan 2.845215e-34
5287.060000 nan 2.829958e-34
5289.060000 nan 2.824617e-34
5291.060000 nan 2.807183e-34
5293.060000 nan 2.790956e-34
5295.060000 nan 2.760328e-34
5297.060000 nan 2.690613e-34
5299.060000 nan 2.644654e-34
5301.060000 nan 2.602173e-34
5303.060000 nan 2.555718e-34
5305.060000 nan 2.558925e-34
5307.060000 nan 2.571245e-34
5309.060000 nan 2.586867e-34
5311.060000 nan 2.544824e-34
5313.060000 nan 2.492101e-34
5315.060000 nan 2.431615e-34
5317.060000 nan 2.388614e-34
5319.060000 nan 2.370095e-34
5321.060000 nan 2.363063e-34
5323.060000 nan 2.273685e-34
5325.060000 nan 2.223049e-34
5327.060000 nan 2.197811e-34
5329.060000 nan 2.183883e-34
5331.060000 nan 2.180612e-34
5333.060000 nan 2.167852e-34
5335.060000 nan 2.107661e-34
5337.060000 nan 2.066085e-34
5339.060000 nan 2.063240e-34
5341.060000 nan 2.137427e-34
5343.060000 nan 2.073493e-34
5345.060000 nan 2.015294e-34
5347.060000 nan 2.013333e-34
5349.060000 nan 2.017976e-34
5351.060000 nan 2.011448e-34
5353.060000 nan 1.989819e-34
5355.060000 nan 1.936162e-34
5357.060000 nan 1.909764e-34
5359.060000 nan 1.909810e-34
5361.060000 nan 1.898509e-34
5363.060000 nan 1.862623e-34
5365.060000 nan 1.808737e-34
5367.060000 nan 1.753336e-34
5369.060000 nan 1.729323e-34
5371.060000 nan 1.721641e-34
5373.060000 nan 1.711448e-34
5375.060000 nan 1.696211e-34
5377.060000 nan 1.672737e-34
5379.060000 nan 1.630927e-34
5381.060000 nan 1.597510e-34
5383.060000 nan 1.578964e-34
5385.060000 nan 1.586671e-34
5387.060000 nan 1.546638e-34
5389.060000 nan 1.512073e-34
5391.060000 nan 1.497786e-34
5393.060000 nan 1.497935e-34
5395.060000 nan 1.469106e-34
5397.060000 nan 1.405688e-34
5399.060000 nan 1.422411e-34
5401.060000 nan 1.452672e-34
5403.060000 nan 1.491800e-34
5405.060000 nan 1.492437e-34
5407.060000 nan 1.503876e-34
5409.060000 nan 1.521484e-34
5411.060000 nan 1.533673e-34
5413.060000 nan 1.520898e-34
5415.060000 nan 1.525583e-34
5417.060000 nan 1.641166e-34
5419.060000 nan 1.759135e-34
5421.060000 nan 1.863624e-34
5423.060000 nan 1.931346e-34
5425.060000 nan 1.859247e-34
5427.060000 nan 1.745655e-34
5429.060000 nan 1.613949e-34
5431.060000 nan 1.529842e-34
5433.060000 nan 1.468341e-34
5435.060000 nan 1.429517e-34
5437.060000 nan 1.382240e-34
5439.060000 nan 1.364766e-34
5441.060000 nan 1.378212e-34
5443.060000 nan 1.371692e-34
5445.060000 nan 1.363786e-34
5447.060000 nan 1.351146e-34
5449.060000 nan 1.303776e-34
5451.060000 nan 1.290450e-34
5453.060000 nan 1.296217e-34
5455.060000 nan 1.297414e-34
5457.060000 nan 1.323055e-34
5459.060000 nan 1.355697e-34
5461.060000 nan 1.377031e-34
5463.060000 nan 1.426529e-34
5465.060000 nan 1.518423e-34
5467.060000 nan 1.687752e-34
5469.060000 nan 1.943354e-34
5471.060000 nan 2.237677e-34
5473.060000 nan 2.569149e-34
5475.060000 nan 2.747078e-34
5477.060000 nan 2.742879e-34
5479.060000 nan 2.530469e-34
5481.060000 nan 2.128125e-34
5483.060000 nan 1.786548e-34
5485.060000 nan 1.512888e-34
5487.060000 nan 1.372991e-34
5489.060000 nan 1.280286e-34
5491.060000 nan 1.224551e-34
5493.060000 nan 1.194414e-34
5495.060000 nan 1.154917e-34
5497.060000 nan 1.119801e-34
5499.060000 nan 1.124371e-34
5501.060000 nan 1.125225e-34
5503.060000 nan 1.122507e-34
5505.060000 nan 1.113635e-34
5507.060000 nan 1.084912e-34
5509.060000 nan 1.068347e-34
5511.060000 nan 1.086858e-34
5513.060000 nan 1.093987e-34
5515.060000 nan 1.089315e-34
5517.060000 nan 1.069606e-34
5519.060000 nan 1.053782e-34
5521.060000 nan 1.045834e-34
5523.060000 nan 1.046527e-34
5525.060000 nan 1.059971e-34
5527.060000 nan 1.075772e-34
5529.060000 nan 1.090439e-34
5531.060000 nan 1.066347e-34
5533.060000 nan 1.054679e-34
5535.060000 nan 1.051915e-34
5537.060000 nan 1.054829e-34
5539.060000 nan 1.042761e-34
5541.060000 nan 1.033561e-34
5543.060000 nan 1.060578e-34
5545.060000 nan 1.042998e-34
5547.060000 nan 1.019251e-34
5549.060000 nan 1.017326e-34
5551.060000 nan 1.013814e-34
5553.060000 nan 1.008571e-34
5555.060000 nan 1.000814e-34
5557.060000 nan 1.002325e-34
5559.060000 nan 9.934111e-35
5561.060000 nan 9.688433e-35
5563.060000 nan 1.029335e-34
5565.060000 nan 1.079520e-34
5567.060000 nan 1.116385e-34
5569.060000 nan 1.179428e-34
5571.060000 nan 1.393202e-34
5573.060000 nan 1.740931e-34
5575.060000 nan 2.249814e-34
5577.060000 nan 2.578617e-34
5579.060000 nan 2.699839e-34
5581.060000 nan 2.312963e-34
5583.060000 nan 1.813067e-34
5585.060000 nan 1.341953e-34
5587.060000 nan 1.111734e-34
5589.060000 nan 1.019046e-34
5591.060000 nan 9.815516e-35
5593.060000 nan 9.780307e-35
5595.060000 nan 9.747148e-35
5597.060000 nan 9.644206e-35
5599.060000 nan 9.426795e-35
5601.060000 nan 9.173443e-35
5603.060000 nan 9.124186e-35
5605.060000 nan 9.328457e-35
5607.060000 nan 9.401799e-35
5609.060000 nan 9.312024e-35
5611.060000 nan 9.080745e-35
5613.060000 nan 8.973582e-35
5615.060000 nan 8.951534e-35
5617.060000 nan 9.018571e-35
5619.060000 nan 9.295178e-35
5621.060000 nan 9.149529e-35
5623.060000 nan 8.881496e-35
5625.060000 nan 9.006225e-35
5627.060000 nan 8.923778e-35
5629.060000 nan 8.776120e-35
5631.060000 nan 8.660122e-35
5633.060000 nan 8.683202e-35
5635.060000 nan 8.702269e-35
5637.060000 nan 8.644351e-35
5639.060000 nan 8.681246e-35
5641.060000 nan 8.637321e-35
5643.060000 nan 8.453845e-35
5645.060000 nan 8.609699e-35
5647.060000 nan 8.532361e-35
5649.060000 nan 8.175290e-35
5651.060000 nan 8.010771e-35
5653.060000 nan 7.981223e-35
5655.060000 nan 8.056199e-35
5657.060000 nan 8.037350e-35
5659.060000 nan 8.055836e-35
5661.060000 nan 8.080520e-35
5663.060000 nan 8.007875e-35
5665.060000 nan 7.977680e-35
5667.060000 nan 7.951397e-35
5669.060000 nan 7.869776e-35
5671.060000 nan 7.918866e-35
5673.060000 nan 7.972055e-35
5675.060000 nan 7.931433e-35
5677.060000 nan 8.059068e-35
5679.060000 nan 8.242078e-35
5681.060000 nan 8.460079e-35
5683.060000 nan 8.362373e-35
5685.060000 nan 8.321943e-35
5687.060000 nan 8.406536e-35
5689.060000 nan 8.338157e-35
5691.060000 nan 8.186025e-35
5693.060000 nan 7.967874e-35
5695.060000 nan 8.085646e-35
5697.060000 nan 8.150968e-35
5699.060000 nan 8.160784e-35
5701.060000 nan 8.034733e-35
5703.060000 nan 8.041611e-35
5705.060000 nan 8.072986e-35
5707.060000 nan 7.867352e-35
5709.060000 nan 7.813134e-35
5711.060000 nan 7.869109e-35
5713.060000 nan 8.074076e-35
5715.060000 nan 8.088859e-35
5717.060000 nan 8.030137e-35
5719.060000 nan 7.928225e-35
5721.060000 nan 7.956167e-35
5723.060000 nan 7.987514e-35
5725.060000 nan 7.987697e-35
5727.060000 nan 7.998284e-35
5729.060000 nan 8.027398e-35
5731.060000 nan 8.077620e-35
5733.060000 nan 8.045622e-35
5735.060000 nan 8.030155e-35
5737.060000 nan 8.016602e-35
5739.060000 nan 7.786971e-35
5741.060000 nan 7.564449e-35
5743.060000 nan 7.369500e-35
5745.060000 nan 7.326695e-35
5747.060000 nan 7.365591e-35
5749.060000 nan 7.423812e-35
5751.060000 nan 7.394701e-35
5753.060000 nan 7.443262e-35
5755.060000 nan 7.433694e-35
5757.060000 nan 7.191245e-35
5759.060000 nan 7.086139e-35
5761.060000 nan 7.079566e-35
5763.060000 nan 7.199682e-35
5765.060000 nan 7.164766e-35
5767.060000 nan 7.148265e-35
5769.060000 nan 7.190132e-35
5771.060000 nan 7.207209e-35
5773.060000 nan 7.200126e-35
5775.060000 nan 7.170822e-35
5777.060000 nan 7.298419e-35
5779.060000 nan 7.328659e-35
5781.060000 nan 7.283793e-35
5783.060000 nan 7.287902e-35
5785.060000 nan 7.173550e-35
5787.060000 nan 7.022395e-35
5789.060000 nan 7.066414e-35
5791.060000 nan 7.146010e-35
5793.060000 nan 7.198061e-35
5795.060000 nan 7.100179e-35
5797.060000 nan 6.880385e-35
5799.060000 nan 6.799991e-35
5801.060000 nan 7.144740e-35
5803.060000 nan 7.194328e-35
5805.060000 nan 7.237703e-35
5807.060000 nan 7.375445e-35
5809.060000 nan 7.352582e-35
5811.060000 nan 7.294929e-35
5813.060000 nan 7.215267e-35
5815.060000 nan 7.257576e-35
5817.060000 nan 7.198047e-35
5819.060000 nan 7.038477e-35
5821.060000 nan 6.962452e-35
5823.060000 nan 6.874450e-35
5825.060000 nan 6.806275e-35
5827.060000 nan 6.970154e-35
5829.060000 nan 6.975036e-35
5831.060000 nan 6.895948e-35
5833.060000 nan 6.832987e-35
5835.060000 nan 6.809273e-35
5837.060000 nan 6.823557e-35
5839.060000 nan 6.904900e-35
5841.060000 nan 6.878070e-35
5843.060000 nan 6.848277e-35
5845.060000 nan 6.875147e-35
5847.060000 nan 6.910578e-35
5849.060000 nan 6.957249e-35
5851.060000 nan 7.019229e-35
5853.060000 nan 6.880879e-35
5855.060000 nan 6.754259e-35
5857.060000 nan 6.660479e-35
5859.060000 nan 6.711403e-35
5861.060000 nan 6.782490e-35
5863.060000 nan 6.875750e-35
5865.060000 nan 7.040041e-35
5867.060000 nan 7.186230e-35
5869.060000 nan 7.285853e-35
5871.060000 nan 7.164442e-35
5873.060000 nan 7.037233e-35
5875.060000 nan 6.932333e-35
5877.060000 nan 6.925029e-35
5879.060000 nan 6.966980e-35
5881.060000 nan 7.063391e-35
5883.060000 nan 7.257758e-35
5885.060000 nan 7.827750e-35
5887.060000 nan 8.521629e-35
5889.060000 nan 9.283437e-35
5891.060000 nan 9.621281e-35
5893.060000 nan 9.679449e-35
5895.060000 nan 9.424871e-35
5897.060000 nan 8.691142e-35
5899.060000 nan 7.982395e-35
5901.060000 nan 7.331410e-35
5903.060000 nan 6.898776e-35
5905.060000 nan 6.691226e-35
5907.060000 nan 6.675139e-35
5909.060000 nan 6.770197e-35
5911.060000 nan 6.825531e-35
5913.060000 nan 6.864616e-35
5915.060000 nan 6.943517e-35
5917.060000 nan 7.018964e-35
5919.060000 nan 7.044582e-35
5921.060000 nan 6.908457e-35
5923.060000 nan 6.812500e-35
5925.060000 nan 6.809119e-35
5927.060000 nan 6.992953e-35
5929.060000 nan 6.987626e-35
5931.060000 nan 6.986007e-35
5933.060000 nan 7.054346e-35
5935.060000 nan 6.938444e-35
5937.060000 nan 6.776682e-35
5939.060000 nan 6.581166e-35
5941.060000 nan 6.501462e-35
5943.060000 nan 6.426105e-35
5945.060000 nan 6.362737e-35
5947.060000 nan 6.525736e-35
5949.060000 nan 6.669828e-35
5951.060000 nan 6.779408e-35
5953.060000 nan 6.728753e-35
5955.060000 nan 6.712470e-35
5957.060000 nan 6.676093e-35
5959.060000 nan 6.469657e-35
5961.060000 nan 6.219599e-35
5963.060000 nan 6.052979e-35
5965.060000 nan 6.179695e-35
5967.060000 nan 6.302381e-35
5969.060000 nan 6.413888e-35
5971.060000 nan 6.504404e-35
5973.060000 nan 6.530239e-35
5975.060000 nan 6.550621e-35
5977.060000 nan 6.578781e-35
5979.060000 nan 6.549205e-35
5981.060000 nan 6.429790e-35
5983.060000 nan 6.212010e-35
5985.060000 nan 6.068081e-35
5987.060000 nan 6.001784e-35
5989.060000 nan 5.990510e-35
5991.060000 nan 5.813798e-35
5993.060000 nan 5.793374e-35
5995.060000 nan 5.871620e-35
5997.060000 nan 5.929167e-35
5999.060000 nan 5.925851e-35
6001.060000 nan 5.902572e-35
6003.060000 nan 5.914434e-35
6005.060000 nan 5.910930e-35
6007.060000 nan 5.864281e-35
6009.060000 nan 5.720216e-35
6011.060000 nan 5.786601e-35
6013.060000 nan 5.876470e-35
6015.060000 nan 5.921234e-35
6017.060000 nan 5.836768e-35
6019.060000 nan 5.803494e-35
6021.060000 nan 5.864102e-35
6023.060000 nan 5.682551e-35
6025.060000 nan 5.613114e-35
6027.060000 nan 5.670910e-35
6029.060000 nan 5.676667e-35
6031.060000 nan 5.620067e-35
6033.060000 nan 5.521554e-35
6035.060000 nan 5.490518e-35
6037.060000 nan 5.515320e-35
6039.060000 nan 5.564496e-35
6041.060000 nan 5.571065e-35
6043.060000 nan 5.501405e-35
6045.060000 nan 5.424520e-35
6047.060000 nan 5.430468e-35
6049.060000 nan 5.435074e-35
6051.060000 nan 5.467783e-35
6053.060000 nan 5.565446e-35
6055.060000 nan 5.532963e-35
6057.060000 nan 5.513914e-35
6059.060000 nan 5.558568e-35
6061.060000 nan 5.592436e-35
6063.060000 nan 5.621405e-35
6065.060000 nan 5.645593e-35
6067.060000 nan 5.540314e-35
6069.060000 nan 5.468390e-35
6071.060000 nan 5.434726e-35
6073.060000 nan 5.483851e-35
6075.060000 nan 5.497976e-35
6077.060000 nan 5.481597e-35
6079.060000 nan 5.423613e-35
6081.060000 nan 5.404389e-35
6083.060000 nan 5.397136e-35
6085.060000 nan 5.353885e-35
6087.060000 nan 5.326796e-35
6089.060000 nan 5.315487e-35
6091.060000 nan 5.331635e-35
6093.060000 nan 5.331625e-35
6095.060000 nan 5.344108e-35
6097.060000 nan 5.390416e-35
6099.060000 nan 5.421325e-35
6101.060000 nan 5.391595e-35
6103.060000 nan 5.274512e-35
6105.060000 nan 5.237077e-35
6107.060000 nan 5.208063e-35
6109.060000 nan 5.183427e-35
6111.060000 nan 5.383207e-35
6113.060000 nan 5.501604e-35
6115.060000 nan 5.540137e-35
6117.060000 nan 5.448704e-35
6119.060000 nan 5.368711e-35
6121.060000 nan 5.298227e-35
6123.060000 nan 5.240690e-35
6125.060000 nan 5.170690e-35
6127.060000 nan 5.128582e-35
6129.060000 nan 5.209728e-35
6131.060000 nan 5.311382e-35
6133.060000 nan 5.350705e-35
6135.060000 nan 5.216498e-35
6137.060000 nan 5.211158e-35
6139.060000 nan 5.228083e-35
6141.060000 nan 5.234067e-35
6143.060000 nan 5.099337e-35
6145.060000 nan 5.010296e-35
6147.060000 nan 5.006600e-35
6149.060000 nan 5.060410e-35
6151.060000 nan 5.032156e-35
6153.060000 nan 4.921724e-35
6155.060000 nan 4.940197e-35
6157.060000 nan 4.938216e-35
6159.060000 nan 4.922930e-35
6161.060000 nan 4.929616e-35
6163.060000 nan 4.938907e-35
6165.060000 nan 4.959927e-35
6167.060000 nan 5.030902e-35
6169.060000 nan 5.102437e-35
6171.060000 nan 5.177369e-35
6173.060000 nan 5.262311e-35
6175.060000 nan 5.207175e-35
6177.060000 nan 5.108596e-35
6179.060000 nan 5.003842e-35
6181.060000 nan 5.008834e-35
6183.060000 nan 5.022271e-35
6185.060000 nan 5.016642e-35
6187.060000 nan 5.056341e-35
6189.060000 nan 5.075848e-35
6191.060000 nan 5.065529e-35
6193.060000 nan 5.034532e-35
6195.060000 nan 5.017117e-35
6197.060000 nan 5.011938e-35
6199.060000 nan 4.996576e-35
6201.060000 nan 5.009230e-35
6203.060000 nan 5.042302e-35
6205.060000 nan 5.082016e-35
6207.060000 nan 5.082368e-35
6209.060000 nan 5.078425e-35
6211.060000 nan 5.140463e-35
6213.060000 nan 5.124421e-35
6215.060000 nan 5.076951e-35
6217.060000 nan 5.022411e-35
6219.060000 nan 4.989414e-35
6221.060000 nan 4.980948e-35
6223.060000 nan 5.010488e-35
6225.060000 nan 5.031759e-35
6227.060000 nan 5.037992e-35
6229.060000 nan 5.023946e-35
6231.060000 nan 5.194245e-35
6233.060000 nan 5.372688e-35
6235.060000 nan 5.544687e-35
6237.060000 nan 5.475351e-35
6239.060000 nan 5.401363e-35
6241.060000 nan 5.317364e-35
6243.060000 nan 5.162896e-35
6245.060000 nan 5.012025e-35
6247.060000 nan 4.868169e-35
6249.060000 nan 4.751296e-35
6251.060000 nan 4.841182e-35
6253.060000 nan 5.026883e-35
6255.060000 nan 5.215188e-35
6257.060000 nan 5.348457e-35
6259.060000 nan 5.415865e-35
6261.060000 nan 5.365754e-35
6263.060000 nan 5.220734e-35
6265.060000 nan 5.096769e-35
6267.060000 nan 5.046030e-35
6269.060000 nan 5.032095e-35
6271.060000 nan 5.025357e-35
6273.060000 nan 5.022434e-35
6275.060000 nan 4.954550e-35
6277.060000 nan 4.915543e-35
6279.060000 nan 4.906314e-35
6281.060000 nan 4.856954e-35
6283.060000 nan 4.914911e-35
6285.060000 nan 5.053521e-35
6287.060000 nan 5.189523e-35
6289.060000 nan 5.264539e-35
6291.060000 nan 5.295893e-35
6293.060000 nan 5.283132e-35
6295.060000 nan 5.396353e-35
6297.060000 nan 5.590683e-35
6299.060000 nan 5.876393e-35
6301.060000 nan 5.984255e-35
6303.060000 nan 5.992216e-35
6305.060000 nan 5.892016e-35
6307.060000 nan 5.618020e-35
6309.060000 nan 5.360548e-35
6311.060000 nan 5.178463e-35
6313.060000 nan 5.129689e-35
6315.060000 nan 5.081803e-35
6317.060000 nan 5.021099e-35
6319.060000 nan 4.899576e-35
6321.060000 nan 4.841564e-35
6323.060000 nan 4.848803e-35
6325.060000 nan 4.969364e-35
6327.060000 nan 5.100895e-35
6329.060000 nan 5.224376e-35
6331.060000 nan 5.244023e-35
6333.060000 nan 5.130623e-35
6335.060000 nan 4.980574e-35
6337.060000 nan 4.952026e-35
6339.060000 nan 4.915097e-35
6341.060000 nan 4.870056e-35
6343.060000 nan 4.811251e-35
6345.060000 nan 4.878706e-35
6347.060000 nan 4.965989e-35
6349.060000 nan 5.032392e-35
6351.060000 nan 5.093765e-35
6353.060000 nan 5.137159e-35
6355.060000 nan 5.155714e-35
6357.060000 nan 5.171194e-35
6359.060000 nan 5.198417e-35
6361.060000 nan 5.237479e-35
6363.060000 nan 5.205934e-35
6365.060000 nan 5.177926e-35
6367.060000 nan 5.141368e-35
6369.060000 nan 4.981621e-35
6371.060000 nan 4.917903e-35
6373.060000 nan 4.927824e-35
6375.060000 nan 5.018339e-35
6377.060000 nan 5.072651e-35
6379.060000 nan 5.102017e-35
6381.060000 nan 5.101477e-35
6383.060000 nan 5.142382e-35
6385.060000 nan 5.165514e-35
6387.060000 nan 5.114897e-35
6389.060000 nan 5.085180e-35
6391.060000 nan 5.046333e-35
6393.060000 nan 4.984155e-35
6395.060000 nan 4.938830e-35
6397.060000 nan 4.897687e-35
6399.060000 nan 4.859547e-35
6401.060000 nan 4.909499e-35
6403.060000 nan 4.959150e-35
6405.060000 nan 5.001544e-35
6407.060000 nan 4.940919e-35
6409.060000 nan 4.906985e-35
6411.060000 nan 4.893743e-35
6413.060000 nan 4.888285e-35
6415.060000 nan 4.899944e-35
6417.060000 nan 4.929097e-35
6419.060000 nan 4.995035e-35
6421.060000 nan 4.999583e-35
6423.060000 nan 4.965408e-35
6425.060000 nan 4.888479e-35
6427.060000 nan 4.838744e-35
6429.060000 nan 4.771384e-35
6431.060000 nan 4.650741e-35
6433.060000 nan 4.613919e-35
6435.060000 nan 4.559976e-35
6437.060000 nan 4.457020e-35
6439.060000 nan 4.401948e-35
6441.060000 nan 4.370326e-35
6443.060000 nan 4.361676e-35
6445.060000 nan 4.329120e-35
6447.060000 nan 4.335375e-35
6449.060000 nan 4.378980e-35
6451.060000 nan 4.463256e-35
6453.060000 nan 4.514514e-35
6455.060000 nan 4.555019e-35
6457.060000 nan 4.667671e-35
6459.060000 nan 4.736990e-35
6461.060000 nan 4.803140e-35
6463.060000 nan 4.939776e-35
6465.060000 nan 5.095299e-35
6467.060000 nan 5.191028e-35
6469.060000 nan 5.111621e-35
6471.060000 nan 5.018465e-35
6473.060000 nan 4.921029e-35
6475.060000 nan 4.821592e-35
6477.060000 nan 4.743530e-35
6479.060000 nan 4.678548e-35
6481.060000 nan 4.627896e-35
6483.060000 nan 4.603424e-35
6485.060000 nan 4.577756e-35
6487.060000 nan 4.551024e-35
6489.060000 nan 4.606052e-35
6491.060000 nan 4.672733e-35
6493.060000 nan 4.754197e-35
6495.060000 nan 4.890669e-35
6497.060000 nan 5.049036e-35
6499.060000 nan 5.193225e-35
6501.060000 nan 5.194006e-35
6503.060000 nan 5.064620e-35
6505.060000 nan 4.886519e-35
6507.060000 nan 4.736569e-35
6509.060000 nan 4.650278e-35
6511.060000 nan 4.597584e-35
6513.060000 nan 4.577653e-35
6515.060000 nan 4.572915e-35
6517.060000 nan 4.556449e-35
6519.060000 nan 4.514905e-35
6521.060000 nan 4.538404e-35
6523.060000 nan 4.574299e-35
6525.060000 nan 4.617281e-35
6527.060000 nan 4.659448e-35
6529.060000 nan 4.709478e-35
6531.060000 nan 4.763748e-35
6533.060000 nan 4.747218e-35
6535.060000 nan 4.713435e-35
6537.060000 nan 4.666219e-35
6539.060000 nan 4.611769e-35
6541.060000 nan 4.573868e-35
6543.060000 nan 4.563123e-35
6545.060000 nan 4.632750e-35
6547.060000 nan 4.647963e-35
6549.060000 nan 4.631782e-35
6551.060000 nan 4.585704e-35
6553.060000 nan 4.705382e-35
6555.060000 nan 4.807388e-35
6557.060000 nan 4.781179e-35
6559.060000 nan 4.771361e-35
6561.060000 nan 4.793693e-35
6563.060000 nan 4.861181e-35
6565.060000 nan 4.796135e-35
6567.060000 nan 4.670465e-35
6569.060000 nan 4.486524e-35
6571.060000 nan 4.509428e-35
6573.060000 nan 4.521989e-35
6575.060000 nan 4.525043e-35
6577.060000 nan 4.521208e-35
6579.060000 nan 4.553777e-35
6581.060000 nan 4.590709e-35
6583.060000 nan 4.508443e-35
6585.060000 nan 4.453602e-35
6587.060000 nan 4.411910e-35
6589.060000 nan 4.370017e-35
6591.060000 nan 4.345839e-35
6593.060000 nan 4.361416e-35
6595.060000 nan 4.463629e-35
6597.060000 nan 4.568640e-35
6599.060000 nan 4.626951e-35
6601.060000 nan 4.597356e-35
6603.060000 nan 4.565812e-35
6605.060000 nan 4.523412e-35
6607.060000 nan 4.466370e-35
6609.060000 nan 4.410203e-35
6611.060000 nan 4.353122e-35
6613.060000 nan 4.297004e-35
6615.060000 nan 4.317228e-35
6617.060000 nan 4.309362e-35
6619.060000 nan 4.284505e-35
6621.060000 nan 4.308041e-35
6623.060000 nan 4.300396e-35
6625.060000 nan 4.284432e-35
6627.060000 nan 4.319044e-35
6629.060000 nan 4.382571e-35
6631.060000 nan 4.429219e-35
6633.060000 nan 4.380580e-35
6635.060000 nan 4.307241e-35
6637.060000 nan 4.256497e-35
6639.060000 nan 4.274052e-35
6641.060000 nan 4.317111e-35
6643.060000 nan 4.335759e-35
6645.060000 nan 4.305624e-35
6647.060000 nan 4.294051e-35
6649.060000 nan 4.287511e-35
6651.060000 nan 4.284959e-35
6653.060000 nan 4.279361e-35
6655.060000 nan 4.266658e-35
6657.060000 nan 4.248717e-35
6659.060000 nan 4.257275e-35
6661.060000 nan 4.273937e-35
6663.060000 nan 4.296880e-35
6665.060000 nan 4.323725e-35
6667.060000 nan 4.315473e-35
6669.060000 nan 4.281104e-35
6671.060000 nan 4.214213e-35
6673.060000 nan 4.137846e-35
6675.060000 nan 4.085074e-35
6677.060000 nan 4.109686e-35
6679.060000 nan 4.129066e-35
6681.060000 nan 4.134395e-35
6683.060000 nan 4.113938e-35
6685.060000 nan 4.126895e-35
6687.060000 nan 4.111171e-35
6689.060000 nan 4.044604e-35
6691.060000 nan 4.013188e-35
6693.060000 nan 4.026474e-35
6695.060000 nan 4.087194e-35
6697.060000 nan 4.104510e-35
6699.060000 nan 4.097578e-35
6701.060000 nan 4.072778e-35
6703.060000 nan 4.082350e-35
6705.060000 nan 4.083446e-35
6707.060000 nan 4.079218e-35
6709.060000 nan 4.075559e-35
6711.060000 nan 4.045433e-35
6713.060000 nan 4.024238e-35
6715.060000 nan 4.081133e-35
6717.060000 nan 4.136951e-35
6719.060000 nan 4.157249e-35
6721.060000 nan 4.089338e-35
6723.060000 nan 4.041097e-35
6725.060000 nan 3.999416e-35
6727.060000 nan 3.961804e-35
6729.060000 nan 3.954606e-35
6731.060000 nan 3.947740e-35
6733.060000 nan 3.936236e-35
6735.060000 nan 3.927284e-35
6737.060000 nan 3.888238e-35
6739.060000 nan 3.821088e-35
6741.060000 nan 3.841437e-35
6743.060000 nan 3.861126e-35
6745.060000 nan 3.875985e-35
6747.060000 nan 3.851926e-35
6749.060000 nan 3.860978e-35
6751.060000 nan 3.894289e-35
6753.060000 nan 3.953119e-35
6755.060000 nan 3.985190e-35
6757.060000 nan 4.006039e-35
6759.060000 nan 4.026806e-35
6761.060000 nan 3.996585e-35
6763.060000 nan 3.962831e-35
6765.060000 nan 3.954158e-35
6767.060000 nan 3.919621e-35
6769.060000 nan 3.908618e-35
6771.060000 nan 3.943750e-35
6773.060000 nan 3.933655e-35
6775.060000 nan 3.970067e-35
6777.060000 nan 4.068454e-35
6779.060000 nan 4.101600e-35
6781.060000 nan 4.095468e-35
6783.060000 nan 4.056645e-35
6785.060000 nan 4.063311e-35
6787.060000 nan 4.057313e-35
6789.060000 nan 4.034079e-35
6791.060000 nan 3.951789e-35
6793.060000 nan 3.884335e-35
6795.060000 nan 3.833162e-35
6797.060000 nan 3.817656e-35
6799.060000 nan 3.818913e-35
6801.060000 nan 3.827925e-35
6803.060000 nan 3.841253e-35
6805.060000 nan 3.834447e-35
6807.060000 nan 3.822242e-35
6809.060000 nan 3.809311e-35
6811.060000 nan 3.820070e-35
6813.060000 nan 3.832401e-35
6815.060000 nan 3.841842e-35
6817.060000 nan 3.820528e-35
6819.060000 nan 3.828243e-35
6821.060000 nan 3.871680e-35
6823.060000 nan 4.060468e-35
6825.060000 nan 4.306609e-35
6827.060000 nan 4.600309e-35
6829.060000 nan 4.890294e-35
6831.060000 nan 5.049923e-35
6833.060000 nan 5.100139e-35
6835.060000 nan 4.992782e-35
6837.060000 nan 4.785036e-35
6839.060000 nan 4.540965e-35
6841.060000 nan 4.331781e-35
6843.060000 nan 4.170984e-35
6845.060000 nan 4.038394e-35
6847.060000 nan 3.936423e-35
6849.060000 nan 3.904640e-35
6851.060000 nan 3.887760e-35
6853.060000 nan 3.870907e-35
6855.060000 nan 3.967348e-35
6857.060000 nan 4.135005e-35
6859.060000 nan 4.379445e-35
6861.060000 nan 4.736790e-35
6863.060000 nan 4.940733e-35
6865.060000 nan 4.973154e-35
6867.060000 nan 4.618904e-35
6869.060000 nan 4.249889e-35
6871.060000 nan 3.890194e-35
6873.060000 nan 3.704873e-35
6875.060000 nan 3.672017e-35
6877.060000 nan 3.770363e-35
6879.060000 nan 4.082933e-35
6881.060000 nan 4.255746e-35
6883.060000 nan 4.384757e-35
6885.060000 nan 4.554697e-35
6887.060000 nan 4.725409e-35
6889.060000 nan 4.837867e-35
6891.060000 nan 4.823171e-35
6893.060000 nan 4.733976e-35
6895.060000 nan 4.650138e-35
6897.060000 nan 4.595855e-35
6899.060000 nan 4.661029e-35
6901.060000 nan 4.676456e-35
6903.060000 nan 4.619855e-35
6905.060000 nan 4.468652e-35
6907.060000 nan 4.414519e-35
6909.060000 nan 4.456169e-35
6911.060000 nan 4.608962e-35
6913.060000 nan 4.723674e-35
6915.060000 nan 4.801440e-35
6917.060000 nan 4.805414e-35
6919.060000 nan 4.914575e-35
6921.060000 nan 5.080901e-35
6923.060000 nan 5.263926e-35
6925.060000 nan 5.188866e-35
6927.060000 nan 5.005490e-35
6929.060000 nan 4.780839e-35
6931.060000 nan 4.689145e-35
6933.060000 nan 4.664220e-35
6935.060000 nan 4.706385e-35
6937.060000 nan 4.827628e-35
6939.060000 nan 4.921246e-35
6941.060000 nan 4.958856e-35
6943.060000 nan 5.091401e-35
6945.060000 nan 5.254868e-35
6947.060000 nan 5.443851e-35
6949.060000 nan 5.501793e-35
6951.060000 nan 5.443194e-35
6953.060000 nan 5.281485e-35
6955.060000 nan 5.036242e-35
6957.060000 nan 4.878073e-35
6959.060000 nan 4.785488e-35
6961.060000 nan 4.759512e-35
6963.060000 nan 4.788088e-35
6965.060000 nan 4.854264e-35
6967.060000 nan 4.965528e-35
6969.060000 nan 5.063067e-35
6971.060000 nan 5.131296e-35
6973.060000 nan 5.139835e-35
6975.060000 nan 5.174078e-35
6977.060000 nan 5.233152e-35
6979.060000 nan 5.326267e-35
6981.060000 nan 5.258242e-35
6983.060000 nan 5.111268e-35
6985.060000 nan 4.885004e-35
6987.060000 nan 4.744768e-35
6989.060000 nan 4.631409e-35
6991.060000 nan 4.544324e-35
6993.060000 nan 4.518108e-35
6995.060000 nan 4.509661e-35
6997.060000 nan 4.522636e-35
6999.060000 nan 4.602680e-35
7001.060000 nan 4.694694e-35
7003.060000 nan 4.790812e-35
7005.060000 nan 4.875604e-35
7007.060000 nan 4.906757e-35
7009.060000 nan 4.914092e-35
7011.060000 nan 4.914123e-35
7013.060000 nan 4.869930e-35
7015.060000 nan 4.786357e-35
7017.060000 nan 4.644840e-35
7019.060000 nan 4.563742e-35
7021.060000 nan 4.531406e-35
7023.060000 nan 4.559312e-35
7025.060000 nan 4.620005e-35
7027.060000 nan 4.660815e-35
7029.060000 nan 4.675164e-35
7031.060000 nan 4.721393e-35
7033.060000 nan 4.736997e-35
7035.060000 nan 4.726443e-35
7037.060000 nan 4.732317e-35
7039.060000 nan 4.788157e-35
7041.060000 nan 4.883407e-35
7043.060000 nan 5.017731e-35
7045.060000 nan 5.116790e-35
7047.060000 nan 5.178703e-35
7049.060000 nan 5.163916e-35
7051.060000 nan 5.076351e-35
7053.060000 nan 4.937422e-35
7055.060000 nan 4.730495e-35
7057.060000 nan 4.666687e-35
7059.060000 nan 4.683197e-35
7061.060000 nan 4.788461e-35
7063.060000 nan 4.864637e-35
7065.060000 nan 4.920665e-35
7067.060000 nan 4.953883e-35
7069.060000 nan 4.957034e-35
7071.060000 nan 4.982515e-35
7073.060000 nan 5.033151e-35
7075.060000 nan 5.072159e-35
7077.060000 nan 5.085346e-35
7079.060000 nan 5.078278e-35
7081.060000 nan 5.075724e-35
7083.060000 nan 5.111222e-35
7085.060000 nan 5.173453e-35
7087.060000 nan 5.256170e-35
7089.060000 nan 5.308994e-35
7091.060000 nan 5.345078e-35
7093.060000 nan 5.369034e-35
7095.060000 nan 5.386206e-35
7097.060000 nan 5.402750e-35
7099.060000 nan 5.422687e-35
7101.060000 nan 5.533698e-35
7103.060000 nan 5.654630e-35
7105.060000 nan 5.761809e-35
7107.060000 nan 5.879272e-35
7109.060000 nan 6.015524e-35
7111.060000 nan 6.174315e-35
7113.060000 nan 6.395603e-35
7115.060000 nan 6.612472e-35
7117.060000 nan 6.819803e-35
7119.060000 nan 6.947463e-35
7121.060000 nan 7.061353e-35
7123.060000 nan 7.163864e-35
7125.060000 nan 7.255524e-35
7127.060000 nan 7.384529e-35
7129.060000 nan 7.544187e-35
7131.060000 nan 7.750293e-35
7133.060000 nan 7.876322e-35
7135.060000 nan 7.963896e-35
7137.060000 nan 8.030103e-35
7139.060000 nan 8.161692e-35
7141.060000 nan 8.331406e-35
7143.060000 nan 8.544206e-35
7145.060000 nan 8.651569e-35
7147.060000 nan 8.730051e-35
7149.060000 nan 8.790586e-35
7151.060000 nan 8.886399e-35
7153.060000 nan 9.049508e-35
7155.060000 nan 9.286988e-35
7157.060000 nan 9.632512e-35
7159.060000 nan 9.966218e-35
7161.060000 nan 1.026849e-34
7163.060000 nan 1.028961e-34
7165.060000 nan 1.023324e-34
7167.060000 nan 1.013325e-34
7169.060000 nan 1.007599e-34
7171.060000 nan 1.011058e-34
7173.060000 nan 1.021823e-34
7175.060000 nan 1.043433e-34
7177.060000 nan 1.051886e-34
7179.060000 nan 1.042636e-34
7181.060000 nan 9.994405e-35
7183.060000 nan 9.431081e-35
7185.060000 nan 8.922386e-35
7187.060000 nan 8.570524e-35
7189.060000 nan 8.534261e-35
7191.060000 nan 8.706863e-35
7193.060000 nan 9.111268e-35
7195.060000 nan 9.560821e-35
7197.060000 nan 1.006864e-34
7199.060000 nan 1.061923e-34
7201.060000 nan 1.055838e-34
7203.060000 nan 1.019778e-34
7205.060000 nan 9.596109e-35
7207.060000 nan 8.941742e-35
7209.060000 nan 8.444484e-35
7211.060000 nan 8.068035e-35
7213.060000 nan 7.836010e-35
7215.060000 nan 7.702457e-35
7217.060000 nan 7.615089e-35
7219.060000 nan 7.540684e-35
7221.060000 nan 7.449989e-35
7223.060000 nan 7.356447e-35
7225.060000 nan 7.267505e-35
7227.060000 nan 7.190348e-35
7229.060000 nan 7.147423e-35
7231.060000 nan 7.157810e-35
7233.060000 nan 7.329090e-35
7235.060000 nan 7.738042e-35
7237.060000 nan 8.423569e-35
7239.060000 nan 9.352943e-35
7241.060000 nan 1.000659e-34
7243.060000 nan 1.035525e-34
7245.060000 nan 9.932128e-35
7247.060000 nan 9.199125e-35
7249.060000 nan 8.253671e-35
7251.060000 nan 7.362314e-35
7253.060000 nan 6.743743e-35
7255.060000 nan 6.305798e-35
7257.060000 nan 6.025345e-35
7259.060000 nan 5.700943e-35
7261.060000 nan 5.400753e-35
7263.060000 nan 5.216924e-35
7265.060000 nan 5.262949e-35
7267.060000 nan 5.423593e-35
7269.060000 nan 5.696610e-35
7271.060000 nan 6.296958e-35
7273.060000 nan 7.067718e-35
7275.060000 nan 8.017465e-35
7277.060000 nan 8.376866e-35
7279.060000 nan 8.298224e-35
7281.060000 nan 7.771295e-35
7283.060000 nan 7.124483e-35
7285.060000 nan 6.616542e-35
7287.060000 nan 6.223803e-35
7289.060000 nan 5.792893e-35
7291.060000 nan 5.525621e-35
7293.060000 nan 5.385975e-35
7295.060000 nan 5.381981e-35
7297.060000 nan 5.414912e-35
7299.060000 nan 5.467009e-35
7301.060000 nan 5.525643e-35
7303.060000 nan 5.571188e-35
7305.060000 nan 5.597216e-35
7307.060000 nan 5.585228e-35
7309.060000 nan 5.665051e-35
7311.060000 nan 5.923862e-35
7313.060000 nan 6.471257e-35
7315.060000 nan 7.063114e-35
7317.060000 nan 7.311131e-35
7319.060000 nan 7.086518e-35
7321.060000 nan 6.370361e-35
7323.060000 nan 5.833598e-35
7325.060000 nan 5.520167e-35
7327.060000 nan 5.834619e-35
7329.060000 nan 6.096271e-35
7331.060000 nan 6.303654e-35
7333.060000 nan 6.388483e-35
7335.060000 nan 6.712539e-35
7337.060000 nan 7.279299e-35
7339.060000 nan 8.359665e-35
7341.060000 nan 9.060714e-35
7343.060000 nan 9.289111e-35
7345.060000 nan 8.523394e-35
7347.060000 nan 7.605559e-35
7349.060000 nan 6.804108e-35
7351.060000 nan 6.360007e-35
7353.060000 nan 6.344506e-35
7355.060000 nan 6.571288e-35
7357.060000 nan 7.065100e-35
7359.060000 nan 7.351675e-35
7361.060000 nan 7.437321e-35
7363.060000 nan 7.300919e-35
7365.060000 nan 7.436047e-35
7367.060000 nan 7.724805e-35
7369.060000 nan 8.113008e-35
7371.060000 nan 7.838825e-35
7373.060000 nan 7.156656e-35
7375.060000 nan 6.221777e-35
7377.060000 nan 5.502539e-35
7379.060000 nan 5.133600e-35
7381.060000 nan 4.974204e-35
7383.060000 nan 4.934884e-35
7385.060000 nan 4.969325e-35
7387.060000 nan 5.090083e-35
7389.060000 nan 5.374582e-35
7391.060000 nan 5.671589e-35
7393.060000 nan 5.872420e-35
7395.060000 nan 5.876124e-35
7397.060000 nan 5.946228e-35
7399.060000 nan 6.131965e-35
7401.060000 nan 6.473006e-35
7403.060000 nan 6.450708e-35
7405.060000 nan 6.169065e-35
7407.060000 nan 5.627363e-35
7409.060000 nan 5.179908e-35
7411.060000 nan 4.867979e-35
7413.060000 nan 4.684669e-35
7415.060000 nan 4.679300e-35
7417.060000 nan 4.672000e-35
7419.060000 nan 4.658487e-35
7421.060000 nan 4.616610e-35
7423.060000 nan 4.635996e-35
7425.060000 nan 4.711127e-35
7427.060000 nan 4.884022e-35
7429.060000 nan 5.045507e-35
7431.060000 nan 5.162757e-35
7433.060000 nan 5.180773e-35
7435.060000 nan 5.301477e-35
7437.060000 nan 5.447565e-35
7439.060000 nan 5.600057e-35
7441.060000 nan 5.447306e-35
7443.060000 nan 5.221258e-35
7445.060000 nan 4.945519e-35
7447.060000 nan 4.777795e-35
7449.060000 nan 4.682493e-35
7451.060000 nan 4.657982e-35
7453.060000 nan 4.696582e-35
7455.060000 nan 4.757652e-35
7457.060000 nan 4.829953e-35
7459.060000 nan 4.853488e-35
7461.060000 nan 4.993884e-35
7463.060000 nan 5.188337e-35
7465.060000 nan 5.327735e-35
7467.060000 nan 5.528852e-35
7469.060000 nan 5.732113e-35
7471.060000 nan 5.864297e-35
7473.060000 nan 5.903116e-35
7475.060000 nan 5.918480e-35
7477.060000 nan 5.940104e-35
7479.060000 nan 5.974898e-35
7481.060000 nan 5.984877e-35
7483.060000 nan 5.951502e-35
7485.060000 nan 5.763455e-35
7487.060000 nan 5.506349e-35
7489.060000 nan 5.182633e-35
7491.060000 nan 4.986431e-35
7493.060000 nan 4.928177e-35
7495.060000 nan 4.986173e-35
7497.060000 nan 4.928322e-35
7499.060000 nan 4.850987e-35
7501.060000 nan 4.764379e-35
7503.060000 nan 4.704461e-35
7505.060000 nan 4.705880e-35
7507.060000 nan 4.724171e-35
7509.060000 nan 4.686360e-35
7511.060000 nan 4.725018e-35
7513.060000 nan 4.809421e-35
7515.060000 nan 4.942957e-35
7517.060000 nan 5.250559e-35
7519.060000 nan 5.633085e-35
7521.060000 nan 6.079204e-35
7523.060000 nan 6.505444e-35
7525.060000 nan 6.684453e-35
7527.060000 nan 6.511775e-35
7529.060000 nan 6.064278e-35
7531.060000 nan 5.681852e-35
7533.060000 nan 5.387643e-35
7535.060000 nan 5.119413e-35
7537.060000 nan 4.962921e-35
7539.060000 nan 4.905492e-35
7541.060000 nan 4.930330e-35
7543.060000 nan 4.903337e-35
7545.060000 nan 4.839627e-35
7547.060000 nan 4.748935e-35
7549.060000 nan 4.770303e-35
7551.060000 nan 4.850533e-35
7553.060000 nan 4.960100e-35
7555.060000 nan 5.032780e-35
7557.060000 nan 5.079019e-35
7559.060000 nan 5.089904e-35
7561.060000 nan 5.061561e-35
7563.060000 nan 5.039629e-35
7565.060000 nan 5.042828e-35
7567.060000 nan 5.227088e-35
7569.060000 nan 5.510226e-35
7571.060000 nan 5.895660e-35
7573.060000 nan 5.953786e-35
7575.060000 nan 5.761995e-35
7577.060000 nan 5.337830e-35
7579.060000 nan 4.977818e-35
7581.060000 nan 4.840914e-35
7583.060000 nan 4.870440e-35
7585.060000 nan 4.912281e-35
7587.060000 nan 4.840495e-35
7589.060000 nan 4.671922e-35
7591.060000 nan 4.347329e-35
7593.060000 nan 4.016392e-35
7595.060000 nan 3.705009e-35
7597.060000 nan 3.459876e-35
7599.060000 nan 3.244586e-35
7601.060000 nan 3.008949e-35
7603.060000 nan 2.712705e-35
7605.060000 nan 2.569639e-35
7607.060000 nan 2.502863e-35
7609.060000 nan 2.514783e-35
7611.060000 nan 2.643755e-35
7613.060000 nan 2.840757e-35
7615.060000 nan 3.106481e-35
7617.060000 nan 3.457518e-35
7619.060000 nan 3.676229e-35
7621.060000 nan 3.763932e-35
7623.060000 nan 3.660581e-35
7625.060000 nan 3.611567e-35
7627.060000 nan 3.600830e-35
7629.060000 nan 3.603231e-35
7631.060000 nan 3.508320e-35
7633.060000 nan 3.354847e-35
7635.060000 nan 3.160143e-35
7637.060000 nan 3.126023e-35
7639.060000 nan 3.159516e-35
7641.060000 nan 3.222513e-35
7643.060000 nan 3.391046e-35
7645.060000 nan 3.563594e-35
7647.060000 nan 3.696767e-35
7649.060000 nan 3.830817e-35
7651.060000 nan 3.951109e-35
7653.060000 nan 4.051838e-35
7655.060000 nan 4.060246e-35
7657.060000 nan 4.192998e-35
7659.060000 nan 4.461144e-35
7661.060000 nan 4.641072e-35
7663.060000 nan 4.697461e-35
7665.060000 nan 4.643794e-35
7667.060000 nan 4.478875e-35
7669.060000 nan 4.380136e-35
7671.060000 nan 4.335674e-35
7673.060000 nan 4.367701e-35
7675.060000 nan 4.463726e-35
7677.060000 nan 4.585229e-35
7679.060000 nan 4.697996e-35
7681.060000 nan 4.830528e-35
7683.060000 nan 4.973874e-35
7685.060000 nan 5.128283e-35
7687.060000 nan 5.191387e-35
7689.060000 nan 5.247157e-35
7691.060000 nan 5.321160e-35
7693.060000 nan 5.383093e-35
7695.060000 nan 5.469622e-35
7697.060000 nan 5.589068e-35
7699.060000 nan 5.701073e-35
7701.060000 nan 5.782588e-35
7703.060000 nan 5.842495e-35
7705.060000 nan 6.061603e-35
7707.060000 nan 6.773063e-35
7709.060000 nan 7.926572e-35
7711.060000 nan 9.738207e-35
7713.060000 nan 1.131810e-34
7715.060000 nan 1.244748e-34
7717.060000 nan 1.214181e-34
7719.060000 nan 1.108605e-34
7721.060000 nan 9.749503e-35
7723.060000 nan 8.444884e-35
7725.060000 nan 7.773590e-35
7727.060000 nan 7.289613e-35
7729.060000 nan 6.845024e-35
7731.060000 nan 6.415356e-35
7733.060000 nan 6.139429e-35
7735.060000 nan 6.095258e-35
7737.060000 nan 6.156542e-35
7739.060000 nan 6.221034e-35
7741.060000 nan 6.280085e-35
7743.060000 nan 6.683104e-35
7745.060000 nan 7.606149e-35
7747.060000 nan 9.024184e-35
7749.060000 nan 1.101356e-34
7751.060000 nan 1.194356e-34
7753.060000 nan 1.192291e-34
7755.060000 nan 1.031127e-34
7757.060000 nan 9.179298e-35
7759.060000 nan 8.386041e-35
7761.060000 nan 7.998207e-35
7763.060000 nan 7.453234e-35
7765.060000 nan 6.861598e-35
7767.060000 nan 6.288274e-35
7769.060000 nan 6.224929e-35
7771.060000 nan 6.309480e-35
7773.060000 nan 6.453711e-35
7775.060000 nan 6.599163e-35
7777.060000 nan 6.744249e-35
7779.060000 nan 6.888610e-35
7781.060000 nan 6.996639e-35
7783.060000 nan 6.950481e-35
7785.060000 nan 6.753372e-35
7787.060000 nan 6.858409e-35
7789.060000 nan 7.386219e-35
7791.060000 nan 8.278062e-35
7793.060000 nan 9.473349e-35
7795.060000 nan 9.764603e-35
7797.060000 nan 9.335928e-35
7799.060000 nan 7.950856e-35
7801.060000 nan 6.998935e-35
7803.060000 nan 6.494839e-35
7805.060000 nan 6.844253e-35
7807.060000 nan 7.256920e-35
7809.060000 nan 7.551444e-35
7811.060000 nan 7.533704e-35
7813.060000 nan 7.282006e-35
7815.060000 nan 7.315614e-35
7817.060000 nan 7.899002e-35
7819.060000 nan 9.417264e-35
7821.060000 nan 1.051241e-34
7823.060000 nan 1.096452e-34
7825.060000 nan 9.469364e-35
7827.060000 nan 7.881405e-35
7829.060000 nan 6.302655e-35
7831.060000 nan 5.848238e-35
7833.060000 nan 5.688967e-35
7835.060000 nan 5.768842e-35
7837.060000 nan 6.067018e-35
7839.060000 nan 6.575523e-35
7841.060000 nan 7.116816e-35
7843.060000 nan 7.325597e-35
7845.060000 nan 7.367952e-35
7847.060000 nan 7.617393e-35
7849.060000 nan 8.635905e-35
7851.060000 nan 1.035158e-34
7853.060000 nan 1.179452e-34
7855.060000 nan 1.231876e-34
7857.060000 nan 1.132375e-34
7859.060000 nan 1.012568e-34
7861.060000 nan 8.978655e-35
7863.060000 nan 8.271196e-35
7865.060000 nan 7.936164e-35
7867.060000 nan 7.988734e-35
7869.060000 nan 8.457661e-35
7871.060000 nan 8.538337e-35
7873.060000 nan 8.269846e-35
7875.060000 nan 7.773997e-35
7877.060000 nan 7.683287e-35
7879.060000 nan 7.862898e-35
7881.060000 nan 8.109129e-35
7883.060000 nan 8.115945e-35
7885.060000 nan 8.092015e-35
7887.060000 nan 8.367182e-35
7889.060000 nan 8.674705e-35
7891.060000 nan 8.725109e-35
7893.060000 nan 8.103400e-35
7895.060000 nan 7.215331e-35
7897.060000 nan 6.430351e-35
7899.060000 nan 5.938904e-35
7901.060000 nan 5.807007e-35
7903.060000 nan 5.855500e-35
7905.060000 nan 6.087925e-35
7907.060000 nan 6.790452e-35
7909.060000 nan 8.039015e-35
7911.060000 nan 9.825585e-35
7913.060000 nan 1.164209e-34
7915.060000 nan 1.231721e-34
7917.060000 nan 1.202746e-34
7919.060000 nan 1.096277e-34
7921.060000 nan 1.012341e-34
7923.060000 nan 9.409439e-35
7925.060000 nan 8.675212e-35
7927.060000 nan 8.221158e-35
7929.060000 nan 8.033441e-35
7931.060000 nan 8.317880e-35
7933.060000 nan 8.155595e-35
7935.060000 nan 7.700212e-35
7937.060000 nan 6.881121e-35
7939.060000 nan 6.455978e-35
7941.060000 nan 6.278801e-35
7943.060000 nan 6.388296e-35
7945.060000 nan 6.693549e-35
7947.060000 nan 7.102981e-35
7949.060000 nan 7.617515e-35
7951.060000 nan 7.459782e-35
7953.060000 nan 7.100996e-35
7955.060000 nan 6.599044e-35
7957.060000 nan 6.663600e-35
7959.060000 nan 7.282343e-35
7961.060000 nan 8.380316e-35
7963.060000 nan 1.013710e-34
7965.060000 nan 1.100497e-34
7967.060000 nan 1.104973e-34
7969.060000 nan 9.586953e-35
7971.060000 nan 8.341294e-35
7973.060000 nan 7.524279e-35
7975.060000 nan 7.673419e-35
7977.060000 nan 8.247740e-35
7979.060000 nan 8.674864e-35
7981.060000 nan 8.598787e-35
7983.060000 nan 8.067579e-35
7985.060000 nan 7.643981e-35
7987.060000 nan 7.478391e-35
7989.060000 nan 8.622573e-35
7991.060000 nan 1.008521e-34
7993.060000 nan 1.178856e-34
7995.060000 nan 1.162624e-34
7997.060000 nan 1.047722e-34
7999.060000 nan 8.565640e-35
8001.060000 nan 7.357580e-35
8003.060000 nan 6.799575e-35
8005.060000 nan 6.654526e-35
8007.060000 nan 6.543541e-35
8009.060000 nan 6.738560e-35
8011.060000 nan 7.145697e-35
8013.060000 nan 7.805986e-35
8015.060000 nan 8.099171e-35
8017.060000 nan 8.165580e-35
8019.060000 nan 7.968436e-35
8021.060000 nan 8.378547e-35
8023.060000 nan 9.181866e-35
8025.060000 nan 1.045522e-34
8027.060000 nan 1.052887e-34
8029.060000 nan 9.851216e-35
8031.060000 nan 8.364223e-35
8033.060000 nan 7.315835e-35
8035.060000 nan 6.659080e-35
8037.060000 nan 6.383593e-35
8039.060000 nan 6.260864e-35
8041.060000 nan 6.160890e-35
8043.060000 nan 6.090721e-35
8045.060000 nan 6.128299e-35
8047.060000 nan 6.286851e-35
8049.060000 nan 6.544300e-35
8051.060000 nan 6.947179e-35
8053.060000 nan 7.163909e-35
8055.060000 nan 7.273617e-35
8057.060000 nan 7.287827e-35
8059.060000 nan 7.674154e-35
8061.060000 nan 8.108404e-35
8063.060000 nan 8.418630e-35
8065.060000 nan 7.938566e-35
8067.060000 nan 7.297872e-35
8069.060000 nan 6.623367e-35
8071.060000 nan 6.371252e-35
8073.060000 nan 6.264511e-35
8075.060000 nan 6.287902e-35
8077.060000 nan 6.279801e-35
8079.060000 nan 6.284430e-35
8081.060000 nan 6.299068e-35
8083.060000 nan 6.285547e-35
8085.060000 nan 6.299423e-35
8087.060000 nan 6.332455e-35
8089.060000 nan 6.368892e-35
8091.060000 nan 6.497736e-35
8093.060000 nan 6.641271e-35
8095.060000 nan 6.657365e-35
8097.060000 nan 6.757315e-35
8099.060000 nan 6.908726e-35
8101.060000 nan 7.117531e-35
8103.060000 nan 7.191388e-35
8105.060000 nan 7.104086e-35
8107.060000 nan 6.767400e-35
8109.060000 nan 6.421616e-35
8111.060000 nan 6.186021e-35
8113.060000 nan 6.110860e-35
8115.060000 nan 6.025030e-35
8117.060000 nan 6.015123e-35
8119.060000 nan 6.088509e-35
8121.060000 nan 6.186216e-35
8123.060000 nan 6.184093e-35
8125.060000 nan 6.099957e-35
8127.060000 nan 6.012235e-35
8129.060000 nan 5.952830e-35
8131.060000 nan 5.920637e-35
8133.060000 nan 5.942166e-35
8135.060000 nan 6.066124e-35
8137.060000 nan 6.214091e-35
8139.060000 nan 6.286240e-35
8141.060000 nan 6.249541e-35
8143.060000 nan 6.202745e-35
8145.060000 nan 6.213961e-35
8147.060000 nan 6.213703e-35
8149.060000 nan 6.201698e-35
8151.060000 nan 6.173345e-35
8153.060000 nan 5.933709e-35
8155.060000 nan 5.765053e-35
8157.060000 nan 5.719082e-35
8159.060000 nan 5.633796e-35
8161.060000 nan 5.564485e-35
8163.060000 nan 5.516232e-35
8165.060000 nan 5.568955e-35
8167.060000 nan 5.645908e-35
8169.060000 nan 5.728061e-35
8171.060000 nan 5.707388e-35
8173.060000 nan 5.711869e-35
8175.060000 nan 5.712786e-35
8177.060000 nan 5.634406e-35
8179.060000 nan 5.612290e-35
8181.060000 nan 5.646427e-35
8183.060000 nan 5.782046e-35
8185.060000 nan 5.944588e-35
8187.060000 nan 6.071794e-35
8189.060000 nan 6.108240e-35
8191.060000 nan 6.051577e-35
8193.060000 nan 5.997403e-35
8195.060000 nan 5.971821e-35
8197.060000 nan 6.013316e-35
8199.060000 nan 6.046454e-35
8201.060000 nan 6.063397e-35
8203.060000 nan 6.099448e-35
8205.060000 nan 6.144763e-35
8207.060000 nan 6.191850e-35
8209.060000 nan 6.147477e-35
8211.060000 nan 6.106770e-35
8213.060000 nan 6.077156e-35
8215.060000 nan 6.102960e-35
8217.060000 nan 6.184371e-35
8219.060000 nan 6.216990e-35
8221.060000 nan 5.954174e-35
8223.060000 nan 5.846628e-35
8225.060000 nan 5.774337e-35
8227.060000 nan 5.651166e-35
8229.060000 nan 5.565064e-35
8231.060000 nan 5.589450e-35
8233.060000 nan 5.807096e-35
8235.060000 nan 6.010030e-35
8237.060000 nan 6.130227e-35
8239.060000 nan 6.136619e-35
8241.060000 nan 6.217440e-35
8243.060000 nan 6.318976e-35
8245.060000 nan 6.438986e-35
8247.060000 nan 6.590297e-35
8249.060000 nan 6.695284e-35
8251.060000 nan 6.730025e-35
8253.060000 nan 6.430058e-35
8255.060000 nan 6.277293e-35
8257.060000 nan 6.218243e-35
8259.060000 nan 6.187511e-35
8261.060000 nan 6.180267e-35
8263.060000 nan 6.206892e-35
8265.060000 nan 6.312396e-35
8267.060000 nan 6.385052e-35
8269.060000 nan 6.515855e-35
8271.060000 nan 6.805881e-35
8273.060000 nan 7.335361e-35
8275.060000 nan 8.172501e-35
8277.060000 nan 9.452925e-35
8279.060000 nan 1.104452e-34
8281.060000 nan 1.231553e-34
8283.060000 nan 1.313697e-34
8285.060000 nan 1.355819e-34
8287.060000 nan 1.377271e-34
8289.060000 nan 1.375857e-34
8291.060000 nan 1.289722e-34
8293.060000 nan 1.233093e-34
8295.060000 nan 1.216354e-34
8297.060000 nan 1.342170e-34
8299.060000 nan 1.366540e-34
8301.060000 nan 1.303979e-34
8303.060000 nan 1.099091e-34
8305.060000 nan 9.406493e-35
8307.060000 nan 8.383427e-35
8309.060000 nan 8.472663e-35
8311.060000 nan 8.634911e-35
8313.060000 nan 8.591113e-35
8315.060000 nan 8.079063e-35
8317.060000 nan 7.506064e-35
8319.060000 nan 7.052611e-35
8321.060000 nan 6.797458e-35
8323.060000 nan 6.751220e-35
8325.060000 nan 6.759604e-35
8327.060000 nan 6.812741e-35
8329.060000 nan 6.763244e-35
8331.060000 nan 6.834541e-35
8333.060000 nan 7.038764e-35
8335.060000 nan 7.614168e-35
8337.060000 nan 8.873363e-35
8339.060000 nan 1.093989e-34
8341.060000 nan 1.522330e-34
8343.060000 nan 1.946099e-34
8345.060000 nan 2.253754e-34
8347.060000 nan 2.132871e-34
8349.060000 nan 1.835051e-34
8351.060000 nan 1.534080e-34
8353.060000 nan 1.380735e-34
8355.060000 nan 1.224931e-34
8357.060000 nan 1.067056e-34
8359.060000 nan 9.063730e-35
8361.060000 nan 8.840573e-35
8363.060000 nan 9.088711e-35
8365.060000 nan 9.739390e-35
8367.060000 nan 9.388839e-35
8369.060000 nan 8.737320e-35
8371.060000 nan 7.837657e-35
8373.060000 nan 7.562218e-35
8375.060000 nan 7.592151e-35
8377.060000 nan 7.932490e-35
8379.060000 nan 8.944155e-35
8381.060000 nan 9.882086e-35
8383.060000 nan 1.054531e-34
8385.060000 nan 1.003752e-34
8387.060000 nan 9.173428e-35
8389.060000 nan 8.389916e-35
8391.060000 nan 8.365785e-35
8393.060000 nan 9.637500e-35
8395.060000 nan 1.196820e-34
8397.060000 nan 1.583000e-34
8399.060000 nan 1.811783e-34
8401.060000 nan 1.831794e-34
8403.060000 nan 1.553816e-34
8405.060000 nan 1.196539e-34
8407.060000 nan 9.575932e-35
8409.060000 nan 8.760117e-35
8411.060000 nan 9.778195e-35
8413.060000 nan 1.095787e-34
8415.060000 nan 1.216510e-34
8417.060000 nan 1.167411e-34
8419.060000 nan 1.073266e-34
8421.060000 nan 9.659234e-35
8423.060000 nan 9.961487e-35
8425.060000 nan 1.203031e-34
8427.060000 nan 1.527990e-34
8429.060000 nan 1.959648e-34
8431.060000 nan 2.057409e-34
8433.060000 nan 1.909531e-34
8435.060000 nan 1.422994e-34
8437.060000 nan 1.071547e-34
8439.060000 nan 8.350991e-35
8441.060000 nan 7.614065e-35
8443.060000 nan 7.571490e-35
8445.060000 nan 7.831128e-35
8447.060000 nan 8.381535e-35
8449.060000 nan 9.860999e-35
8451.060000 nan 1.111437e-34
8453.060000 nan 1.203139e-34
8455.060000 nan 1.124355e-34
8457.060000 nan 1.051244e-34
8459.060000 nan 1.001458e-34
8461.060000 nan 1.179762e-34
8463.060000 nan 1.417706e-34
8465.060000 nan 1.648580e-34
8467.060000 nan 1.612930e-34
8469.060000 nan 1.393415e-34
8471.060000 nan 1.111798e-34
8473.060000 nan 9.193556e-35
8475.060000 nan 8.277415e-35
8477.060000 nan 7.751142e-35
8479.060000 nan 7.359772e-35
8481.060000 nan 7.229368e-35
8483.060000 nan 7.234153e-35
8485.060000 nan 7.380481e-35
8487.060000 nan 7.786300e-35
8489.060000 nan 8.440501e-35
8491.060000 nan 9.387358e-35
8493.060000 nan 1.025434e-34
8495.060000 nan 1.054636e-34
8497.060000 nan 1.025804e-34
8499.060000 nan 1.006153e-34
8501.060000 nan 1.063961e-34
8503.060000 nan 1.178646e-34
8505.060000 nan 1.268501e-34
8507.060000 nan 1.213887e-34
8509.060000 nan 1.069251e-34
8511.060000 nan 8.905385e-35
8513.060000 nan 7.936368e-35
8515.060000 nan 7.444064e-35
8517.060000 nan 7.377305e-35
8519.060000 nan 7.407127e-35
8521.060000 nan 7.428393e-35
8523.060000 nan 7.368205e-35
8525.060000 nan 7.401127e-35
8527.060000 nan 7.422303e-35
8529.060000 nan 7.396449e-35
8531.060000 nan 7.714591e-35
8533.060000 nan 8.054813e-35
8535.060000 nan 8.382967e-35
8537.060000 nan 8.949095e-35
8539.060000 nan 9.274584e-35
8541.060000 nan 9.364290e-35
8543.060000 nan 9.276824e-35
8545.060000 nan 9.503379e-35
8547.060000 nan 9.959662e-35
8549.060000 nan 1.049652e-34
8551.060000 nan 1.043694e-34
8553.060000 nan 9.980943e-35
8555.060000 nan 9.156878e-35
8557.060000 nan 8.634495e-35
8559.060000 nan 8.230302e-35
8561.060000 nan 7.844435e-35
8563.060000 nan 7.685030e-35
8565.060000 nan 7.604713e-35
8567.060000 nan 7.569006e-35
8569.060000 nan 7.583168e-35
8571.060000 nan 7.731906e-35
8573.060000 nan 8.067406e-35
8575.060000 nan 8.084897e-35
8577.060000 nan 8.041580e-35
8579.060000 nan 7.954505e-35
8581.060000 nan 7.968161e-35
8583.060000 nan 7.984867e-35
8585.060000 nan 8.021094e-35
8587.060000 nan 8.252514e-35
8589.060000 nan 8.363657e-35
8591.060000 nan 8.393351e-35
8593.060000 nan 8.388182e-35
8595.060000 nan 8.472795e-35
8597.060000 nan 8.556318e-35
8599.060000 nan 8.489602e-35
8601.060000 nan 8.303498e-35
8603.060000 nan 8.105577e-35
8605.060000 nan 7.973573e-35
8607.060000 nan 8.008633e-35
8609.060000 nan 8.187815e-35
8611.060000 nan 8.560215e-35
8613.060000 nan 9.142131e-35
8615.060000 nan 9.807754e-35
8617.060000 nan 1.055175e-34
8619.060000 nan 1.170267e-34
8621.060000 nan 1.291034e-34
8623.060000 nan 1.415399e-34
8625.060000 nan 1.523148e-34
8627.060000 nan 1.594175e-34
8629.060000 nan 1.630214e-34
8631.060000 nan 1.604158e-34
8633.060000 nan 1.551682e-34
8635.060000 nan 1.475944e-34
8637.060000 nan 1.360603e-34
8639.060000 nan 1.249267e-34
8641.060000 nan 1.152241e-34
8643.060000 nan 1.094275e-34
8645.060000 nan 1.100516e-34
8647.060000 nan 1.159655e-34
8649.060000 nan 1.294447e-34
8651.060000 nan 1.405109e-34
8653.060000 nan 1.493965e-34
8655.060000 nan 1.554789e-34
8657.060000 nan 1.588591e-34
8659.060000 nan 1.611403e-34
8661.060000 nan 1.623868e-34
8663.060000 nan 1.610297e-34
8665.060000 nan 1.570118e-34
8667.060000 nan 1.505143e-34
8669.060000 nan 1.425152e-34
8671.060000 nan 1.362714e-34
8673.060000 nan 1.311883e-34
8675.060000 nan 1.258759e-34
8677.060000 nan 1.193467e-34
8679.060000 nan 1.126025e-34
8681.060000 nan 1.074499e-34
8683.060000 nan 1.043519e-34
8685.060000 nan 1.016899e-34
8687.060000 nan 9.820342e-35
8689.060000 nan 9.284031e-35
8691.060000 nan 8.878537e-35
8693.060000 nan 8.815224e-35
8695.060000 nan 8.746649e-35
8697.060000 nan 8.734212e-35
8699.060000 nan 8.803642e-35
8701.060000 nan 8.725228e-35
8703.060000 nan 8.679138e-35
8705.060000 nan 8.677475e-35
8707.060000 nan 8.681372e-35
8709.060000 nan 8.577365e-35
8711.060000 nan 8.392248e-35
8713.060000 nan 8.284391e-35
8715.060000 nan 8.188868e-35
8717.060000 nan 8.120236e-35
8719.060000 nan 8.156984e-35
8721.060000 nan 8.242545e-35
8723.060000 nan 8.314619e-35
8725.060000 nan 8.264698e-35
8727.060000 nan 8.141226e-35
8729.060000 nan 8.077526e-35
8731.060000 nan 8.212181e-35
8733.060000 nan 8.312504e-35
8735.060000 nan 8.378098e-35
8737.060000 nan 8.395507e-35
8739.060000 nan 8.438518e-35
8741.060000 nan 8.384875e-35
8743.060000 nan 8.201998e-35
8745.060000 nan 8.107300e-35
8747.060000 nan 8.117946e-35
8749.060000 nan 8.238804e-35
8751.060000 nan 8.590661e-35
8753.060000 nan 9.548178e-35
8755.060000 nan 1.118789e-34
8757.060000 nan 1.472516e-34
8759.060000 nan 1.824906e-34
8761.060000 nan 2.150217e-34
8763.060000 nan 2.355519e-34
8765.060000 nan 2.466695e-34
8767.060000 nan 2.495818e-34
8769.060000 nan 2.391334e-34
8771.060000 nan 2.169109e-34
8773.060000 nan 2.015383e-34
8775.060000 nan 2.075746e-34
8777.060000 nan 2.261656e-34
8779.060000 nan 2.287754e-34
8781.060000 nan 2.030590e-34
8783.060000 nan 1.543983e-34
8785.060000 nan 1.202804e-34
8787.060000 nan 1.054181e-34
8789.060000 nan 1.134884e-34
8791.060000 nan 1.188676e-34
8793.060000 nan 1.207243e-34
8795.060000 nan 1.077089e-34
8797.060000 nan 9.510854e-35
8799.060000 nan 8.428315e-35
8801.060000 nan 8.305862e-35
8803.060000 nan 8.284042e-35
8805.060000 nan 8.337456e-35
8807.060000 nan 8.490409e-35
8809.060000 nan 8.563190e-35
8811.060000 nan 8.572242e-35
8813.060000 nan 8.487543e-35
8815.060000 nan 8.672917e-35
8817.060000 nan 9.350710e-35
8819.060000 nan 1.084311e-34
8821.060000 nan 1.533816e-34
8823.060000 nan 2.226862e-34
8825.060000 nan 3.205497e-34
8827.060000 nan 3.728278e-34
8829.060000 nan 3.701066e-34
8831.060000 nan 3.115405e-34
8833.060000 nan 2.534026e-34
8835.060000 nan 2.199196e-34
8837.060000 nan 2.052407e-34
8839.060000 nan 1.808093e-34
8841.060000 nan 1.499496e-34
8843.060000 nan 1.192605e-34
8845.060000 nan 1.097161e-34
8847.060000 nan 1.119521e-34
8849.060000 nan 1.175953e-34
8851.060000 nan 1.173376e-34
8853.060000 nan 1.090407e-34
8855.060000 nan 9.898058e-35
8857.060000 nan 9.056890e-35
8859.060000 nan 9.032868e-35
8861.060000 nan 9.663189e-35
8863.060000 nan 1.113272e-34
8865.060000 nan 1.380003e-34
8867.060000 nan 1.574437e-34
8869.060000 nan 1.660854e-34
8871.060000 nan 1.395584e-34
8873.060000 nan 1.151056e-34
8875.060000 nan 9.453540e-35
8877.060000 nan 9.567907e-35
8879.060000 nan 1.120493e-34
8881.060000 nan 1.436816e-34
8883.060000 nan 2.079138e-34
8885.060000 nan 2.588589e-34
8887.060000 nan 2.880997e-34
8889.060000 nan 2.532429e-34
8891.060000 nan 1.943615e-34
8893.060000 nan 1.369611e-34
8895.060000 nan 1.111829e-34
8897.060000 nan 1.129708e-34
8899.060000 nan 1.277833e-34
8901.060000 nan 1.544274e-34
8903.060000 nan 1.738065e-34
8905.060000 nan 1.771524e-34
8907.060000 nan 1.577524e-34
8909.060000 nan 1.347364e-34
8911.060000 nan 1.248497e-34
8913.060000 nan 1.303819e-34
8915.060000 nan 1.815838e-34
8917.060000 nan 2.474186e-34
8919.060000 nan 3.206091e-34
8921.060000 nan 3.225536e-34
8923.060000 nan 2.762755e-34
8925.060000 nan 2.014372e-34
8927.060000 nan 1.445600e-34
8929.060000 nan 1.153578e-34
8931.060000 nan 1.021876e-34
8933.060000 nan 9.920137e-35
8935.060000 nan 1.004636e-34
8937.060000 nan 1.066094e-34
8939.060000 nan 1.215740e-34
8941.060000 nan 1.437489e-34
8943.060000 nan 1.613755e-34
8945.060000 nan 1.675153e-34
8947.060000 nan 1.470745e-34
8949.060000 nan 1.285755e-34
8951.060000 nan 1.175279e-34
8953.060000 nan 1.454347e-34
8955.060000 nan 1.889569e-34
8957.060000 nan 2.456504e-34
8959.060000 nan 2.566670e-34
8961.060000 nan 2.310543e-34
8963.060000 nan 1.771203e-34
8965.060000 nan 1.275554e-34
8967.060000 nan 9.987872e-35
8969.060000 nan 8.728790e-35
8971.060000 nan 8.598687e-35
8973.060000 nan 8.566675e-35
8975.060000 nan 8.550940e-35
8977.060000 nan 8.451343e-35
8979.060000 nan 8.576616e-35
8981.060000 nan 8.926602e-35
8983.060000 nan 9.635580e-35
8985.060000 nan 1.102719e-34
8987.060000 nan 1.234755e-34
8989.060000 nan 1.333242e-34
8991.060000 nan 1.275703e-34
8993.060000 nan 1.207743e-34
8995.060000 nan 1.146032e-34
8997.060000 nan 1.322417e-34
8999.060000 nan 1.577019e-34
9001.060000 nan 1.881517e-34
9003.060000 nan 1.821421e-34
9005.060000 nan 1.575454e-34
9007.060000 nan 1.217174e-34
9009.060000 nan 1.002217e-34
9011.060000 nan 9.026294e-35
9013.060000 nan 8.693687e-35
9015.060000 nan 8.598135e-35
9017.060000 nan 8.635824e-35
9019.060000 nan 8.714740e-35
9021.060000 nan 8.767152e-35
9023.060000 nan 8.818259e-35
9025.060000 nan 8.850589e-35
9027.060000 nan 8.845479e-35
9029.060000 nan 9.086323e-35
9031.060000 nan 9.400761e-35
9033.060000 nan 9.768012e-35
9035.060000 nan 1.093156e-34
9037.060000 nan 1.199795e-34
9039.060000 nan 1.288617e-34
9041.060000 nan 1.254928e-34
9043.060000 nan 1.233147e-34
9045.060000 nan 1.232838e-34
9047.060000 nan 1.372253e-34
9049.060000 nan 1.461283e-34
9051.060000 nan 1.487428e-34
9053.060000 nan 1.332723e-34
9055.060000 nan 1.172475e-34
9057.060000 nan 1.030564e-34
9059.060000 nan 9.651290e-35
9061.060000 nan 9.359588e-35
9063.060000 nan 9.269121e-35
9065.060000 nan 9.380243e-35
9067.060000 nan 9.365434e-35
9069.060000 nan 9.208752e-35
9071.060000 nan 8.844527e-35
9073.060000 nan 8.539477e-35
9075.060000 nan 8.311894e-35
9077.060000 nan 8.179222e-35
9079.060000 nan 8.277889e-35
9081.060000 nan 8.539983e-35
9083.060000 nan 8.950854e-35
9085.060000 nan 9.099259e-35
9087.060000 nan 9.322677e-35
9089.060000 nan 9.628888e-35
9091.060000 nan 1.016046e-34
9093.060000 nan 1.044715e-34
9095.060000 nan 1.057423e-34
9097.060000 nan 1.060930e-34
9099.060000 nan 1.088887e-34
9101.060000 nan 1.132523e-34
9103.060000 nan 1.193405e-34
9105.060000 nan 1.166051e-34
9107.060000 nan 1.102675e-34
9109.060000 nan 1.016140e-34
9111.060000 nan 9.725205e-35
9113.060000 nan 9.496512e-35
9115.060000 nan 9.477938e-35
9117.060000 nan 9.252563e-35
9119.060000 nan 9.128570e-35
9121.060000 nan 9.151971e-35
9123.060000 nan 9.220801e-35
9125.060000 nan 9.239513e-35
9127.060000 nan 9.206378e-35
9129.060000 nan 9.088244e-35
9131.060000 nan 9.195521e-35
9133.060000 nan 9.425441e-35
9135.060000 nan 9.417368e-35
9137.060000 nan 9.481401e-35
9139.060000 nan 9.580580e-35
9141.060000 nan 9.671493e-35
9143.060000 nan 9.624977e-35
9145.060000 nan 9.622096e-35
9147.060000 nan 9.881221e-35
9149.060000 nan 1.013850e-34
9151.060000 nan 1.035955e-34
9153.060000 nan 1.050960e-34
9155.060000 nan 1.049241e-34
9157.060000 nan 1.072378e-34
9159.060000 nan 1.135702e-34
9161.060000 nan 1.169452e-34
9163.060000 nan 1.155834e-34
9165.060000 nan 1.091832e-34
9167.060000 nan 1.016167e-34
9169.060000 nan 9.571079e-35
9171.060000 nan 9.137997e-35
9173.060000 nan 8.921899e-35
9175.060000 nan 8.987992e-35
9177.060000 nan 9.244033e-35
9179.060000 nan 9.575402e-35
9181.060000 nan 9.734493e-35
9183.060000 nan 9.824782e-35
9185.060000 nan 9.952017e-35
9187.060000 nan 1.005536e-34
9189.060000 nan 1.011174e-34
9191.060000 nan 1.007209e-34
9193.060000 nan 9.974986e-35
9195.060000 nan 9.893270e-35
9197.060000 nan 9.860577e-35
9199.060000 nan 9.903080e-35
9201.060000 nan 9.973057e-35
9203.060000 nan 1.006776e-34
9205.060000 nan 1.048614e-34
9207.060000 nan 1.072801e-34
9209.060000 nan 1.079950e-34
9211.060000 nan 1.136394e-34
9213.060000 nan 1.194498e-34
9215.060000 nan 1.249417e-34
9217.060000 nan 1.266527e-34
9219.060000 nan 1.262763e-34
9221.060000 nan 1.251931e-34
9223.060000 nan 1.263140e-34
9225.060000 nan 1.269935e-34
9227.060000 nan 1.258459e-34
9229.060000 nan 1.196241e-34
9231.060000 nan 1.144128e-34
9233.060000 nan 1.103111e-34
9235.060000 nan 1.080023e-34
9237.060000 nan 1.082982e-34
9239.060000 nan 1.075138e-34
9241.060000 nan 1.042693e-34
9243.060000 nan 1.027376e-34
9245.060000 nan 1.025721e-34
9247.060000 nan 1.038643e-34
9249.060000 nan 1.080050e-34
9251.060000 nan 1.098757e-34
9253.060000 nan 1.095370e-34
9255.060000 nan 1.071703e-34
9257.060000 nan 1.060797e-34
9259.060000 nan 1.055631e-34
9261.060000 nan 1.030752e-34
9263.060000 nan 1.021619e-34
9265.060000 nan 1.022446e-34
9267.060000 nan 1.031383e-34
9269.060000 nan 1.043040e-34
9271.060000 nan 1.051728e-34
9273.060000 nan 1.049742e-34
9275.060000 nan 1.032782e-34
9277.060000 nan 1.020072e-34
9279.060000 nan 1.022648e-34
9281.060000 nan 1.032800e-34
9283.060000 nan 1.049249e-34
9285.060000 nan 1.073204e-34
9287.060000 nan 1.077447e-34
9289.060000 nan 1.084721e-34
9291.060000 nan 1.096327e-34
9293.060000 nan 1.095043e-34
9295.060000 nan 1.119305e-34
9297.060000 nan 1.170529e-34
9299.060000 nan 1.287004e-34
9301.060000 nan 1.587672e-34
9303.060000 nan 2.070212e-34
9305.060000 nan 2.928787e-34
9307.060000 nan 3.756957e-34
9309.060000 nan 4.485262e-34
9311.060000 nan 4.916643e-34
9313.060000 nan 4.917935e-34
9315.060000 nan 4.596301e-34
9317.060000 nan 3.827507e-34
9319.060000 nan 3.277011e-34
9321.060000 nan 3.028367e-34
9323.060000 nan 3.227079e-34
9325.060000 nan 3.115169e-34
9327.060000 nan 2.718342e-34
9329.060000 nan 1.996281e-34
9331.060000 nan 1.584281e-34
9333.060000 nan 1.367014e-34
9335.060000 nan 1.335177e-34
9337.060000 nan 1.398200e-34
9339.060000 nan 1.305760e-34
9341.060000 nan 1.103396e-34
9343.060000 nan 9.413550e-35
9345.060000 nan 8.605031e-35
9347.060000 nan 8.374309e-35
9349.060000 nan 8.740099e-35
9351.060000 nan 8.708724e-35
9353.060000 nan 8.432643e-35
9355.060000 nan 7.897374e-35
9357.060000 nan 7.569368e-35
9359.060000 nan 7.582048e-35
9361.060000 nan 8.198058e-35
9363.060000 nan 9.254996e-35
9365.060000 nan 1.059821e-34
9367.060000 nan 1.227224e-34
9369.060000 nan 1.710190e-34
9371.060000 nan 2.587418e-34
9373.060000 nan 3.897438e-34
9375.060000 nan 5.187883e-34
9377.060000 nan 5.513091e-34
9379.060000 nan 4.919519e-34
9381.060000 nan 3.421144e-34
9383.060000 nan 2.296668e-34
9385.060000 nan 1.511889e-34
9387.060000 nan 1.306541e-34
9389.060000 nan 1.237385e-34
9391.060000 nan 1.246727e-34
9393.060000 nan 1.300353e-34
9395.060000 nan 1.359169e-34
9397.060000 nan 1.461545e-34
9399.060000 nan 1.673954e-34
9401.060000 nan 1.831284e-34
9403.060000 nan 1.896945e-34
9405.060000 nan 1.813095e-34
9407.060000 nan 1.599274e-34
9409.060000 nan 1.429197e-34
9411.060000 nan 1.345767e-34
9413.060000 nan 1.459642e-34
9415.060000 nan 1.738887e-34
9417.060000 nan 2.182064e-34
9419.060000 nan 2.593840e-34
9421.060000 nan 2.736655e-34
9423.060000 nan 2.622979e-34
9425.060000 nan 2.096408e-34
9427.060000 nan 1.677282e-34
9429.060000 nan 1.390686e-34
9431.060000 nan 1.461423e-34
9433.060000 nan 1.849038e-34
9435.060000 nan 2.517433e-34
9437.060000 nan 3.660274e-34
9439.060000 nan 4.623910e-34
9441.060000 nan 5.069303e-34
9443.060000 nan 4.433913e-34
9445.060000 nan 3.337875e-34
9447.060000 nan 2.420993e-34
9449.060000 nan 1.964150e-34
9451.060000 nan 1.955184e-34
9453.060000 nan 2.121303e-34
9455.060000 nan 2.450421e-34
9457.060000 nan 2.955028e-34
9459.060000 nan 3.237650e-34
9461.060000 nan 3.269655e-34
9463.060000 nan 2.601080e-34
9465.060000 nan 2.004269e-34
9467.060000 nan 1.527973e-34
9469.060000 nan 1.579199e-34
9471.060000 nan 1.998770e-34
9473.060000 nan 2.708873e-34
9475.060000 nan 3.825125e-34
9477.060000 nan 4.393829e-34
9479.060000 nan 4.432876e-34
9481.060000 nan 3.546599e-34
9483.060000 nan 2.571925e-34
9485.060000 nan 1.795974e-34
9487.060000 nan 1.481555e-34
9489.060000 nan 1.511962e-34
9491.060000 nan 1.571835e-34
9493.060000 nan 1.590860e-34
9495.060000 nan 1.639132e-34
9497.060000 nan 1.845835e-34
9499.060000 nan 2.232287e-34
9501.060000 nan 2.899328e-34
9503.060000 nan 3.290109e-34
9505.060000 nan 3.392414e-34
9507.060000 nan 2.852232e-34
9509.060000 nan 2.304939e-34
9511.060000 nan 1.834611e-34
9513.060000 nan 1.865587e-34
9515.060000 nan 2.176065e-34
9517.060000 nan 2.624811e-34
9519.060000 nan 3.087453e-34
9521.060000 nan 3.113597e-34
9523.060000 nan 2.858515e-34
9525.060000 nan 2.264464e-34
9527.060000 nan 1.887969e-34
9529.060000 nan 1.662829e-34
9531.060000 nan 1.627062e-34
9533.060000 nan 1.662384e-34
9535.060000 nan 1.693748e-34
9537.060000 nan 1.706889e-34
9539.060000 nan 1.699263e-34
9541.060000 nan 1.653416e-34
9543.060000 nan 1.572771e-34
9545.060000 nan 1.646774e-34
9547.060000 nan 1.863752e-34
9549.060000 nan 2.207466e-34
9551.060000 nan 2.688345e-34
9553.060000 nan 2.924069e-34
9555.060000 nan 2.938471e-34
9557.060000 nan 2.561478e-34
9559.060000 nan 2.343862e-34
9561.060000 nan 2.335614e-34
9563.060000 nan 2.786576e-34
9565.060000 nan 3.557155e-34
9567.060000 nan 4.268584e-34
9569.060000 nan 4.627683e-34
9571.060000 nan 4.039115e-34
9573.060000 nan 3.250511e-34
9575.060000 nan 2.429357e-34
9577.060000 nan 2.134440e-34
9579.060000 nan 1.946441e-34
9581.060000 nan 1.826878e-34
9583.060000 nan 1.743129e-34
9585.060000 nan 1.709103e-34
9587.060000 nan 1.719058e-34
9589.060000 nan 1.688031e-34
9591.060000 nan 1.695846e-34
9593.060000 nan 1.740671e-34
9595.060000 nan 1.854844e-34
9597.060000 nan 1.955786e-34
9599.060000 nan 2.041854e-34
9601.060000 nan 2.094219e-34
9603.060000 nan 2.252266e-34
9605.060000 nan 2.472091e-34
9607.060000 nan 2.753651e-34
9609.060000 nan 2.849823e-34
9611.060000 nan 2.803758e-34
9613.060000 nan 2.565966e-34
9615.060000 nan 2.506367e-34
9617.060000 nan 2.599021e-34
9619.060000 nan 2.878337e-34
9621.060000 nan 3.097046e-34
9623.060000 nan 3.101799e-34
9625.060000 nan 2.869849e-34
9627.060000 nan 2.601376e-34
9629.060000 nan 2.396215e-34
9631.060000 nan 2.246979e-34
9633.060000 nan 2.122307e-34
9635.060000 nan 2.026622e-34
9637.060000 nan 1.956396e-34
9639.060000 nan 1.927007e-34
9641.060000 nan 1.915634e-34
9643.060000 nan 1.915524e-34
9645.060000 nan 1.925581e-34
9647.060000 nan 1.982691e-34
9649.060000 nan 2.046815e-34
9651.060000 nan 2.089189e-34
9653.060000 nan 2.181652e-34
9655.060000 nan 2.260994e-34
9657.060000 nan 2.296517e-34
9659.060000 nan 2.262701e-34
9661.060000 nan 2.262384e-34
9663.060000 nan 2.318983e-34
9665.060000 nan 2.516910e-34
9667.060000 nan 2.756601e-34
9669.060000 nan 3.025313e-34
9671.060000 nan 3.049013e-34
9673.060000 nan 2.997447e-34
9675.060000 nan 2.919978e-34
9677.060000 nan 3.130916e-34
9679.060000 nan 3.491672e-34
9681.060000 nan 3.883615e-34
9683.060000 nan 4.007380e-34
9685.060000 nan 3.756376e-34
9687.060000 nan 3.360596e-34
9689.060000 nan 3.002949e-34
9691.060000 nan 2.886787e-34
9693.060000 nan 2.900029e-34
