#OBJECT = ATLAS18toh
#MJD-OBS = 58348.322280
#DATE-OBS = 2018-08-18T07:44:05
#EXPTIME = 1220.000000
#AIRMASS = 1.288000
#TELESCOPE = UH88
#INSTRUMENT = SNIFS
#WL FL ERR
#[Ang] [erg/s/cm2/A] [erg/s/cm2/A]
3307.060000 nan 4.577246e-33
3309.060000 nan 4.545947e-33
3311.060000 nan 4.356891e-33
3313.060000 nan 4.298764e-33
3315.060000 nan 4.119930e-33
3317.060000 nan 4.060732e-33
3319.060000 nan 3.937534e-33
3321.060000 nan 3.876778e-33
3323.060000 nan 3.923370e-33
3325.060000 nan 3.934773e-33
3327.060000 nan 3.736129e-33
3329.060000 nan 4.013279e-33
3331.060000 nan 3.911559e-33
3333.060000 nan 3.724803e-33
3335.060000 nan 3.663817e-33
3337.060000 nan 3.701131e-33
3339.060000 nan 3.698239e-33
3341.060000 nan 3.537027e-33
3343.060000 nan 3.384606e-33
3345.060000 nan 3.340888e-33
3347.060000 nan 3.313143e-33
3349.060000 nan 3.215027e-33
3351.060000 nan 3.205779e-33
3353.060000 nan 3.062957e-33
3355.060000 nan 3.055866e-33
3357.060000 nan 3.070126e-33
3359.060000 nan 2.997705e-33
3361.060000 nan 2.865075e-33
3363.060000 nan 2.866518e-33
3365.060000 nan 2.909853e-33
3367.060000 nan 2.911694e-33
3369.060000 nan 2.876026e-33
3371.060000 nan 2.869016e-33
3373.060000 nan 2.886086e-33
3375.060000 nan 2.856182e-33
3377.060000 nan 2.844229e-33
3379.060000 nan 2.669842e-33
3381.060000 nan 2.654369e-33
3383.060000 nan 2.657325e-33
3385.060000 nan 2.610182e-33
3387.060000 nan 2.534869e-33
3389.060000 nan 2.421641e-33
3391.060000 nan 2.462884e-33
3393.060000 nan 2.363896e-33
3395.060000 nan 2.406390e-33
3397.060000 nan 2.481969e-33
3399.060000 nan 2.413848e-33
3401.060000 nan 2.334631e-33
3403.060000 nan 2.304213e-33
3405.060000 nan 2.264207e-33
3407.060000 nan 2.196002e-33
3409.060000 nan 2.145960e-33
3411.060000 nan 2.139406e-33
3413.060000 nan 2.142974e-33
3415.060000 nan 2.158004e-33
3417.060000 nan 2.088236e-33
3419.060000 nan 2.032120e-33
3421.060000 nan 1.998588e-33
3423.060000 nan 1.956934e-33
3425.060000 nan 1.889373e-33
3427.060000 nan 1.948118e-33
3429.060000 nan 1.938162e-33
3431.060000 nan 1.896748e-33
3433.060000 nan 1.825463e-33
3435.060000 nan 1.786978e-33
3437.060000 nan 1.819583e-33
3439.060000 nan 1.768005e-33
3441.060000 nan 1.725765e-33
3443.060000 nan 1.655344e-33
3445.060000 nan 1.616626e-33
3447.060000 nan 1.623879e-33
3449.060000 nan 1.661864e-33
3451.060000 nan 1.705099e-33
3453.060000 nan 1.662655e-33
3455.060000 nan 1.565323e-33
3457.060000 nan 1.529094e-33
3459.060000 nan 1.528932e-33
3461.060000 nan 1.519738e-33
3463.060000 nan 1.493768e-33
3465.060000 nan 1.465800e-33
3467.060000 nan 1.489364e-33
3469.060000 nan 1.497537e-33
3471.060000 nan 1.452324e-33
3473.060000 nan 1.372190e-33
3475.060000 nan 1.320966e-33
3477.060000 nan 1.357851e-33
3479.060000 nan 1.346199e-33
3481.060000 nan 1.383510e-33
3483.060000 nan 1.403455e-33
3485.060000 nan 1.368260e-33
3487.060000 nan 1.296226e-33
3489.060000 nan 1.272482e-33
3491.060000 nan 1.260390e-33
3493.060000 nan 1.222391e-33
3495.060000 nan 1.205016e-33
3497.060000 nan 1.212161e-33
3499.060000 nan 1.233397e-33
3501.060000 nan 1.263782e-33
3503.060000 nan 1.177416e-33
3505.060000 nan 1.202134e-33
3507.060000 nan 1.212227e-33
3509.060000 nan 1.204645e-33
3511.060000 nan 1.200887e-33
3513.060000 nan 1.202580e-33
3515.060000 nan 1.158678e-33
3517.060000 nan 1.136744e-33
3519.060000 nan 1.132791e-33
3521.060000 nan 1.117595e-33
3523.060000 nan 1.100907e-33
3525.060000 nan 1.110504e-33
3527.060000 nan 1.097656e-33
3529.060000 nan 1.072008e-33
3531.060000 nan 1.062435e-33
3533.060000 nan 1.052194e-33
3535.060000 nan 1.054798e-33
3537.060000 nan 1.081189e-33
3539.060000 nan 1.088386e-33
3541.060000 nan 1.078556e-33
3543.060000 nan 1.059253e-33
3545.060000 nan 1.056257e-33
3547.060000 nan 1.061323e-33
3549.060000 nan 1.060724e-33
3551.060000 nan 1.056434e-33
3553.060000 nan 1.059974e-33
3555.060000 nan 1.037589e-33
3557.060000 nan 1.029382e-33
3559.060000 nan 1.034685e-33
3561.060000 nan 1.040262e-33
3563.060000 nan 1.029891e-33
3565.060000 nan 9.761659e-34
3567.060000 nan 9.475174e-34
3569.060000 nan 9.586995e-34
3571.060000 nan 9.522844e-34
3573.060000 nan 9.256369e-34
3575.060000 nan 9.196481e-34
3577.060000 nan 9.399380e-34
3579.060000 nan 9.205903e-34
3581.060000 nan 9.117207e-34
3583.060000 nan 8.993658e-34
3585.060000 nan 8.819137e-34
3587.060000 nan 8.612998e-34
3589.060000 nan 8.281772e-34
3591.060000 nan 8.400331e-34
3593.060000 nan 8.413091e-34
3595.060000 nan 8.335054e-34
3597.060000 nan 8.164722e-34
3599.060000 nan 7.950484e-34
3601.060000 nan 7.819020e-34
3603.060000 nan 7.900963e-34
3605.060000 nan 7.743424e-34
3607.060000 nan 7.656399e-34
3609.060000 nan 7.730159e-34
3611.060000 nan 7.899184e-34
3613.060000 nan 8.004305e-34
3615.060000 nan 7.970279e-34
3617.060000 nan 7.874252e-34
3619.060000 nan 7.920511e-34
3621.060000 nan 8.081653e-34
3623.060000 nan 8.111583e-34
3625.060000 nan 7.818748e-34
3627.060000 nan 7.611224e-34
3629.060000 nan 8.212212e-34
3631.060000 nan 8.419898e-34
3633.060000 nan 8.418075e-34
3635.060000 nan 8.257975e-34
3637.060000 nan 7.982565e-34
3639.060000 nan 7.814044e-34
3641.060000 nan 7.960792e-34
3643.060000 nan 7.943558e-34
3645.060000 nan 7.891097e-34
3647.060000 nan 7.883079e-34
3649.060000 nan 7.905021e-34
3651.060000 nan 7.837050e-34
3653.060000 nan 7.538268e-34
3655.060000 nan 7.352879e-34
3657.060000 nan 7.378583e-34
3659.060000 nan 7.355200e-34
3661.060000 nan 7.164756e-34
3663.060000 nan 6.934568e-34
3665.060000 nan 6.903959e-34
3667.060000 nan 6.723423e-34
3669.060000 nan 6.617197e-34
3671.060000 nan 6.581418e-34
3673.060000 nan 6.585414e-34
3675.060000 nan 6.550154e-34
3677.060000 nan 6.264681e-34
3679.060000 nan 6.237451e-34
3681.060000 nan 6.133740e-34
3683.060000 nan 6.174102e-34
3685.060000 nan 6.220668e-34
3687.060000 nan 6.115942e-34
3689.060000 nan 6.009861e-34
3691.060000 nan 5.992510e-34
3693.060000 nan 6.141714e-34
3695.060000 nan 6.224456e-34
3697.060000 nan 6.156352e-34
3699.060000 nan 6.012745e-34
3701.060000 nan 5.981296e-34
3703.060000 nan 6.011139e-34
3705.060000 nan 5.794781e-34
3707.060000 nan 5.723663e-34
3709.060000 nan 5.784972e-34
3711.060000 nan 5.905346e-34
3713.060000 nan 6.006387e-34
3715.060000 nan 5.918783e-34
3717.060000 nan 5.835978e-34
3719.060000 nan 5.829382e-34
3721.060000 nan 5.841269e-34
3723.060000 nan 5.829669e-34
3725.060000 nan 5.786463e-34
3727.060000 nan 5.739912e-34
3729.060000 nan 5.716489e-34
3731.060000 nan 5.631524e-34
3733.060000 nan 5.610638e-34
3735.060000 nan 5.683292e-34
3737.060000 nan 5.790753e-34
3739.060000 nan 5.812121e-34
3741.060000 nan 5.707777e-34
3743.060000 nan 5.614750e-34
3745.060000 nan 5.673978e-34
3747.060000 nan 5.733129e-34
3749.060000 nan 5.677501e-34
3751.060000 nan 5.556332e-34
3753.060000 nan 5.485078e-34
3755.060000 nan 5.531117e-34
3757.060000 nan 5.423060e-34
3759.060000 nan 5.201885e-34
3761.060000 nan 4.987713e-34
3763.060000 nan 4.896690e-34
3765.060000 nan 4.958454e-34
3767.060000 nan 5.168131e-34
3769.060000 nan 5.193801e-34
3771.060000 nan 5.090875e-34
3773.060000 nan 4.964781e-34
3775.060000 nan 4.946234e-34
3777.060000 nan 5.190365e-34
3779.060000 nan 5.181322e-34
3781.060000 nan 5.168615e-34
3783.060000 nan 5.171004e-34
3785.060000 nan 5.096759e-34
3787.060000 nan 4.913497e-34
3789.060000 nan 4.748926e-34
3791.060000 nan 4.606676e-34
3793.060000 nan 4.534098e-34
3795.060000 nan 4.493282e-34
3797.060000 nan 4.495837e-34
3799.060000 nan 4.540045e-34
3801.060000 nan 4.601727e-34
3803.060000 nan 4.698106e-34
3805.060000 nan 4.710936e-34
3807.060000 nan 4.677294e-34
3809.060000 nan 4.544351e-34
3811.060000 nan 4.382345e-34
3813.060000 nan 4.347413e-34
3815.060000 nan 4.528564e-34
3817.060000 nan 4.518675e-34
3819.060000 nan 4.450769e-34
3821.060000 nan 4.426835e-34
3823.060000 nan 4.426271e-34
3825.060000 nan 4.403646e-34
3827.060000 nan 4.414267e-34
3829.060000 nan 4.498538e-34
3831.060000 nan 4.520921e-34
3833.060000 nan 4.470034e-34
3835.060000 nan 4.389668e-34
3837.060000 nan 4.326535e-34
3839.060000 nan 4.299536e-34
3841.060000 nan 4.362017e-34
3843.060000 nan 4.459393e-34
3845.060000 nan 4.483656e-34
3847.060000 nan 4.412227e-34
3849.060000 nan 4.333316e-34
3851.060000 nan 4.377324e-34
3853.060000 nan 4.401045e-34
3855.060000 nan 4.394737e-34
3857.060000 nan 4.371496e-34
3859.060000 nan 4.287721e-34
3861.060000 nan 4.187808e-34
3863.060000 nan 4.139882e-34
3865.060000 nan 4.063457e-34
3867.060000 nan 4.058486e-34
3869.060000 nan 4.067079e-34
3871.060000 nan 4.023469e-34
3873.060000 nan 3.928722e-34
3875.060000 nan 3.851861e-34
3877.060000 nan 3.914031e-34
3879.060000 nan 3.998880e-34
3881.060000 nan 3.940192e-34
3883.060000 nan 3.898750e-34
3885.060000 nan 3.917247e-34
3887.060000 nan 3.953541e-34
3889.060000 nan 3.920531e-34
3891.060000 nan 3.851337e-34
3893.060000 nan 3.857597e-34
3895.060000 nan 3.827690e-34
3897.060000 nan 3.825122e-34
3899.060000 nan 3.835786e-34
3901.060000 nan 3.764737e-34
3903.060000 nan 3.665416e-34
3905.060000 nan 3.692423e-34
3907.060000 nan 3.670305e-34
3909.060000 nan 3.655913e-34
3911.060000 nan 3.678144e-34
3913.060000 nan 3.694257e-34
3915.060000 nan 3.563771e-34
3917.060000 nan 3.582337e-34
3919.060000 nan 3.573685e-34
3921.060000 nan 3.536188e-34
3923.060000 nan 3.519640e-34
3925.060000 nan 3.548029e-34
3927.060000 nan 3.556550e-34
3929.060000 nan 3.515172e-34
3931.060000 nan 3.389343e-34
3933.060000 nan 3.373820e-34
3935.060000 nan 3.447125e-34
3937.060000 nan 3.525426e-34
3939.060000 nan 3.557618e-34
3941.060000 nan 3.662357e-34
3943.060000 nan 3.755892e-34
3945.060000 nan 3.719747e-34
3947.060000 nan 3.642441e-34
3949.060000 nan 3.626250e-34
3951.060000 nan 3.702829e-34
3953.060000 nan 3.720000e-34
3955.060000 nan 3.689298e-34
3957.060000 nan 3.657771e-34
3959.060000 nan 3.606366e-34
3961.060000 nan 3.537072e-34
3963.060000 nan 3.483390e-34
3965.060000 nan 3.513900e-34
3967.060000 nan 3.459013e-34
3969.060000 nan 3.439474e-34
3971.060000 nan 3.518266e-34
3973.060000 nan 3.709388e-34
3975.060000 nan 3.955141e-34
3977.060000 nan 4.120102e-34
3979.060000 nan 4.086641e-34
3981.060000 nan 4.128210e-34
3983.060000 nan 4.176199e-34
3985.060000 nan 4.228407e-34
3987.060000 nan 4.235467e-34
3989.060000 nan 4.119665e-34
3991.060000 nan 4.162089e-34
3993.060000 nan 4.211874e-34
3995.060000 nan 4.097899e-34
3997.060000 nan 3.939477e-34
3999.060000 nan 3.858349e-34
4001.060000 nan 3.876914e-34
4003.060000 nan 3.806111e-34
4005.060000 nan 3.676039e-34
4007.060000 nan 3.533857e-34
4009.060000 nan 3.470307e-34
4011.060000 nan 3.470864e-34
4013.060000 nan 3.465383e-34
4015.060000 nan 3.415748e-34
4017.060000 nan 3.343149e-34
4019.060000 nan 3.304268e-34
4021.060000 nan 3.255044e-34
4023.060000 nan 3.214282e-34
4025.060000 nan 3.203695e-34
4027.060000 nan 3.208327e-34
4029.060000 nan 3.253456e-34
4031.060000 nan 3.156998e-34
4033.060000 nan 3.099756e-34
4035.060000 nan 3.101045e-34
4037.060000 nan 3.125702e-34
4039.060000 nan 3.127237e-34
4041.060000 nan 3.070939e-34
4043.060000 nan 3.002766e-34
4045.060000 nan 3.009990e-34
4047.060000 nan 3.053651e-34
4049.060000 nan 3.050282e-34
4051.060000 nan 2.965785e-34
4053.060000 nan 3.003845e-34
4055.060000 nan 2.997985e-34
4057.060000 nan 2.948530e-34
4059.060000 nan 3.006770e-34
4061.060000 nan 3.103128e-34
4063.060000 nan 3.118770e-34
4065.060000 nan 3.118117e-34
4067.060000 nan 3.179352e-34
4069.060000 nan 3.173696e-34
4071.060000 nan 3.207596e-34
4073.060000 nan 3.266066e-34
4075.060000 nan 3.308515e-34
4077.060000 nan 3.328208e-34
4079.060000 nan 3.308645e-34
4081.060000 nan 3.268436e-34
4083.060000 nan 3.324514e-34
4085.060000 nan 3.352740e-34
4087.060000 nan 3.323031e-34
4089.060000 nan 3.331350e-34
4091.060000 nan 3.274925e-34
4093.060000 nan 3.245118e-34
4095.060000 nan 3.292128e-34
4097.060000 nan 3.358322e-34
4099.060000 nan 3.375719e-34
4101.060000 nan 3.316907e-34
4103.060000 nan 3.264241e-34
4105.060000 nan 3.204232e-34
4107.060000 nan 3.180832e-34
4109.060000 nan 3.150299e-34
4111.060000 nan 3.129173e-34
4113.060000 nan 3.141024e-34
4115.060000 nan 3.152452e-34
4117.060000 nan 3.032122e-34
4119.060000 nan 2.960161e-34
4121.060000 nan 2.965047e-34
4123.060000 nan 2.967786e-34
4125.060000 nan 2.908708e-34
4127.060000 nan 2.829211e-34
4129.060000 nan 2.976611e-34
4131.060000 nan 2.881758e-34
4133.060000 nan 2.826526e-34
4135.060000 nan 2.814313e-34
4137.060000 nan 2.792684e-34
4139.060000 nan 2.743093e-34
4141.060000 nan 2.811507e-34
4143.060000 nan 2.780328e-34
4145.060000 nan 2.752043e-34
4147.060000 nan 2.742767e-34
4149.060000 nan 2.729303e-34
4151.060000 nan 2.676354e-34
4153.060000 nan 2.576065e-34
4155.060000 nan 2.624799e-34
4157.060000 nan 2.628695e-34
4159.060000 nan 2.686383e-34
4161.060000 nan 2.714619e-34
4163.060000 nan 2.657220e-34
4165.060000 nan 2.674262e-34
4167.060000 nan 2.740965e-34
4169.060000 nan 2.656336e-34
4171.060000 nan 2.673285e-34
4173.060000 nan 2.699341e-34
4175.060000 nan 2.662145e-34
4177.060000 nan 2.650105e-34
4179.060000 nan 2.663492e-34
4181.060000 nan 2.681066e-34
4183.060000 nan 2.633966e-34
4185.060000 nan 2.554905e-34
4187.060000 nan 2.487375e-34
4189.060000 nan 2.458736e-34
4191.060000 nan 2.471398e-34
4193.060000 nan 2.536514e-34
4195.060000 nan 2.612661e-34
4197.060000 nan 2.639046e-34
4199.060000 nan 2.630787e-34
4201.060000 nan 2.629782e-34
4203.060000 nan 2.611657e-34
4205.060000 nan 2.642576e-34
4207.060000 nan 2.533337e-34
4209.060000 nan 2.515853e-34
4211.060000 nan 2.524497e-34
4213.060000 nan 2.472274e-34
4215.060000 nan 2.470969e-34
4217.060000 nan 2.478028e-34
4219.060000 nan 2.470015e-34
4221.060000 nan 2.481967e-34
4223.060000 nan 2.502983e-34
4225.060000 nan 2.471319e-34
4227.060000 nan 2.339495e-34
4229.060000 nan 2.488612e-34
4231.060000 nan 2.549357e-34
4233.060000 nan 2.541656e-34
4235.060000 nan 2.519068e-34
4237.060000 nan 2.481467e-34
4239.060000 nan 2.409870e-34
4241.060000 nan 2.420991e-34
4243.060000 nan 2.452438e-34
4245.060000 nan 2.398082e-34
4247.060000 nan 2.357923e-34
4249.060000 nan 2.357437e-34
4251.060000 nan 2.368674e-34
4253.060000 nan 2.372399e-34
4255.060000 nan 2.372107e-34
4257.060000 nan 2.356426e-34
4259.060000 nan 2.304810e-34
4261.060000 nan 2.284232e-34
4263.060000 nan 2.323504e-34
4265.060000 nan 2.336481e-34
4267.060000 nan 2.304363e-34
4269.060000 nan 2.241774e-34
4271.060000 nan 2.262214e-34
4273.060000 nan 2.258048e-34
4275.060000 nan 2.199094e-34
4277.060000 nan 2.190245e-34
4279.060000 nan 2.217650e-34
4281.060000 nan 2.252939e-34
4283.060000 nan 2.241151e-34
4285.060000 nan 2.235895e-34
4287.060000 nan 2.254528e-34
4289.060000 nan 2.273936e-34
4291.060000 nan 2.280243e-34
4293.060000 nan 2.222111e-34
4295.060000 nan 2.219551e-34
4297.060000 nan 2.228022e-34
4299.060000 nan 2.198188e-34
4301.060000 nan 2.140330e-34
4303.060000 nan 2.181348e-34
4305.060000 nan 2.238904e-34
4307.060000 nan 2.220838e-34
4309.060000 nan 2.188351e-34
4311.060000 nan 2.196939e-34
4313.060000 nan 2.250393e-34
4315.060000 nan 2.284939e-34
4317.060000 nan 2.295207e-34
4319.060000 nan 2.271485e-34
4321.060000 nan 2.251755e-34
4323.060000 nan 2.227935e-34
4325.060000 nan 2.186693e-34
4327.060000 nan 2.140345e-34
4329.060000 nan 2.217271e-34
4331.060000 nan 2.226236e-34
4333.060000 nan 2.233325e-34
4335.060000 nan 2.245973e-34
4337.060000 nan 2.265280e-34
4339.060000 nan 2.281902e-34
4341.060000 nan 2.253301e-34
4343.060000 nan 2.224954e-34
4345.060000 nan 2.240812e-34
4347.060000 nan 2.261262e-34
4349.060000 nan 2.274671e-34
4351.060000 nan 2.288480e-34
4353.060000 nan 2.312609e-34
4355.060000 nan 2.334866e-34
4357.060000 nan 2.333979e-34
4359.060000 nan 2.330175e-34
4361.060000 nan 2.294133e-34
4363.060000 nan 2.240601e-34
4365.060000 nan 2.253593e-34
4367.060000 nan 2.274421e-34
4369.060000 nan 2.245347e-34
4371.060000 nan 2.222504e-34
4373.060000 nan 2.199217e-34
4375.060000 nan 2.189456e-34
4377.060000 nan 2.220155e-34
4379.060000 nan 2.223954e-34
4381.060000 nan 2.240384e-34
4383.060000 nan 2.200996e-34
4385.060000 nan 2.170051e-34
4387.060000 nan 2.163657e-34
4389.060000 nan 2.154479e-34
4391.060000 nan 2.120222e-34
4393.060000 nan 2.076495e-34
4395.060000 nan 2.102815e-34
4397.060000 nan 2.159595e-34
4399.060000 nan 2.189701e-34
4401.060000 nan 2.175923e-34
4403.060000 nan 2.182394e-34
4405.060000 nan 2.177565e-34
4407.060000 nan 2.155525e-34
4409.060000 nan 2.159759e-34
4411.060000 nan 2.158653e-34
4413.060000 nan 2.138361e-34
4415.060000 nan 2.140120e-34
4417.060000 nan 2.216338e-34
4419.060000 nan 2.192602e-34
4421.060000 nan 2.164792e-34
4423.060000 nan 2.150904e-34
4425.060000 nan 2.152351e-34
4427.060000 nan 2.165007e-34
4429.060000 nan 2.176353e-34
4431.060000 nan 2.172066e-34
4433.060000 nan 2.147694e-34
4435.060000 nan 2.093674e-34
4437.060000 nan 2.044377e-34
4439.060000 nan 2.048738e-34
4441.060000 nan 2.118975e-34
4443.060000 nan 2.119085e-34
4445.060000 nan 2.081577e-34
4447.060000 nan 2.051282e-34
4449.060000 nan 2.034308e-34
4451.060000 nan 2.023312e-34
4453.060000 nan 2.020072e-34
4455.060000 nan 2.034371e-34
4457.060000 nan 2.081643e-34
4459.060000 nan 2.094859e-34
4461.060000 nan 2.087321e-34
4463.060000 nan 2.077458e-34
4465.060000 nan 2.057524e-34
4467.060000 nan 1.990052e-34
4469.060000 nan 1.994383e-34
4471.060000 nan 2.011708e-34
4473.060000 nan 2.021414e-34
4475.060000 nan 2.015075e-34
4477.060000 nan 1.998396e-34
4479.060000 nan 2.007029e-34
4481.060000 nan 2.031365e-34
4483.060000 nan 2.031140e-34
4485.060000 nan 2.004002e-34
4487.060000 nan 1.970824e-34
4489.060000 nan 1.957866e-34
4491.060000 nan 1.973976e-34
4493.060000 nan 2.028043e-34
4495.060000 nan 2.067696e-34
4497.060000 nan 2.105809e-34
4499.060000 nan 2.112754e-34
4501.060000 nan 2.062816e-34
4503.060000 nan 1.973942e-34
4505.060000 nan 1.991866e-34
4507.060000 nan 2.043128e-34
4509.060000 nan 2.077915e-34
4511.060000 nan 2.073370e-34
4513.060000 nan 2.033881e-34
4515.060000 nan 1.993164e-34
4517.060000 nan 2.029973e-34
4519.060000 nan 2.049672e-34
4521.060000 nan 2.058327e-34
4523.060000 nan 2.045163e-34
4525.060000 nan 2.023482e-34
4527.060000 nan 2.018481e-34
4529.060000 nan 2.024314e-34
4531.060000 nan 2.011422e-34
4533.060000 nan 2.012641e-34
4535.060000 nan 2.002591e-34
4537.060000 nan 2.002880e-34
4539.060000 nan 2.027564e-34
4541.060000 nan 2.013522e-34
4543.060000 nan 1.957784e-34
4545.060000 nan 1.933346e-34
4547.060000 nan 1.935948e-34
4549.060000 nan 1.931007e-34
4551.060000 nan 1.919259e-34
4553.060000 nan 1.957144e-34
4555.060000 nan 1.932800e-34
4557.060000 nan 1.953738e-34
4559.060000 nan 1.973901e-34
4561.060000 nan 1.945603e-34
4563.060000 nan 1.899893e-34
4565.060000 nan 1.925223e-34
4567.060000 nan 1.971577e-34
4569.060000 nan 1.958656e-34
4571.060000 nan 1.980994e-34
4573.060000 nan 2.011267e-34
4575.060000 nan 2.044293e-34
4577.060000 nan 2.075762e-34
4579.060000 nan 2.013976e-34
4581.060000 nan 2.013311e-34
4583.060000 nan 1.998858e-34
4585.060000 nan 1.954577e-34
4587.060000 nan 1.928449e-34
4589.060000 nan 1.943190e-34
4591.060000 nan 1.912018e-34
4593.060000 nan 1.998829e-34
4595.060000 nan 2.025604e-34
4597.060000 nan 2.015319e-34
4599.060000 nan 2.004652e-34
4601.060000 nan 2.010270e-34
4603.060000 nan 2.012918e-34
4605.060000 nan 1.986377e-34
4607.060000 nan 2.006960e-34
4609.060000 nan 2.007845e-34
4611.060000 nan 1.996330e-34
4613.060000 nan 1.977407e-34
4615.060000 nan 1.945956e-34
4617.060000 nan 1.932742e-34
4619.060000 nan 1.957838e-34
4621.060000 nan 1.984750e-34
4623.060000 nan 1.979696e-34
4625.060000 nan 1.954740e-34
4627.060000 nan 1.948027e-34
4629.060000 nan 1.978793e-34
4631.060000 nan 1.963534e-34
4633.060000 nan 1.929027e-34
4635.060000 nan 1.902232e-34
4637.060000 nan 1.898477e-34
4639.060000 nan 1.910952e-34
4641.060000 nan 1.904679e-34
4643.060000 nan 1.849013e-34
4645.060000 nan 1.847834e-34
4647.060000 nan 1.874732e-34
4649.060000 nan 1.896811e-34
4651.060000 nan 1.877630e-34
4653.060000 nan 1.804948e-34
4655.060000 nan 1.876190e-34
4657.060000 nan 1.830052e-34
4659.060000 nan 1.836347e-34
4661.060000 nan 1.836463e-34
4663.060000 nan 1.802841e-34
4665.060000 nan 1.772372e-34
4667.060000 nan 1.766418e-34
4669.060000 nan 1.791326e-34
4671.060000 nan 1.818405e-34
4673.060000 nan 1.844243e-34
4675.060000 nan 1.844547e-34
4677.060000 nan 1.808073e-34
4679.060000 nan 1.794129e-34
4681.060000 nan 1.781649e-34
4683.060000 nan 1.852322e-34
4685.060000 nan 1.829888e-34
4687.060000 nan 1.783588e-34
4689.060000 nan 1.811018e-34
4691.060000 nan 1.857636e-34
4693.060000 nan 1.872148e-34
4695.060000 nan 1.903171e-34
4697.060000 nan 1.924615e-34
4699.060000 nan 1.938615e-34
4701.060000 nan 1.947179e-34
4703.060000 nan 1.943205e-34
4705.060000 nan 1.924249e-34
4707.060000 nan 1.947909e-34
4709.060000 nan 1.933073e-34
4711.060000 nan 1.905325e-34
4713.060000 nan 1.885102e-34
4715.060000 nan 1.874383e-34
4717.060000 nan 1.882824e-34
4719.060000 nan 1.877364e-34
4721.060000 nan 1.910966e-34
4723.060000 nan 1.908542e-34
4725.060000 nan 1.854778e-34
4727.060000 nan 1.801831e-34
4729.060000 nan 1.854513e-34
4731.060000 nan 1.870572e-34
4733.060000 nan 1.829177e-34
4735.060000 nan 1.798360e-34
4737.060000 nan 1.796931e-34
4739.060000 nan 1.817256e-34
4741.060000 nan 1.845430e-34
4743.060000 nan 1.881809e-34
4745.060000 nan 1.919718e-34
4747.060000 nan 1.948246e-34
4749.060000 nan 1.924994e-34
4751.060000 nan 1.858096e-34
4753.060000 nan 1.816161e-34
4755.060000 nan 1.837800e-34
4757.060000 nan 1.829625e-34
4759.060000 nan 1.818139e-34
4761.060000 nan 1.832802e-34
4763.060000 nan 1.868229e-34
4765.060000 nan 1.893327e-34
4767.060000 nan 1.887929e-34
4769.060000 nan 1.896037e-34
4771.060000 nan 1.926034e-34
4773.060000 nan 1.959923e-34
4775.060000 nan 1.973902e-34
4777.060000 nan 1.957180e-34
4779.060000 nan 1.931483e-34
4781.060000 nan 1.954999e-34
4783.060000 nan 1.934408e-34
4785.060000 nan 1.908706e-34
4787.060000 nan 1.902818e-34
4789.060000 nan 1.914617e-34
4791.060000 nan 1.912401e-34
4793.060000 nan 1.883895e-34
4795.060000 nan 1.867673e-34
4797.060000 nan 1.856218e-34
4799.060000 nan 1.824134e-34
4801.060000 nan 1.775433e-34
4803.060000 nan 1.753329e-34
4805.060000 nan 1.827679e-34
4807.060000 nan 1.854174e-34
4809.060000 nan 1.832084e-34
4811.060000 nan 1.799225e-34
4813.060000 nan 1.798346e-34
4815.060000 nan 1.845279e-34
4817.060000 nan 1.878465e-34
4819.060000 nan 1.854203e-34
4821.060000 nan 1.829898e-34
4823.060000 nan 1.811461e-34
4825.060000 nan 1.813229e-34
4827.060000 nan 1.840561e-34
4829.060000 nan 1.870934e-34
4831.060000 nan 1.891928e-34
4833.060000 nan 1.879719e-34
4835.060000 nan 1.873831e-34
4837.060000 nan 1.868068e-34
4839.060000 nan 1.852519e-34
4841.060000 nan 1.835295e-34
4843.060000 nan 1.830494e-34
4845.060000 nan 1.851460e-34
4847.060000 nan 1.854364e-34
4849.060000 nan 1.858878e-34
4851.060000 nan 1.863536e-34
4853.060000 nan 1.835896e-34
4855.060000 nan 1.753545e-34
4857.060000 nan 1.814982e-34
4859.060000 nan 1.870665e-34
4861.060000 nan 1.911527e-34
4863.060000 nan 1.958929e-34
4865.060000 nan 2.013191e-34
4867.060000 nan 1.980306e-34
4869.060000 nan 1.971050e-34
4871.060000 nan 1.936664e-34
4873.060000 nan 1.951989e-34
4875.060000 nan 2.001618e-34
4877.060000 nan 2.035506e-34
4879.060000 nan 2.031594e-34
4881.060000 nan 2.053078e-34
4883.060000 nan 2.075037e-34
4885.060000 nan 2.123680e-34
4887.060000 nan 2.157431e-34
4889.060000 nan 2.148774e-34
4891.060000 nan 2.118503e-34
4893.060000 nan 2.092018e-34
4895.060000 nan 2.111362e-34
4897.060000 nan 2.125111e-34
4899.060000 nan 2.145500e-34
4901.060000 nan 2.170632e-34
4903.060000 nan 2.179787e-34
4905.060000 nan 2.171235e-34
4907.060000 nan 2.172030e-34
4909.060000 nan 2.194670e-34
4911.060000 nan 2.202193e-34
4913.060000 nan 2.195578e-34
4915.060000 nan 2.205829e-34
4917.060000 nan 2.267276e-34
4919.060000 nan 2.246166e-34
4921.060000 nan 2.259465e-34
4923.060000 nan 2.273967e-34
4925.060000 nan 2.299884e-34
4927.060000 nan 2.316069e-34
4929.060000 nan 2.224273e-34
4931.060000 nan 2.129286e-34
4933.060000 nan 2.227478e-34
4935.060000 nan 2.395956e-34
4937.060000 nan 2.502345e-34
4939.060000 nan 2.489867e-34
4941.060000 nan 2.414519e-34
4943.060000 nan 2.426961e-34
4945.060000 nan 2.466415e-34
4947.060000 nan 2.534364e-34
4949.060000 nan 2.653912e-34
4951.060000 nan 2.778838e-34
4953.060000 nan 2.844014e-34
4955.060000 nan 2.949249e-34
4957.060000 nan 3.054009e-34
4959.060000 nan 2.911557e-34
4961.060000 nan 2.823604e-34
4963.060000 nan 2.883634e-34
4965.060000 nan 3.014081e-34
4967.060000 nan 3.110994e-34
4969.060000 nan 3.233634e-34
4971.060000 nan 3.344320e-34
4973.060000 nan 3.375570e-34
4975.060000 nan 3.377520e-34
4977.060000 nan 3.401634e-34
4979.060000 nan 3.423430e-34
4981.060000 nan 3.476789e-34
4983.060000 nan 3.548561e-34
4985.060000 nan 3.615474e-34
4987.060000 nan 3.690994e-34
4989.060000 nan 3.732306e-34
4991.060000 nan 3.677793e-34
4993.060000 nan 3.812398e-34
4995.060000 nan 4.023908e-34
4997.060000 nan 4.070172e-34
4999.060000 nan 4.119648e-34
5001.060000 nan 4.228662e-34
5003.060000 nan 4.328086e-34
5005.060000 nan 4.405287e-34
5007.060000 nan 4.653730e-34
5009.060000 nan 4.888961e-34
5011.060000 nan 4.963529e-34
5013.060000 nan 4.999775e-34
5015.060000 nan 5.132015e-34
5017.060000 nan 5.187708e-34
5019.060000 nan 5.251221e-34
5021.060000 nan 5.336566e-34
5023.060000 nan 5.444441e-34
5025.060000 nan 5.517070e-34
5027.060000 nan 5.539308e-34
5029.060000 nan 5.589739e-34
5031.060000 nan 5.718942e-34
5033.060000 nan 5.937081e-34
5035.060000 nan 6.184013e-34
5037.060000 nan 6.293691e-34
5039.060000 nan 6.286478e-34
5041.060000 nan 6.343372e-34
5043.060000 nan 6.285400e-34
5045.060000 nan 6.494025e-34
5047.060000 nan 6.589828e-34
5049.060000 nan 6.580693e-34
5051.060000 nan 6.504467e-34
5053.060000 nan 6.398964e-34
5055.060000 nan 6.340106e-34
5057.060000 nan 6.366261e-34
5059.060000 nan 6.201901e-34
5061.060000 nan 6.137880e-34
5063.060000 nan 6.236996e-34
5065.060000 nan 6.389372e-34
5067.060000 nan 6.426679e-34
5069.060000 nan 6.368376e-34
5071.060000 nan 6.293515e-34
5073.060000 nan 6.250448e-34
5075.060000 nan 6.252841e-34
5077.060000 nan 6.236545e-34
5079.060000 nan 6.083418e-34
5081.060000 nan 6.005379e-34
5083.060000 nan 6.101243e-34
5085.060000 nan 6.247218e-34
5087.060000 nan 6.313165e-34
5089.060000 nan 6.249018e-34
5091.060000 nan 6.103796e-34
5093.060000 nan 5.987702e-34
5095.060000 nan 5.992107e-34
5097.060000 nan 6.047280e-34
5099.060000 nan 6.134991e-34
5101.060000 nan 6.211180e-34
5103.060000 8.768085e-17 2.346096e-33
5105.060000 8.692835e-17 2.296379e-33
5107.060000 8.982653e-17 2.294400e-33
5109.060000 8.007026e-17 2.290194e-33
5111.060000 8.211785e-17 2.284971e-33
5113.060000 8.449524e-17 2.270881e-33
5115.060000 7.459923e-17 2.204862e-33
5117.060000 7.700510e-17 2.142460e-33
5119.060000 1.007795e-16 2.082543e-33
5121.060000 9.740137e-17 1.978920e-33
5123.060000 8.445248e-17 1.902667e-33
5125.060000 7.327114e-17 1.856171e-33
5127.060000 7.176511e-17 1.864553e-33
5129.060000 6.177466e-17 1.791107e-33
5131.060000 5.648994e-17 1.717132e-33
5133.060000 6.709608e-17 1.688398e-33
5135.060000 7.202591e-17 1.657429e-33
5137.060000 7.813787e-17 1.633109e-33
5139.060000 8.682896e-17 1.617364e-33
5141.060000 9.120304e-17 1.619487e-33
5143.060000 6.996772e-17 1.583609e-33
5145.060000 8.737944e-17 1.577750e-33
5147.060000 9.778414e-17 1.549413e-33
5149.060000 1.030837e-16 1.534347e-33
5151.060000 nan 1.071990e-33
5153.060000 nan 9.849469e-34
5155.060000 nan 9.078146e-34
5157.060000 nan 8.404894e-34
5159.060000 nan 7.936493e-34
5161.060000 nan 7.538499e-34
5163.060000 nan 7.207720e-34
5165.060000 nan 7.003928e-34
5167.060000 nan 6.411658e-34
5169.060000 nan 5.822497e-34
5171.060000 nan 5.620433e-34
5173.060000 nan 5.336220e-34
5175.060000 nan 5.048952e-34
5177.060000 nan 4.794382e-34
5179.060000 nan 4.595670e-34
5181.060000 nan 4.435093e-34
5183.060000 nan 4.317908e-34
5185.060000 nan 4.168453e-34
5187.060000 nan 4.154212e-34
5189.060000 nan 4.285444e-34
5191.060000 nan 4.216740e-34
5193.060000 nan 4.083382e-34
5195.060000 nan 3.913284e-34
5197.060000 nan 3.917137e-34
5199.060000 nan 3.991856e-34
5201.060000 nan 4.093960e-34
5203.060000 nan 4.108565e-34
5205.060000 nan 3.990686e-34
5207.060000 nan 3.864186e-34
5209.060000 nan 3.913015e-34
5211.060000 nan 3.926247e-34
5213.060000 nan 3.958411e-34
5215.060000 nan 4.062684e-34
5217.060000 nan 3.945173e-34
5219.060000 nan 3.821343e-34
5221.060000 nan 3.765547e-34
5223.060000 nan 3.877515e-34
5225.060000 nan 3.902212e-34
5227.060000 nan 3.789345e-34
5229.060000 nan 3.841044e-34
5231.060000 nan 3.827529e-34
5233.060000 nan 3.744907e-34
5235.060000 nan 3.657632e-34
5237.060000 nan 3.667423e-34
5239.060000 nan 3.733971e-34
5241.060000 nan 3.679246e-34
5243.060000 nan 3.689392e-34
5245.060000 nan 3.708496e-34
5247.060000 nan 3.605762e-34
5249.060000 nan 3.523873e-34
5251.060000 nan 3.469657e-34
5253.060000 nan 3.473535e-34
5255.060000 nan 3.433407e-34
5257.060000 nan 3.378916e-34
5259.060000 nan 3.319520e-34
5261.060000 nan 3.288553e-34
5263.060000 nan 3.225800e-34
5265.060000 nan 3.105789e-34
5267.060000 nan 3.107859e-34
5269.060000 nan 3.114887e-34
5271.060000 nan 3.116116e-34
5273.060000 nan 2.920713e-34
5275.060000 nan 2.815524e-34
5277.060000 nan 2.791746e-34
5279.060000 nan 2.775628e-34
5281.060000 nan 2.777173e-34
5283.060000 nan 2.780755e-34
5285.060000 nan 2.721923e-34
5287.060000 nan 2.721855e-34
5289.060000 nan 2.725495e-34
5291.060000 nan 2.631272e-34
5293.060000 nan 2.578518e-34
5295.060000 nan 2.527491e-34
5297.060000 nan 2.442602e-34
5299.060000 nan 2.426679e-34
5301.060000 nan 2.419168e-34
5303.060000 nan 2.396915e-34
5305.060000 nan 2.356944e-34
5307.060000 nan 2.316729e-34
5309.060000 nan 2.279578e-34
5311.060000 nan 2.215069e-34
5313.060000 nan 2.175688e-34
5315.060000 nan 2.164261e-34
5317.060000 nan 2.140259e-34
5319.060000 nan 2.140841e-34
5321.060000 nan 2.154870e-34
5323.060000 nan 2.105549e-34
5325.060000 nan 2.069662e-34
5327.060000 nan 2.058830e-34
5329.060000 nan 2.137220e-34
5331.060000 nan 2.143353e-34
5333.060000 nan 2.096013e-34
5335.060000 nan 1.975819e-34
5337.060000 nan 1.940052e-34
5339.060000 nan 1.925722e-34
5341.060000 nan 1.900899e-34
5343.060000 nan 1.885100e-34
5345.060000 nan 1.865948e-34
5347.060000 nan 1.838052e-34
5349.060000 nan 1.799171e-34
5351.060000 nan 1.775136e-34
5353.060000 nan 1.771461e-34
5355.060000 nan 1.791654e-34
5357.060000 nan 1.791073e-34
5359.060000 nan 1.771061e-34
5361.060000 nan 1.774763e-34
5363.060000 nan 1.812068e-34
5365.060000 nan 1.856977e-34
5367.060000 nan 1.773146e-34
5369.060000 nan 1.687241e-34
5371.060000 nan 1.622561e-34
5373.060000 nan 1.656304e-34
5375.060000 nan 1.689948e-34
5377.060000 nan 1.720610e-34
5379.060000 nan 1.742669e-34
5381.060000 nan 1.671557e-34
5383.060000 nan 1.604942e-34
5385.060000 nan 1.599109e-34
5387.060000 nan 1.572866e-34
5389.060000 nan 1.552518e-34
5391.060000 nan 1.546285e-34
5393.060000 nan 1.539782e-34
5395.060000 nan 1.544890e-34
5397.060000 nan 1.563378e-34
5399.060000 nan 1.552002e-34
5401.060000 nan 1.528781e-34
5403.060000 nan 1.496862e-34
5405.060000 nan 1.486173e-34
5407.060000 nan 1.490415e-34
5409.060000 nan 1.501721e-34
5411.060000 nan 1.496534e-34
5413.060000 nan 1.477556e-34
5415.060000 nan 1.457019e-34
5417.060000 nan 1.455597e-34
5419.060000 nan 1.464181e-34
5421.060000 nan 1.466510e-34
5423.060000 nan 1.443945e-34
5425.060000 nan 1.410717e-34
5427.060000 nan 1.376758e-34
5429.060000 nan 1.345935e-34
5431.060000 nan 1.344726e-34
5433.060000 nan 1.368386e-34
5435.060000 nan 1.421077e-34
5437.060000 nan 1.415580e-34
5439.060000 nan 1.393607e-34
5441.060000 nan 1.358021e-34
5443.060000 nan 1.349012e-34
5445.060000 nan 1.350876e-34
5447.060000 nan 1.359494e-34
5449.060000 nan 1.351080e-34
5451.060000 nan 1.369539e-34
5453.060000 nan 1.399547e-34
5455.060000 nan 1.408134e-34
5457.060000 nan 1.374216e-34
5459.060000 nan 1.336487e-34
5461.060000 nan 1.345652e-34
5463.060000 nan 1.342215e-34
5465.060000 nan 1.341393e-34
5467.060000 nan 1.355106e-34
5469.060000 nan 1.313373e-34
5471.060000 nan 1.270249e-34
5473.060000 nan 1.242411e-34
5475.060000 nan 1.262467e-34
5477.060000 nan 1.256450e-34
5479.060000 nan 1.212009e-34
5481.060000 nan 1.210858e-34
5483.060000 nan 1.214374e-34
5485.060000 nan 1.221292e-34
5487.060000 nan 1.225149e-34
5489.060000 nan 1.213465e-34
5491.060000 nan 1.193060e-34
5493.060000 nan 1.189544e-34
5495.060000 nan 1.172838e-34
5497.060000 nan 1.150312e-34
5499.060000 nan 1.132599e-34
5501.060000 nan 1.151179e-34
5503.060000 nan 1.179556e-34
5505.060000 nan 1.196632e-34
5507.060000 nan 1.173615e-34
5509.060000 nan 1.135179e-34
5511.060000 nan 1.086428e-34
5513.060000 nan 1.061434e-34
5515.060000 nan 1.048011e-34
5517.060000 nan 1.046385e-34
5519.060000 nan 1.028488e-34
5521.060000 nan 1.022588e-34
5523.060000 nan 1.031515e-34
5525.060000 nan 1.045370e-34
5527.060000 nan 1.058677e-34
5529.060000 nan 1.071898e-34
5531.060000 nan 1.089816e-34
5533.060000 nan 1.101645e-34
5535.060000 nan 1.104386e-34
5537.060000 nan 1.076492e-34
5539.060000 nan 1.067575e-34
5541.060000 nan 1.067235e-34
5543.060000 nan 1.065606e-34
5545.060000 nan 1.030929e-34
5547.060000 nan 1.004896e-34
5549.060000 nan 1.028184e-34
5551.060000 nan 1.050367e-34
5553.060000 nan 1.058779e-34
5555.060000 nan 1.042607e-34
5557.060000 nan 1.025147e-34
5559.060000 nan 1.006645e-34
5561.060000 nan 9.869492e-35
5563.060000 nan 1.053351e-34
5565.060000 nan 1.102052e-34
5567.060000 nan 1.129551e-34
5569.060000 nan 1.173749e-34
5571.060000 nan 1.325575e-34
5573.060000 nan 1.577316e-34
5575.060000 nan 1.982504e-34
5577.060000 nan 2.214983e-34
5579.060000 nan 2.266119e-34
5581.060000 nan 1.916564e-34
5583.060000 nan 1.555626e-34
5585.060000 nan 1.245581e-34
5587.060000 nan 1.111778e-34
5589.060000 nan 1.052263e-34
5591.060000 nan 1.022795e-34
5593.060000 nan 1.012201e-34
5595.060000 nan 1.004384e-34
5597.060000 nan 9.809383e-35
5599.060000 nan 9.311653e-35
5601.060000 nan 9.402495e-35
5603.060000 nan 9.537616e-35
5605.060000 nan 9.660031e-35
5607.060000 nan 9.841090e-35
5609.060000 nan 9.838322e-35
5611.060000 nan 9.668655e-35
5613.060000 nan 9.561055e-35
5615.060000 nan 9.615219e-35
5617.060000 nan 9.714704e-35
5619.060000 nan 9.344550e-35
5621.060000 nan 9.082577e-35
5623.060000 nan 8.922637e-35
5625.060000 nan 8.953851e-35
5627.060000 nan 9.083045e-35
5629.060000 nan 9.147324e-35
5631.060000 nan 8.931045e-35
5633.060000 nan 8.836794e-35
5635.060000 nan 8.809571e-35
5637.060000 nan 8.854845e-35
5639.060000 nan 8.858486e-35
5641.060000 nan 8.819413e-35
5643.060000 nan 8.726729e-35
5645.060000 nan 8.594940e-35
5647.060000 nan 8.448856e-35
5649.060000 nan 8.290085e-35
5651.060000 nan 8.166417e-35
5653.060000 nan 8.171290e-35
5655.060000 nan 8.258573e-35
5657.060000 nan 8.059439e-35
5659.060000 nan 7.930826e-35
5661.060000 nan 7.900964e-35
5663.060000 nan 8.180509e-35
5665.060000 nan 8.192825e-35
5667.060000 nan 8.106477e-35
5669.060000 nan 8.106005e-35
5671.060000 nan 7.999946e-35
5673.060000 nan 7.863265e-35
5675.060000 nan 7.735497e-35
5677.060000 nan 7.801294e-35
5679.060000 nan 7.882574e-35
5681.060000 nan 7.918387e-35
5683.060000 nan 7.865656e-35
5685.060000 nan 7.943541e-35
5687.060000 nan 8.208339e-35
5689.060000 nan 8.285886e-35
5691.060000 nan 8.174650e-35
5693.060000 nan 7.889709e-35
5695.060000 nan 7.833198e-35
5697.060000 nan 7.714989e-35
5699.060000 nan 7.591620e-35
5701.060000 nan 7.820994e-35
5703.060000 nan 7.721790e-35
5705.060000 nan 7.499235e-35
5707.060000 nan 7.566490e-35
5709.060000 nan 7.655697e-35
5711.060000 nan 7.744702e-35
5713.060000 nan 7.805459e-35
5715.060000 nan 7.601547e-35
5717.060000 nan 7.420620e-35
5719.060000 nan 7.452013e-35
5721.060000 nan 7.428626e-35
5723.060000 nan 7.460583e-35
5725.060000 nan 7.596389e-35
5727.060000 nan 7.674885e-35
5729.060000 nan 7.643523e-35
5731.060000 nan 7.486542e-35
5733.060000 nan 7.540955e-35
5735.060000 nan 7.512312e-35
5737.060000 nan 7.402274e-35
5739.060000 nan 7.224624e-35
5741.060000 nan 7.127406e-35
5743.060000 nan 7.104480e-35
5745.060000 nan 7.212354e-35
5747.060000 nan 7.151715e-35
5749.060000 nan 7.003926e-35
5751.060000 nan 6.847100e-35
5753.060000 nan 6.921527e-35
5755.060000 nan 7.060876e-35
5757.060000 nan 7.150329e-35
5759.060000 nan 6.894510e-35
5761.060000 nan 6.744494e-35
5763.060000 nan 6.962219e-35
5765.060000 nan 6.877987e-35
5767.060000 nan 6.748440e-35
5769.060000 nan 6.615756e-35
5771.060000 nan 6.694621e-35
5773.060000 nan 6.664113e-35
5775.060000 nan 6.506520e-35
5777.060000 nan 6.660209e-35
5779.060000 nan 6.679973e-35
5781.060000 nan 6.600184e-35
5783.060000 nan 6.628263e-35
5785.060000 nan 6.782130e-35
5787.060000 nan 6.957620e-35
5789.060000 nan 6.830692e-35
5791.060000 nan 6.706204e-35
5793.060000 nan 6.596489e-35
5795.060000 nan 6.533884e-35
5797.060000 nan 6.426008e-35
5799.060000 nan 6.337804e-35
5801.060000 nan 6.330778e-35
5803.060000 nan 6.396488e-35
5805.060000 nan 6.446384e-35
5807.060000 nan 6.442850e-35
5809.060000 nan 6.291675e-35
5811.060000 nan 6.187751e-35
5813.060000 nan 6.166507e-35
5815.060000 nan 6.231865e-35
5817.060000 nan 6.311205e-35
5819.060000 nan 6.392767e-35
5821.060000 nan 6.261751e-35
5823.060000 nan 6.246540e-35
5825.060000 nan 6.330596e-35
5827.060000 nan 6.525283e-35
5829.060000 nan 6.493051e-35
5831.060000 nan 6.352602e-35
5833.060000 nan 6.288114e-35
5835.060000 nan 6.520164e-35
5837.060000 nan 6.755189e-35
5839.060000 nan 6.644539e-35
5841.060000 nan 6.577970e-35
5843.060000 nan 6.492662e-35
5845.060000 nan 6.341873e-35
5847.060000 nan 6.207639e-35
5849.060000 nan 6.145172e-35
5851.060000 nan 6.190566e-35
5853.060000 nan 6.199153e-35
5855.060000 nan 6.207590e-35
5857.060000 nan 6.219356e-35
5859.060000 nan 6.310294e-35
5861.060000 nan 6.317099e-35
5863.060000 nan 6.230109e-35
5865.060000 nan 5.872207e-35
5867.060000 nan 5.980921e-35
5869.060000 nan 6.342955e-35
5871.060000 nan 6.334912e-35
5873.060000 nan 6.231672e-35
5875.060000 nan 6.087056e-35
5877.060000 nan 5.963813e-35
5879.060000 nan 5.959649e-35
5881.060000 nan 6.012539e-35
5883.060000 nan 6.105540e-35
5885.060000 nan 6.333717e-35
5887.060000 nan 6.594685e-35
5889.060000 nan 6.857710e-35
5891.060000 nan 6.781176e-35
5893.060000 nan 6.769173e-35
5895.060000 nan 6.913408e-35
5897.060000 nan 6.725761e-35
5899.060000 nan 6.455784e-35
5901.060000 nan 6.123004e-35
5903.060000 nan 6.087606e-35
5905.060000 nan 6.006913e-35
5907.060000 nan 5.904266e-35
5909.060000 nan 5.946868e-35
5911.060000 nan 6.067401e-35
5913.060000 nan 6.196378e-35
5915.060000 nan 6.124196e-35
5917.060000 nan 5.979313e-35
5919.060000 nan 5.855656e-35
5921.060000 nan 5.909871e-35
5923.060000 nan 5.675527e-35
5925.060000 nan 5.514685e-35
5927.060000 nan 5.732178e-35
5929.060000 nan 5.835027e-35
5931.060000 nan 5.882729e-35
5933.060000 nan 5.875105e-35
5935.060000 nan 5.929341e-35
5937.060000 nan 5.787031e-35
5939.060000 nan 5.386305e-35
5941.060000 nan 5.433109e-35
5943.060000 nan 5.518496e-35
5945.060000 nan 5.631909e-35
5947.060000 nan 5.787381e-35
5949.060000 nan 5.814879e-35
5951.060000 nan 5.756628e-35
5953.060000 nan 5.751631e-35
5955.060000 nan 5.778814e-35
5957.060000 nan 5.842876e-35
5959.060000 nan 5.993070e-35
5961.060000 nan 5.874655e-35
5963.060000 nan 5.650652e-35
5965.060000 nan 5.423352e-35
5967.060000 nan 5.485171e-35
5969.060000 nan 5.533286e-35
5971.060000 nan 5.393319e-35
5973.060000 nan 5.367323e-35
5975.060000 nan 5.404082e-35
5977.060000 nan 5.508539e-35
5979.060000 nan 5.490815e-35
5981.060000 nan 5.541378e-35
5983.060000 nan 5.681090e-35
5985.060000 nan 5.540717e-35
5987.060000 nan 5.397853e-35
5989.060000 nan 5.263534e-35
5991.060000 nan 5.271519e-35
5993.060000 nan 5.327888e-35
5995.060000 nan 5.416647e-35
5997.060000 nan 5.510329e-35
5999.060000 nan 5.544501e-35
6001.060000 nan 5.543333e-35
6003.060000 nan 5.517004e-35
6005.060000 nan 5.355805e-35
6007.060000 nan 5.209365e-35
6009.060000 nan 5.219584e-35
6011.060000 nan 5.155570e-35
6013.060000 nan 5.140165e-35
6015.060000 nan 5.246331e-35
6017.060000 nan 5.250859e-35
6019.060000 nan 5.259250e-35
6021.060000 nan 5.291214e-35
6023.060000 nan 5.178225e-35
6025.060000 nan 5.166433e-35
6027.060000 nan 5.266226e-35
6029.060000 nan 5.332786e-35
6031.060000 nan 5.355360e-35
6033.060000 nan 5.338335e-35
6035.060000 nan 5.273310e-35
6037.060000 nan 5.122144e-35
6039.060000 nan 4.946629e-35
6041.060000 nan 4.903906e-35
6043.060000 nan 4.867076e-35
6045.060000 nan 4.862667e-35
6047.060000 nan 4.955574e-35
6049.060000 nan 5.000195e-35
6051.060000 nan 5.003460e-35
6053.060000 nan 4.945351e-35
6055.060000 nan 4.839681e-35
6057.060000 nan 4.797345e-35
6059.060000 nan 4.875664e-35
6061.060000 nan 4.890870e-35
6063.060000 nan 4.921092e-35
6065.060000 nan 4.977828e-35
6067.060000 nan 4.959034e-35
6069.060000 nan 4.988400e-35
6071.060000 nan 5.051929e-35
6073.060000 nan 4.875272e-35
6075.060000 nan 4.740165e-35
6077.060000 nan 4.659182e-35
6079.060000 nan 4.758947e-35
6081.060000 nan 4.746612e-35
6083.060000 nan 4.702640e-35
6085.060000 nan 4.775521e-35
6087.060000 nan 4.715128e-35
6089.060000 nan 4.645322e-35
6091.060000 nan 4.692605e-35
6093.060000 nan 4.672937e-35
6095.060000 nan 4.635931e-35
6097.060000 nan 4.598774e-35
6099.060000 nan 4.609453e-35
6101.060000 nan 4.587700e-35
6103.060000 nan 4.506102e-35
6105.060000 nan 4.710534e-35
6107.060000 nan 4.800213e-35
6109.060000 nan 4.738340e-35
6111.060000 nan 4.730883e-35
6113.060000 nan 4.739454e-35
6115.060000 nan 4.774141e-35
6117.060000 nan 4.962530e-35
6119.060000 nan 4.915100e-35
6121.060000 nan 4.728465e-35
6123.060000 nan 4.610029e-35
6125.060000 nan 4.522581e-35
6127.060000 nan 4.458324e-35
6129.060000 nan 4.425496e-35
6131.060000 nan 4.455663e-35
6133.060000 nan 4.529575e-35
6135.060000 nan 4.660556e-35
6137.060000 nan 4.665928e-35
6139.060000 nan 4.593331e-35
6141.060000 nan 4.429168e-35
6143.060000 nan 4.490740e-35
6145.060000 nan 4.533909e-35
6147.060000 nan 4.514435e-35
6149.060000 nan 4.572087e-35
6151.060000 nan 4.617485e-35
6153.060000 nan 4.645466e-35
6155.060000 nan 4.620594e-35
6157.060000 nan 4.610703e-35
6159.060000 nan 4.611026e-35
6161.060000 nan 4.599474e-35
6163.060000 nan 4.442982e-35
6165.060000 nan 4.240829e-35
6167.060000 nan 4.222495e-35
6169.060000 nan 4.222126e-35
6171.060000 nan 4.253831e-35
6173.060000 nan 4.363300e-35
6175.060000 nan 4.354409e-35
6177.060000 nan 4.390864e-35
6179.060000 nan 4.604740e-35
6181.060000 nan 4.532755e-35
6183.060000 nan 4.457447e-35
6185.060000 nan 4.462270e-35
6187.060000 nan 4.391480e-35
6189.060000 nan 4.347452e-35
6191.060000 nan 4.344718e-35
6193.060000 nan 4.388749e-35
6195.060000 nan 4.384153e-35
6197.060000 nan 4.344466e-35
6199.060000 nan 4.484353e-35
6201.060000 nan 4.479193e-35
6203.060000 nan 4.374160e-35
6205.060000 nan 4.275586e-35
6207.060000 nan 4.381714e-35
6209.060000 nan 4.495243e-35
6211.060000 nan 4.203995e-35
6213.060000 nan 4.168475e-35
6215.060000 nan 4.229283e-35
6217.060000 nan 4.294926e-35
6219.060000 nan 4.306190e-35
6221.060000 nan 4.264140e-35
6223.060000 nan 4.143247e-35
6225.060000 nan 4.031730e-35
6227.060000 nan 4.014803e-35
6229.060000 nan 4.134781e-35
6231.060000 nan 4.213103e-35
6233.060000 nan 4.327704e-35
6235.060000 nan 4.484142e-35
6237.060000 nan 4.521766e-35
6239.060000 nan 4.481808e-35
6241.060000 nan 4.366494e-35
6243.060000 nan 4.129431e-35
6245.060000 nan 3.930232e-35
6247.060000 nan 3.793665e-35
6249.060000 nan 3.877702e-35
6251.060000 nan 4.009595e-35
6253.060000 nan 4.108176e-35
6255.060000 nan 4.010626e-35
6257.060000 nan 4.097969e-35
6259.060000 nan 4.178384e-35
6261.060000 nan 4.094946e-35
6263.060000 nan 4.078948e-35
6265.060000 nan 4.072116e-35
6267.060000 nan 4.056146e-35
6269.060000 nan 3.943971e-35
6271.060000 nan 3.837636e-35
6273.060000 nan 3.754003e-35
6275.060000 nan 3.693354e-35
6277.060000 nan 3.664341e-35
6279.060000 nan 3.670939e-35
6281.060000 nan 3.810175e-35
6283.060000 nan 3.898037e-35
6285.060000 nan 3.944739e-35
6287.060000 nan 3.970961e-35
6289.060000 nan 3.992868e-35
6291.060000 nan 4.006729e-35
6293.060000 nan 3.994110e-35
6295.060000 nan 4.163743e-35
6297.060000 nan 4.450929e-35
6299.060000 nan 4.870977e-35
6301.060000 nan 4.894871e-35
6303.060000 nan 4.749190e-35
6305.060000 nan 4.477730e-35
6307.060000 nan 4.288362e-35
6309.060000 nan 4.125399e-35
6311.060000 nan 3.981474e-35
6313.060000 nan 3.990726e-35
6315.060000 nan 3.930914e-35
6317.060000 nan 3.772422e-35
6319.060000 nan 3.721625e-35
6321.060000 nan 3.791308e-35
6323.060000 nan 3.956197e-35
6325.060000 nan 3.920316e-35
6327.060000 nan 3.904982e-35
6329.060000 nan 3.899708e-35
6331.060000 nan 3.868158e-35
6333.060000 nan 3.812192e-35
6335.060000 nan 3.751519e-35
6337.060000 nan 3.721219e-35
6339.060000 nan 3.769557e-35
6341.060000 nan 3.809038e-35
6343.060000 nan 3.747916e-35
6345.060000 nan 3.760133e-35
6347.060000 nan 3.747980e-35
6349.060000 nan 3.654036e-35
6351.060000 nan 3.683751e-35
6353.060000 nan 3.730977e-35
6355.060000 nan 3.777981e-35
6357.060000 nan 3.783239e-35
6359.060000 nan 3.828331e-35
6361.060000 nan 3.918088e-35
6363.060000 nan 3.934315e-35
6365.060000 nan 3.877302e-35
6367.060000 nan 3.771136e-35
6369.060000 nan 3.780902e-35
6371.060000 nan 3.745301e-35
6373.060000 nan 3.703398e-35
6375.060000 nan 3.778725e-35
6377.060000 nan 3.794428e-35
6379.060000 nan 3.794280e-35
6381.060000 nan 3.831802e-35
6383.060000 nan 3.832120e-35
6385.060000 nan 3.814816e-35
6387.060000 nan 3.783475e-35
6389.060000 nan 3.825766e-35
6391.060000 nan 3.818963e-35
6393.060000 nan 3.700512e-35
6395.060000 nan 3.744931e-35
6397.060000 nan 3.784781e-35
6399.060000 nan 3.795191e-35
6401.060000 nan 3.692907e-35
6403.060000 nan 3.667451e-35
6405.060000 nan 3.717724e-35
6407.060000 nan 3.696122e-35
6409.060000 nan 3.644768e-35
6411.060000 nan 3.590597e-35
6413.060000 nan 3.691550e-35
6415.060000 nan 3.681731e-35
6417.060000 nan 3.602706e-35
6419.060000 nan 3.486156e-35
6421.060000 nan 3.519145e-35
6423.060000 nan 3.596334e-35
6425.060000 nan 3.627309e-35
6427.060000 nan 3.550749e-35
6429.060000 nan 3.460199e-35
6431.060000 nan 3.402507e-35
6433.060000 nan 3.424373e-35
6435.060000 nan 3.494708e-35
6437.060000 nan 3.619754e-35
6439.060000 nan 3.618986e-35
6441.060000 nan 3.597964e-35
6443.060000 nan 3.565141e-35
6445.060000 nan 3.533960e-35
6447.060000 nan 3.532288e-35
6449.060000 nan 3.556874e-35
6451.060000 nan 3.582845e-35
6453.060000 nan 3.544064e-35
6455.060000 nan 3.472181e-35
6457.060000 nan 3.464793e-35
6459.060000 nan 3.458049e-35
6461.060000 nan 3.465726e-35
6463.060000 nan 3.528102e-35
6465.060000 nan 3.552892e-35
6467.060000 nan 3.585575e-35
6469.060000 nan 3.673878e-35
6471.060000 nan 3.667599e-35
6473.060000 nan 3.648542e-35
6475.060000 nan 3.647349e-35
6477.060000 nan 3.583036e-35
6479.060000 nan 3.569045e-35
6481.060000 nan 3.638121e-35
6483.060000 nan 3.595554e-35
6485.060000 nan 3.542541e-35
6487.060000 nan 3.485850e-35
6489.060000 nan 3.486807e-35
6491.060000 nan 3.501694e-35
6493.060000 nan 3.534584e-35
6495.060000 nan 3.636580e-35
6497.060000 nan 3.672587e-35
6499.060000 nan 3.670664e-35
6501.060000 nan 3.677470e-35
6503.060000 nan 3.590052e-35
6505.060000 nan 3.483289e-35
6507.060000 nan 3.450193e-35
6509.060000 nan 3.405632e-35
6511.060000 nan 3.370669e-35
6513.060000 nan 3.366321e-35
6515.060000 nan 3.411268e-35
6517.060000 nan 3.452995e-35
6519.060000 nan 3.472652e-35
6521.060000 nan 3.507730e-35
6523.060000 nan 3.586225e-35
6525.060000 nan 3.717919e-35
6527.060000 nan 3.670867e-35
6529.060000 nan 3.630155e-35
6531.060000 nan 3.598966e-35
6533.060000 nan 3.547186e-35
6535.060000 nan 3.469659e-35
6537.060000 nan 3.384801e-35
6539.060000 nan 3.387008e-35
6541.060000 nan 3.378242e-35
6543.060000 nan 3.381785e-35
6545.060000 nan 3.465578e-35
6547.060000 nan 3.460657e-35
6549.060000 nan 3.432704e-35
6551.060000 nan 3.438258e-35
6553.060000 nan 3.521263e-35
6555.060000 nan 3.564704e-35
6557.060000 nan 3.483212e-35
6559.060000 nan 3.358284e-35
6561.060000 nan 3.288344e-35
6563.060000 nan 3.313458e-35
6565.060000 nan 3.291321e-35
6567.060000 nan 3.331452e-35
6569.060000 nan 3.447315e-35
6571.060000 nan 3.445946e-35
6573.060000 nan 3.426364e-35
6575.060000 nan 3.396697e-35
6577.060000 nan 3.443373e-35
6579.060000 nan 3.466846e-35
6581.060000 nan 3.470952e-35
6583.060000 nan 3.449152e-35
6585.060000 nan 3.396381e-35
6587.060000 nan 3.345501e-35
6589.060000 nan 3.357832e-35
6591.060000 nan 3.406502e-35
6593.060000 nan 3.462083e-35
6595.060000 nan 3.503446e-35
6597.060000 nan 3.392594e-35
6599.060000 nan 3.317494e-35
6601.060000 nan 3.372962e-35
6603.060000 nan 3.416505e-35
6605.060000 nan 3.433905e-35
6607.060000 nan 3.417339e-35
6609.060000 nan 3.381591e-35
6611.060000 nan 3.359139e-35
6613.060000 nan 3.351347e-35
6615.060000 nan 3.338781e-35
6617.060000 nan 3.353009e-35
6619.060000 nan 3.389305e-35
6621.060000 nan 3.435297e-35
6623.060000 nan 3.487505e-35
6625.060000 nan 3.527238e-35
6627.060000 nan 3.485369e-35
6629.060000 nan 3.458611e-35
6631.060000 nan 3.446686e-35
6633.060000 nan 3.461964e-35
6635.060000 nan 3.506201e-35
6637.060000 nan 3.549440e-35
6639.060000 nan 3.570694e-35
6641.060000 nan 3.547352e-35
6643.060000 nan 3.513069e-35
6645.060000 nan 3.474706e-35
6647.060000 nan 3.513362e-35
6649.060000 nan 3.503734e-35
6651.060000 nan 3.424386e-35
6653.060000 nan 3.518150e-35
6655.060000 nan 3.553750e-35
6657.060000 nan 3.529301e-35
6659.060000 nan 3.467870e-35
6661.060000 nan 3.397307e-35
6663.060000 nan 3.325588e-35
6665.060000 nan 3.292905e-35
6667.060000 nan 3.314900e-35
6669.060000 nan 3.365029e-35
6671.060000 nan 3.412325e-35
6673.060000 nan 3.485989e-35
6675.060000 nan 3.546332e-35
6677.060000 nan 3.540296e-35
6679.060000 nan 3.498200e-35
6681.060000 nan 3.440849e-35
6683.060000 nan 3.371407e-35
6685.060000 nan 3.415382e-35
6687.060000 nan 3.424995e-35
6689.060000 nan 3.356512e-35
6691.060000 nan 3.449845e-35
6693.060000 nan 3.518903e-35
6695.060000 nan 3.547335e-35
6697.060000 nan 3.463084e-35
6699.060000 nan 3.392957e-35
6701.060000 nan 3.340435e-35
6703.060000 nan 3.356626e-35
6705.060000 nan 3.359640e-35
6707.060000 nan 3.348278e-35
6709.060000 nan 3.301829e-35
6711.060000 nan 3.299538e-35
6713.060000 nan 3.319567e-35
6715.060000 nan 3.345221e-35
6717.060000 nan 3.330997e-35
6719.060000 nan 3.325151e-35
6721.060000 nan 3.373670e-35
6723.060000 nan 3.365650e-35
6725.060000 nan 3.337527e-35
6727.060000 nan 3.295431e-35
6729.060000 nan 3.314226e-35
6731.060000 nan 3.332309e-35
6733.060000 nan 3.339247e-35
6735.060000 nan 3.370376e-35
6737.060000 nan 3.391841e-35
6739.060000 nan 3.401160e-35
6741.060000 nan 3.369814e-35
6743.060000 nan 3.382881e-35
6745.060000 nan 3.428839e-35
6747.060000 nan 3.463071e-35
6749.060000 nan 3.505166e-35
6751.060000 nan 3.536514e-35
6753.060000 nan 3.493326e-35
6755.060000 nan 3.446966e-35
6757.060000 nan 3.403394e-35
6759.060000 nan 3.372854e-35
6761.060000 nan 3.382661e-35
6763.060000 nan 3.393812e-35
6765.060000 nan 3.381882e-35
6767.060000 nan 3.445032e-35
6769.060000 nan 3.517586e-35
6771.060000 nan 3.583013e-35
6773.060000 nan 3.531045e-35
6775.060000 nan 3.462828e-35
6777.060000 nan 3.388081e-35
6779.060000 nan 3.321624e-35
6781.060000 nan 3.308704e-35
6783.060000 nan 3.343695e-35
6785.060000 nan 3.354815e-35
6787.060000 nan 3.394117e-35
6789.060000 nan 3.442124e-35
6791.060000 nan 3.413971e-35
6793.060000 nan 3.343290e-35
6795.060000 nan 3.265176e-35
6797.060000 nan 3.246822e-35
6799.060000 nan 3.231605e-35
6801.060000 nan 3.218858e-35
6803.060000 nan 3.209740e-35
6805.060000 nan 3.186647e-35
6807.060000 nan 3.159184e-35
6809.060000 nan 3.129984e-35
6811.060000 nan 3.180466e-35
6813.060000 nan 3.211936e-35
6815.060000 nan 3.197985e-35
6817.060000 nan 3.168853e-35
6819.060000 nan 3.187280e-35
6821.060000 nan 3.258230e-35
6823.060000 nan 3.218879e-35
6825.060000 nan 3.266437e-35
6827.060000 nan 3.387796e-35
6829.060000 nan 3.523438e-35
6831.060000 nan 3.557549e-35
6833.060000 nan 3.527450e-35
6835.060000 nan 3.493672e-35
6837.060000 nan 3.476737e-35
6839.060000 nan 3.430332e-35
6841.060000 nan 3.251981e-35
6843.060000 nan 3.164009e-35
6845.060000 nan 3.116077e-35
6847.060000 nan 3.094370e-35
6849.060000 nan 3.066903e-35
6851.060000 nan 3.052071e-35
6853.060000 nan 3.061873e-35
6855.060000 nan 3.129064e-35
6857.060000 nan 3.193463e-35
6859.060000 nan 3.245233e-35
6861.060000 nan 3.380784e-35
6863.060000 nan 3.473043e-35
6865.060000 nan 3.509870e-35
6867.060000 nan 3.295719e-35
6869.060000 nan 3.110150e-35
6871.060000 nan 2.958889e-35
6873.060000 nan 2.916281e-35
6875.060000 nan 2.904059e-35
6877.060000 nan 2.934714e-35
6879.060000 nan 3.086925e-35
6881.060000 nan 3.168288e-35
6883.060000 nan 3.228539e-35
6885.060000 nan 3.312909e-35
6887.060000 nan 3.370573e-35
6889.060000 nan 3.395584e-35
6891.060000 nan 3.365971e-35
6893.060000 nan 3.308598e-35
6895.060000 nan 3.309214e-35
6897.060000 nan 3.410285e-35
6899.060000 nan 3.476142e-35
6901.060000 nan 3.491544e-35
6903.060000 nan 3.450177e-35
6905.060000 nan 3.298568e-35
6907.060000 nan 3.220504e-35
6909.060000 nan 3.217479e-35
6911.060000 nan 3.331788e-35
6913.060000 nan 3.437077e-35
6915.060000 nan 3.522965e-35
6917.060000 nan 3.520091e-35
6919.060000 nan 3.567100e-35
6921.060000 nan 3.643866e-35
6923.060000 nan 3.739143e-35
6925.060000 nan 3.755195e-35
6927.060000 nan 3.705678e-35
6929.060000 nan 3.556108e-35
6931.060000 nan 3.467938e-35
6933.060000 nan 3.430775e-35
6935.060000 nan 3.463754e-35
6937.060000 nan 3.514564e-35
6939.060000 nan 3.537466e-35
6941.060000 nan 3.516541e-35
6943.060000 nan 3.583317e-35
6945.060000 nan 3.658236e-35
6947.060000 nan 3.734360e-35
6949.060000 nan 3.673391e-35
6951.060000 nan 3.557688e-35
6953.060000 nan 3.402202e-35
6955.060000 nan 3.300540e-35
6957.060000 nan 3.278979e-35
6959.060000 nan 3.294210e-35
6961.060000 nan 3.242380e-35
6963.060000 nan 3.244671e-35
6965.060000 nan 3.274653e-35
6967.060000 nan 3.316266e-35
6969.060000 nan 3.390732e-35
6971.060000 nan 3.469962e-35
6973.060000 nan 3.535785e-35
6975.060000 nan 3.564288e-35
6977.060000 nan 3.585424e-35
6979.060000 nan 3.607041e-35
6981.060000 nan 3.508626e-35
6983.060000 nan 3.410844e-35
6985.060000 nan 3.331207e-35
6987.060000 nan 3.343141e-35
6989.060000 nan 3.347001e-35
6991.060000 nan 3.339280e-35
6993.060000 nan 3.310171e-35
6995.060000 nan 3.289199e-35
6997.060000 nan 3.272353e-35
6999.060000 nan 3.240229e-35
7001.060000 nan 3.273377e-35
7003.060000 nan 3.327869e-35
7005.060000 nan 3.315939e-35
7007.060000 nan 3.283159e-35
7009.060000 nan 3.264429e-35
7011.060000 nan 3.312785e-35
7013.060000 nan 3.274944e-35
7015.060000 nan 3.226958e-35
7017.060000 nan 3.207582e-35
7019.060000 nan 3.200721e-35
7021.060000 nan 3.234013e-35
7023.060000 nan 3.326791e-35
7025.060000 nan 3.392359e-35
7027.060000 nan 3.427454e-35
7029.060000 nan 3.429367e-35
7031.060000 nan 3.351948e-35
7033.060000 nan 3.273044e-35
7035.060000 nan 3.200071e-35
7037.060000 nan 3.226278e-35
7039.060000 nan 3.214109e-35
7041.060000 nan 3.190166e-35
7043.060000 nan 3.254705e-35
7045.060000 nan 3.281375e-35
7047.060000 nan 3.308099e-35
7049.060000 nan 3.407366e-35
7051.060000 nan 3.467925e-35
7053.060000 nan 3.487170e-35
7055.060000 nan 3.433354e-35
7057.060000 nan 3.427503e-35
7059.060000 nan 3.430754e-35
7061.060000 nan 3.429925e-35
7063.060000 nan 3.377313e-35
7065.060000 nan 3.318149e-35
7067.060000 nan 3.259700e-35
7069.060000 nan 3.240941e-35
7071.060000 nan 3.234329e-35
7073.060000 nan 3.238919e-35
7075.060000 nan 3.269116e-35
7077.060000 nan 3.281597e-35
7079.060000 nan 3.280348e-35
7081.060000 nan 3.283903e-35
7083.060000 nan 3.225698e-35
7085.060000 nan 3.149314e-35
7087.060000 nan 3.172026e-35
7089.060000 nan 3.246288e-35
7091.060000 nan 3.326443e-35
7093.060000 nan 3.350587e-35
7095.060000 nan 3.311109e-35
7097.060000 nan 3.266886e-35
7099.060000 nan 3.257194e-35
7101.060000 nan 3.228268e-35
7103.060000 nan 3.186067e-35
7105.060000 nan 3.127733e-35
7107.060000 nan 3.137774e-35
7109.060000 nan 3.149999e-35
7111.060000 nan 3.155869e-35
7113.060000 nan 3.109317e-35
7115.060000 nan 3.074273e-35
7117.060000 nan 3.053425e-35
7119.060000 nan 3.071743e-35
7121.060000 nan 3.106899e-35
7123.060000 nan 3.151151e-35
7125.060000 nan 3.171578e-35
7127.060000 nan 3.163464e-35
7129.060000 nan 3.140054e-35
7131.060000 nan 3.116963e-35
7133.060000 nan 3.070599e-35
7135.060000 nan 3.027134e-35
7137.060000 nan 3.018579e-35
7139.060000 nan 3.036833e-35
7141.060000 nan 3.082207e-35
7143.060000 nan 3.169104e-35
7145.060000 nan 3.194603e-35
7147.060000 nan 3.196092e-35
7149.060000 nan 3.176118e-35
7151.060000 nan 3.129226e-35
7153.060000 nan 3.077467e-35
7155.060000 nan 3.022438e-35
7157.060000 nan 2.972269e-35
7159.060000 nan 2.955400e-35
7161.060000 nan 2.969582e-35
7163.060000 nan 3.011795e-35
7165.060000 nan 3.038753e-35
7167.060000 nan 3.047358e-35
7169.060000 nan 3.004402e-35
7171.060000 nan 2.984488e-35
7173.060000 nan 2.979653e-35
7175.060000 nan 2.989809e-35
7177.060000 nan 2.986363e-35
7179.060000 nan 2.960276e-35
7181.060000 nan 2.887938e-35
7183.060000 nan 2.844714e-35
7185.060000 nan 2.816002e-35
7187.060000 nan 2.801967e-35
7189.060000 nan 2.739975e-35
7191.060000 nan 2.701341e-35
7193.060000 nan 2.703569e-35
7195.060000 nan 2.719739e-35
7197.060000 nan 2.755222e-35
7199.060000 nan 2.809222e-35
7201.060000 nan 2.828124e-35
7203.060000 nan 2.819950e-35
7205.060000 nan 2.791863e-35
7207.060000 nan 2.776733e-35
7209.060000 nan 2.797171e-35
7211.060000 nan 2.831424e-35
7213.060000 nan 2.829876e-35
7215.060000 nan 2.838937e-35
7217.060000 nan 2.861866e-35
7219.060000 nan 2.915141e-35
7221.060000 nan 3.001184e-35
7223.060000 nan 3.054890e-35
7225.060000 nan 3.012609e-35
7227.060000 nan 2.983127e-35
7229.060000 nan 3.011993e-35
7231.060000 nan 3.134042e-35
7233.060000 nan 3.257940e-35
7235.060000 nan 3.441976e-35
7237.060000 nan 3.700788e-35
7239.060000 nan 3.977171e-35
7241.060000 nan 4.219726e-35
7243.060000 nan 4.418412e-35
7245.060000 nan 4.395297e-35
7247.060000 nan 4.211654e-35
7249.060000 nan 3.925344e-35
7251.060000 nan 3.721261e-35
7253.060000 nan 3.541976e-35
7255.060000 nan 3.382030e-35
7257.060000 nan 3.248838e-35
7259.060000 nan 3.170720e-35
7261.060000 nan 3.121125e-35
7263.060000 nan 3.093249e-35
7265.060000 nan 3.112762e-35
7267.060000 nan 3.156778e-35
7269.060000 nan 3.225731e-35
7271.060000 nan 3.481278e-35
7273.060000 nan 3.816152e-35
7275.060000 nan 4.226333e-35
7277.060000 nan 4.271113e-35
7279.060000 nan 4.212299e-35
7281.060000 nan 4.065275e-35
7283.060000 nan 3.910874e-35
7285.060000 nan 3.734983e-35
7287.060000 nan 3.539562e-35
7289.060000 nan 3.329051e-35
7291.060000 nan 3.239298e-35
7293.060000 nan 3.232113e-35
7295.060000 nan 3.256545e-35
7297.060000 nan 3.282579e-35
7299.060000 nan 3.317767e-35
7301.060000 nan 3.383620e-35
7303.060000 nan 3.403379e-35
7305.060000 nan 3.384582e-35
7307.060000 nan 3.307601e-35
7309.060000 nan 3.333308e-35
7311.060000 nan 3.467305e-35
7313.060000 nan 3.757099e-35
7315.060000 nan 4.032375e-35
7317.060000 nan 4.154657e-35
7319.060000 nan 4.072376e-35
7321.060000 nan 3.775826e-35
7323.060000 nan 3.566655e-35
7325.060000 nan 3.463347e-35
7327.060000 nan 3.606156e-35
7329.060000 nan 3.699738e-35
7331.060000 nan 3.749626e-35
7333.060000 nan 3.747378e-35
7335.060000 nan 3.815061e-35
7337.060000 nan 3.960560e-35
7339.060000 nan 4.289720e-35
7341.060000 nan 4.428536e-35
7343.060000 nan 4.392308e-35
7345.060000 nan 4.053988e-35
7347.060000 nan 3.797311e-35
7349.060000 nan 3.636746e-35
7351.060000 nan 3.637346e-35
7353.060000 nan 3.606481e-35
7355.060000 nan 3.605255e-35
7357.060000 nan 3.661802e-35
7359.060000 nan 3.702979e-35
7361.060000 nan 3.723149e-35
7363.060000 nan 3.719387e-35
7365.060000 nan 3.841984e-35
7367.060000 nan 4.030027e-35
7369.060000 nan 4.258009e-35
7371.060000 nan 4.164789e-35
7373.060000 nan 3.924502e-35
7375.060000 nan 3.598264e-35
7377.060000 nan 3.385772e-35
7379.060000 nan 3.283584e-35
7381.060000 nan 3.241748e-35
7383.060000 nan 3.214481e-35
7385.060000 nan 3.263566e-35
7387.060000 nan 3.335931e-35
7389.060000 nan 3.394543e-35
7391.060000 nan 3.420725e-35
7393.060000 nan 3.479686e-35
7395.060000 nan 3.619807e-35
7397.060000 nan 3.704209e-35
7399.060000 nan 3.793706e-35
7401.060000 nan 3.902924e-35
7403.060000 nan 3.862821e-35
7405.060000 nan 3.723376e-35
7407.060000 nan 3.486018e-35
7409.060000 nan 3.382665e-35
7411.060000 nan 3.269705e-35
7413.060000 nan 3.155894e-35
7415.060000 nan 3.124529e-35
7417.060000 nan 3.121193e-35
7419.060000 nan 3.127420e-35
7421.060000 nan 3.088409e-35
7423.060000 nan 3.092236e-35
7425.060000 nan 3.128737e-35
7427.060000 nan 3.211237e-35
7429.060000 nan 3.312296e-35
7431.060000 nan 3.377168e-35
7433.060000 nan 3.338700e-35
7435.060000 nan 3.318935e-35
7437.060000 nan 3.328865e-35
7439.060000 nan 3.384533e-35
7441.060000 nan 3.362344e-35
7443.060000 nan 3.325422e-35
7445.060000 nan 3.281076e-35
7447.060000 nan 3.258806e-35
7449.060000 nan 3.234363e-35
7451.060000 nan 3.206760e-35
7453.060000 nan 3.174047e-35
7455.060000 nan 3.159427e-35
7457.060000 nan 3.159137e-35
7459.060000 nan 3.164646e-35
7461.060000 nan 3.231266e-35
7463.060000 nan 3.323668e-35
7465.060000 nan 3.375553e-35
7467.060000 nan 3.381284e-35
7469.060000 nan 3.389822e-35
7471.060000 nan 3.465106e-35
7473.060000 nan 3.513685e-35
7475.060000 nan 3.530323e-35
7477.060000 nan 3.493883e-35
7479.060000 nan 3.495991e-35
7481.060000 nan 3.525262e-35
7483.060000 nan 3.587053e-35
7485.060000 nan 3.548807e-35
7487.060000 nan 3.492188e-35
7489.060000 nan 3.423982e-35
7491.060000 nan 3.345567e-35
7493.060000 nan 3.290754e-35
7495.060000 nan 3.258883e-35
7497.060000 nan 3.250435e-35
7499.060000 nan 3.232964e-35
7501.060000 nan 3.211151e-35
7503.060000 nan 3.201395e-35
7505.060000 nan 3.182487e-35
7507.060000 nan 3.167241e-35
7509.060000 nan 3.185085e-35
7511.060000 nan 3.186500e-35
7513.060000 nan 3.188136e-35
7515.060000 nan 3.206385e-35
7517.060000 nan 3.324410e-35
7519.060000 nan 3.499800e-35
7521.060000 nan 3.739632e-35
7523.060000 nan 3.840482e-35
7525.060000 nan 3.852259e-35
7527.060000 nan 3.764428e-35
7529.060000 nan 3.639100e-35
7531.060000 nan 3.533826e-35
7533.060000 nan 3.452447e-35
7535.060000 nan 3.358293e-35
7537.060000 nan 3.249594e-35
7539.060000 nan 3.141180e-35
7541.060000 nan 3.163948e-35
7543.060000 nan 3.165373e-35
7545.060000 nan 3.140028e-35
7547.060000 nan 3.040055e-35
7549.060000 nan 3.031170e-35
7551.060000 nan 3.076917e-35
7553.060000 nan 3.169888e-35
7555.060000 nan 3.226081e-35
7557.060000 nan 3.253106e-35
7559.060000 nan 3.238178e-35
7561.060000 nan 3.241371e-35
7563.060000 nan 3.230342e-35
7565.060000 nan 3.188112e-35
7567.060000 nan 3.245501e-35
7569.060000 nan 3.335699e-35
7571.060000 nan 3.454135e-35
7573.060000 nan 3.459162e-35
7575.060000 nan 3.363620e-35
7577.060000 nan 3.175263e-35
7579.060000 nan 3.042722e-35
7581.060000 nan 3.000182e-35
7583.060000 nan 3.019970e-35
7585.060000 nan 3.005818e-35
7587.060000 nan 2.962522e-35
7589.060000 nan 2.889387e-35
7591.060000 nan 2.753392e-35
7593.060000 nan 2.626306e-35
7595.060000 nan 2.506052e-35
7597.060000 nan 2.395637e-35
7599.060000 nan 2.286955e-35
7601.060000 nan 2.185323e-35
7603.060000 nan 2.097666e-35
7605.060000 nan 2.088242e-35
7607.060000 nan 2.105520e-35
7609.060000 nan 2.143811e-35
7611.060000 nan 2.193983e-35
7613.060000 nan 2.288854e-35
7615.060000 nan 2.435064e-35
7617.060000 nan 2.545530e-35
7619.060000 nan 2.605858e-35
7621.060000 nan 2.616916e-35
7623.060000 nan 2.556546e-35
7625.060000 nan 2.495866e-35
7627.060000 nan 2.450187e-35
7629.060000 nan 2.501958e-35
7631.060000 nan 2.464429e-35
7633.060000 nan 2.378877e-35
7635.060000 nan 2.277663e-35
7637.060000 nan 2.268176e-35
7639.060000 nan 2.307771e-35
7641.060000 nan 2.391797e-35
7643.060000 nan 2.487942e-35
7645.060000 nan 2.558362e-35
7647.060000 nan 2.574544e-35
7649.060000 nan 2.581570e-35
7651.060000 nan 2.599649e-35
7653.060000 nan 2.635066e-35
7655.060000 nan 2.689386e-35
7657.060000 nan 2.716657e-35
7659.060000 nan 2.715627e-35
7661.060000 nan 2.786992e-35
7663.060000 nan 2.866275e-35
7665.060000 nan 2.941958e-35
7667.060000 nan 2.917044e-35
7669.060000 nan 2.908039e-35
7671.060000 nan 2.899041e-35
7673.060000 nan 2.839961e-35
7675.060000 nan 2.829924e-35
7677.060000 nan 2.869866e-35
7679.060000 nan 3.005079e-35
7681.060000 nan 3.110274e-35
7683.060000 nan 3.184175e-35
7685.060000 nan 3.206573e-35
7687.060000 nan 3.174369e-35
7689.060000 nan 3.159996e-35
7691.060000 nan 3.194358e-35
7693.060000 nan 3.216596e-35
7695.060000 nan 3.253416e-35
7697.060000 nan 3.310412e-35
7699.060000 nan 3.358739e-35
7701.060000 nan 3.376384e-35
7703.060000 nan 3.372884e-35
7705.060000 nan 3.541712e-35
7707.060000 nan 3.826153e-35
7709.060000 nan 4.230618e-35
7711.060000 nan 4.914460e-35
7713.060000 nan 5.509720e-35
7715.060000 nan 5.950760e-35
7717.060000 nan 5.922522e-35
7719.060000 nan 5.455579e-35
7721.060000 nan 4.851729e-35
7723.060000 nan 4.346340e-35
7725.060000 nan 4.147275e-35
7727.060000 nan 4.056664e-35
7729.060000 nan 4.022187e-35
7731.060000 nan 3.912104e-35
7733.060000 nan 3.840146e-35
7735.060000 nan 3.845431e-35
7737.060000 nan 3.904066e-35
7739.060000 nan 3.924500e-35
7741.060000 nan 3.896362e-35
7743.060000 nan 4.036988e-35
7745.060000 nan 4.466618e-35
7747.060000 nan 5.155129e-35
7749.060000 nan 5.945816e-35
7751.060000 nan 6.230914e-35
7753.060000 nan 6.092401e-35
7755.060000 nan 5.379435e-35
7757.060000 nan 5.028880e-35
7759.060000 nan 4.851825e-35
7761.060000 nan 4.671028e-35
7763.060000 nan 4.373384e-35
7765.060000 nan 4.069329e-35
7767.060000 nan 3.851632e-35
7769.060000 nan 3.857669e-35
7771.060000 nan 3.950605e-35
7773.060000 nan 4.110608e-35
7775.060000 nan 4.135733e-35
7777.060000 nan 4.141680e-35
7779.060000 nan 4.145348e-35
7781.060000 nan 4.094753e-35
7783.060000 nan 4.075198e-35
7785.060000 nan 4.090204e-35
7787.060000 nan 4.089264e-35
7789.060000 nan 4.331695e-35
7791.060000 nan 4.772250e-35
7793.060000 nan 5.278581e-35
7795.060000 nan 5.259618e-35
7797.060000 nan 4.898934e-35
7799.060000 nan 4.370164e-35
7801.060000 nan 4.022729e-35
7803.060000 nan 3.849534e-35
7805.060000 nan 3.990564e-35
7807.060000 nan 4.128710e-35
7809.060000 nan 4.239140e-35
7811.060000 nan 4.288379e-35
7813.060000 nan 4.259290e-35
7815.060000 nan 4.325423e-35
7817.060000 nan 4.575126e-35
7819.060000 nan 5.202244e-35
7821.060000 nan 5.628638e-35
7823.060000 nan 5.758137e-35
7825.060000 nan 5.122196e-35
7827.060000 nan 4.504245e-35
7829.060000 nan 3.938124e-35
7831.060000 nan 3.755385e-35
7833.060000 nan 3.676813e-35
7835.060000 nan 3.691004e-35
7837.060000 nan 3.843557e-35
7839.060000 nan 4.084789e-35
7841.060000 nan 4.322029e-35
7843.060000 nan 4.343120e-35
7845.060000 nan 4.344940e-35
7847.060000 nan 4.482710e-35
7849.060000 nan 5.028217e-35
7851.060000 nan 5.717755e-35
7853.060000 nan 6.166260e-35
7855.060000 nan 6.049986e-35
7857.060000 nan 5.531120e-35
7859.060000 nan 5.014380e-35
7861.060000 nan 4.595076e-35
7863.060000 nan 4.487912e-35
7865.060000 nan 4.448694e-35
7867.060000 nan 4.462511e-35
7869.060000 nan 4.652091e-35
7871.060000 nan 4.699670e-35
7873.060000 nan 4.620516e-35
7875.060000 nan 4.470214e-35
7877.060000 nan 4.414355e-35
7879.060000 nan 4.423973e-35
7881.060000 nan 4.463634e-35
7883.060000 nan 4.546889e-35
7885.060000 nan 4.668728e-35
7887.060000 nan 4.856539e-35
7889.060000 nan 5.039945e-35
7891.060000 nan 5.066788e-35
7893.060000 nan 4.704531e-35
7895.060000 nan 4.244020e-35
7897.060000 nan 3.892783e-35
7899.060000 nan 3.779274e-35
7901.060000 nan 3.741712e-35
7903.060000 nan 3.713453e-35
7905.060000 nan 3.685080e-35
7907.060000 nan 3.942749e-35
7909.060000 nan 4.451967e-35
7911.060000 nan 5.205261e-35
7913.060000 nan 5.945739e-35
7915.060000 nan 6.241758e-35
7917.060000 nan 6.154333e-35
7919.060000 nan 5.695673e-35
7921.060000 nan 5.231687e-35
7923.060000 nan 4.816053e-35
7925.060000 nan 4.651438e-35
7927.060000 nan 4.633666e-35
7929.060000 nan 4.675537e-35
7931.060000 nan 4.711705e-35
7933.060000 nan 4.691047e-35
7935.060000 nan 4.565150e-35
7937.060000 nan 4.241731e-35
7939.060000 nan 3.923948e-35
7941.060000 nan 3.791958e-35
7943.060000 nan 3.961418e-35
7945.060000 nan 4.032074e-35
7947.060000 nan 4.149406e-35
7949.060000 nan 4.335005e-35
7951.060000 nan 4.328619e-35
7953.060000 nan 4.285897e-35
7955.060000 nan 4.219056e-35
7957.060000 nan 4.267697e-35
7959.060000 nan 4.521875e-35
7961.060000 nan 4.952127e-35
7963.060000 nan 5.615086e-35
7965.060000 nan 5.790723e-35
7967.060000 nan 5.621808e-35
7969.060000 nan 5.066872e-35
7971.060000 nan 4.718162e-35
7973.060000 nan 4.548415e-35
7975.060000 nan 4.663481e-35
7977.060000 nan 4.689725e-35
7979.060000 nan 4.679499e-35
7981.060000 nan 4.640952e-35
7983.060000 nan 4.400091e-35
7985.060000 nan 4.261795e-35
7987.060000 nan 4.318594e-35
7989.060000 nan 4.899297e-35
7991.060000 nan 5.459508e-35
7993.060000 nan 5.952497e-35
7995.060000 nan 5.691892e-35
7997.060000 nan 5.205424e-35
7999.060000 nan 4.565270e-35
8001.060000 nan 4.326186e-35
8003.060000 nan 4.214778e-35
8005.060000 nan 4.181939e-35
8007.060000 nan 4.141403e-35
8009.060000 nan 4.198169e-35
8011.060000 nan 4.316175e-35
8013.060000 nan 4.492663e-35
8015.060000 nan 4.565755e-35
8017.060000 nan 4.573981e-35
8019.060000 nan 4.505538e-35
8021.060000 nan 4.728939e-35
8023.060000 nan 5.000269e-35
8025.060000 nan 5.246750e-35
8027.060000 nan 5.325721e-35
8029.060000 nan 5.170174e-35
8031.060000 nan 4.729804e-35
8033.060000 nan 4.326618e-35
8035.060000 nan 4.019196e-35
8037.060000 nan 3.815704e-35
8039.060000 nan 3.874578e-35
8041.060000 nan 3.924185e-35
8043.060000 nan 3.952078e-35
8045.060000 nan 3.854481e-35
8047.060000 nan 3.899210e-35
8049.060000 nan 4.011812e-35
8051.060000 nan 4.066965e-35
8053.060000 nan 4.077692e-35
8055.060000 nan 4.104136e-35
8057.060000 nan 4.234934e-35
8059.060000 nan 4.452037e-35
8061.060000 nan 4.619163e-35
8063.060000 nan 4.624676e-35
8065.060000 nan 4.475048e-35
8067.060000 nan 4.304672e-35
8069.060000 nan 4.144886e-35
8071.060000 nan 4.036305e-35
8073.060000 nan 3.990027e-35
8075.060000 nan 4.013041e-35
8077.060000 nan 3.972729e-35
8079.060000 nan 3.982045e-35
8081.060000 nan 4.035290e-35
8083.060000 nan 4.064229e-35
8085.060000 nan 4.125505e-35
8087.060000 nan 4.176161e-35
8089.060000 nan 4.008445e-35
8091.060000 nan 4.019345e-35
8093.060000 nan 4.094230e-35
8095.060000 nan 4.065143e-35
8097.060000 nan 4.183955e-35
8099.060000 nan 4.325147e-35
8101.060000 nan 4.382675e-35
8103.060000 nan 4.348736e-35
8105.060000 nan 4.291753e-35
8107.060000 nan 4.233045e-35
8109.060000 nan 4.016498e-35
8111.060000 nan 3.890519e-35
8113.060000 nan 3.927318e-35
8115.060000 nan 3.981944e-35
8117.060000 nan 3.997793e-35
8119.060000 nan 3.969901e-35
8121.060000 nan 3.902044e-35
8123.060000 nan 3.904362e-35
8125.060000 nan 3.954134e-35
8127.060000 nan 3.896653e-35
8129.060000 nan 3.847938e-35
8131.060000 nan 3.825108e-35
8133.060000 nan 3.914100e-35
8135.060000 nan 3.986017e-35
8137.060000 nan 4.018390e-35
8139.060000 nan 3.940975e-35
8141.060000 nan 3.836040e-35
8143.060000 nan 3.788276e-35
8145.060000 nan 3.897913e-35
8147.060000 nan 3.917183e-35
8149.060000 nan 3.897068e-35
8151.060000 nan 3.840633e-35
8153.060000 nan 3.855296e-35
8155.060000 nan 3.932090e-35
8157.060000 nan 4.079325e-35
8159.060000 nan 3.943549e-35
8161.060000 nan 3.819851e-35
8163.060000 nan 3.721806e-35
8165.060000 nan 3.749337e-35
8167.060000 nan 3.703918e-35
8169.060000 nan 3.625856e-35
8171.060000 nan 3.719947e-35
8173.060000 nan 3.799351e-35
8175.060000 nan 3.849376e-35
8177.060000 nan 3.802389e-35
8179.060000 nan 3.746436e-35
8181.060000 nan 3.716652e-35
8183.060000 nan 3.776098e-35
8185.060000 nan 3.948883e-35
8187.060000 nan 4.066247e-35
8189.060000 nan 3.999876e-35
8191.060000 nan 3.952242e-35
8193.060000 nan 3.932065e-35
8195.060000 nan 3.949864e-35
8197.060000 nan 3.950370e-35
8199.060000 nan 3.901077e-35
8201.060000 nan 3.794971e-35
8203.060000 nan 3.878643e-35
8205.060000 nan 3.929895e-35
8207.060000 nan 3.949930e-35
8209.060000 nan 3.946627e-35
8211.060000 nan 3.933750e-35
8213.060000 nan 3.915441e-35
8215.060000 nan 3.903227e-35
8217.060000 nan 3.877977e-35
8219.060000 nan 3.848354e-35
8221.060000 nan 3.826665e-35
8223.060000 nan 3.788737e-35
8225.060000 nan 3.759473e-35
8227.060000 nan 3.768098e-35
8229.060000 nan 3.895762e-35
8231.060000 nan 4.022407e-35
8233.060000 nan 4.094105e-35
8235.060000 nan 4.077506e-35
8237.060000 nan 4.037488e-35
8239.060000 nan 3.981431e-35
8241.060000 nan 3.941317e-35
8243.060000 nan 3.922652e-35
8245.060000 nan 3.927766e-35
8247.060000 nan 4.025822e-35
8249.060000 nan 4.061936e-35
8251.060000 nan 4.061197e-35
8253.060000 nan 4.189990e-35
8255.060000 nan 4.246326e-35
8257.060000 nan 4.213793e-35
8259.060000 nan 3.942939e-35
8261.060000 nan 3.928035e-35
8263.060000 nan 4.014300e-35
8265.060000 nan 4.063228e-35
8267.060000 nan 4.193237e-35
8269.060000 nan 4.336723e-35
8271.060000 nan 4.453542e-35
8273.060000 nan 4.646101e-35
8275.060000 nan 4.904696e-35
8277.060000 nan 5.250245e-35
8279.060000 nan 5.610090e-35
8281.060000 nan 5.928420e-35
8283.060000 nan 6.192004e-35
8285.060000 nan 6.386986e-35
8287.060000 nan 6.593619e-35
8289.060000 nan 6.794221e-35
8291.060000 nan 6.593393e-35
8293.060000 nan 6.409634e-35
8295.060000 nan 6.319620e-35
8297.060000 nan 6.855912e-35
8299.060000 nan 6.945237e-35
8301.060000 nan 6.649484e-35
8303.060000 nan 5.717568e-35
8305.060000 nan 5.097031e-35
8307.060000 nan 4.741143e-35
8309.060000 nan 4.804670e-35
8311.060000 nan 4.947859e-35
8313.060000 nan 5.076251e-35
8315.060000 nan 5.129929e-35
8317.060000 nan 4.799114e-35
8319.060000 nan 4.451031e-35
8321.060000 nan 4.172368e-35
8323.060000 nan 4.239558e-35
8325.060000 nan 4.294415e-35
8327.060000 nan 4.305134e-35
8329.060000 nan 4.280018e-35
8331.060000 nan 4.305508e-35
8333.060000 nan 4.383063e-35
8335.060000 nan 4.568001e-35
8337.060000 nan 5.036459e-35
8339.060000 nan 5.852768e-35
8341.060000 nan 7.668785e-35
8343.060000 nan 9.171830e-35
8345.060000 nan 1.010356e-34
8347.060000 nan 9.452909e-35
8349.060000 nan 8.308098e-35
8351.060000 nan 7.225710e-35
8353.060000 nan 6.738779e-35
8355.060000 nan 6.205739e-35
8357.060000 nan 5.714477e-35
8359.060000 nan 5.320242e-35
8361.060000 nan 5.386528e-35
8363.060000 nan 5.476712e-35
8365.060000 nan 5.517260e-35
8367.060000 nan 5.490152e-35
8369.060000 nan 5.303794e-35
8371.060000 nan 4.961536e-35
8373.060000 nan 4.873978e-35
8375.060000 nan 4.906420e-35
8377.060000 nan 5.070099e-35
8379.060000 nan 5.585769e-35
8381.060000 nan 5.852639e-35
8383.060000 nan 5.897279e-35
8385.060000 nan 5.556762e-35
8387.060000 nan 5.196619e-35
8389.060000 nan 4.955728e-35
8391.060000 nan 5.130423e-35
8393.060000 nan 5.809973e-35
8395.060000 nan 6.811976e-35
8397.060000 nan 8.205120e-35
8399.060000 nan 9.072595e-35
8401.060000 nan 8.999729e-35
8403.060000 nan 7.526506e-35
8405.060000 nan 6.298895e-35
8407.060000 nan 5.505663e-35
8409.060000 nan 5.223889e-35
8411.060000 nan 5.600983e-35
8413.060000 nan 5.996065e-35
8415.060000 nan 6.368077e-35
8417.060000 nan 6.220517e-35
8419.060000 nan 5.876036e-35
8421.060000 nan 5.470095e-35
8423.060000 nan 5.637864e-35
8425.060000 nan 6.470421e-35
8427.060000 nan 7.705141e-35
8429.060000 nan 9.161580e-35
8431.060000 nan 9.331495e-35
8433.060000 nan 8.623311e-35
8435.060000 nan 6.804822e-35
8437.060000 nan 5.716551e-35
8439.060000 nan 5.067191e-35
8441.060000 nan 4.926654e-35
8443.060000 nan 4.786196e-35
8445.060000 nan 4.797756e-35
8447.060000 nan 5.037326e-35
8449.060000 nan 5.679483e-35
8451.060000 nan 6.038500e-35
8453.060000 nan 6.045307e-35
8455.060000 nan 5.780694e-35
8457.060000 nan 5.643465e-35
8459.060000 nan 5.680686e-35
8461.060000 nan 6.531150e-35
8463.060000 nan 7.437817e-35
8465.060000 nan 8.193524e-35
8467.060000 nan 7.847213e-35
8469.060000 nan 6.955779e-35
8471.060000 nan 5.888694e-35
8473.060000 nan 5.116912e-35
8475.060000 nan 4.862907e-35
8477.060000 nan 4.817968e-35
8479.060000 nan 4.864535e-35
8481.060000 nan 4.870556e-35
8483.060000 nan 4.808700e-35
8485.060000 nan 4.639688e-35
8487.060000 nan 4.707124e-35
8489.060000 nan 4.956107e-35
8491.060000 nan 5.411173e-35
8493.060000 nan 5.725494e-35
8495.060000 nan 5.784713e-35
8497.060000 nan 5.597723e-35
8499.060000 nan 5.671427e-35
8501.060000 nan 5.950560e-35
8503.060000 nan 6.359310e-35
8505.060000 nan 6.511152e-35
8507.060000 nan 6.232928e-35
8509.060000 nan 5.694326e-35
8511.060000 nan 5.091396e-35
8513.060000 nan 4.734378e-35
8515.060000 nan 4.565755e-35
8517.060000 nan 4.667873e-35
8519.060000 nan 4.801008e-35
8521.060000 nan 4.856091e-35
8523.060000 nan 4.717401e-35
8525.060000 nan 4.678277e-35
8527.060000 nan 4.724460e-35
8529.060000 nan 4.880031e-35
8531.060000 nan 5.062363e-35
8533.060000 nan 5.197740e-35
8535.060000 nan 5.272687e-35
8537.060000 nan 5.445813e-35
8539.060000 nan 5.519227e-35
8541.060000 nan 5.499456e-35
8543.060000 nan 5.483730e-35
8545.060000 nan 5.537744e-35
8547.060000 nan 5.650664e-35
8549.060000 nan 5.836693e-35
8551.060000 nan 5.677956e-35
8553.060000 nan 5.379908e-35
8555.060000 nan 5.239960e-35
8557.060000 nan 5.090997e-35
8559.060000 nan 4.966637e-35
8561.060000 nan 4.919764e-35
8563.060000 nan 4.852959e-35
8565.060000 nan 4.800555e-35
8567.060000 nan 4.786626e-35
8569.060000 nan 4.927590e-35
8571.060000 nan 4.984348e-35
8573.060000 nan 4.883393e-35
8575.060000 nan 4.941005e-35
8577.060000 nan 5.015889e-35
8579.060000 nan 5.098881e-35
8581.060000 nan 5.202125e-35
8583.060000 nan 5.119524e-35
8585.060000 nan 4.899668e-35
8587.060000 nan 4.885649e-35
8589.060000 nan 4.892959e-35
8591.060000 nan 4.931959e-35
8593.060000 nan 5.074867e-35
8595.060000 nan 5.175683e-35
8597.060000 nan 5.212227e-35
8599.060000 nan 5.089527e-35
8601.060000 nan 5.095714e-35
8603.060000 nan 5.113482e-35
8605.060000 nan 5.057208e-35
8607.060000 nan 5.052747e-35
8609.060000 nan 5.140667e-35
8611.060000 nan 5.373283e-35
8613.060000 nan 5.777031e-35
8615.060000 nan 6.172181e-35
8617.060000 nan 6.529320e-35
8619.060000 nan 7.216060e-35
8621.060000 nan 7.911612e-35
8623.060000 nan 8.600406e-35
8625.060000 nan 9.189582e-35
8627.060000 nan 9.445287e-35
8629.060000 nan 9.441569e-35
8631.060000 nan 9.370857e-35
8633.060000 nan 9.115538e-35
8635.060000 nan 8.722156e-35
8637.060000 nan 8.167453e-35
8639.060000 nan 7.431228e-35
8641.060000 nan 6.776667e-35
8643.060000 nan 6.602245e-35
8645.060000 nan 6.851641e-35
8647.060000 nan 7.357630e-35
8649.060000 nan 8.161657e-35
8651.060000 nan 8.647415e-35
8653.060000 nan 8.972047e-35
8655.060000 nan 9.129013e-35
8657.060000 nan 9.466439e-35
8659.060000 nan 9.720952e-35
8661.060000 nan 9.857353e-35
8663.060000 nan 9.817903e-35
8665.060000 nan 9.497326e-35
8667.060000 nan 8.942876e-35
8669.060000 nan 8.684102e-35
8671.060000 nan 8.400277e-35
8673.060000 nan 8.081544e-35
8675.060000 nan 7.643302e-35
8677.060000 nan 7.263475e-35
8679.060000 nan 6.913275e-35
8681.060000 nan 6.563875e-35
8683.060000 nan 6.323591e-35
8685.060000 nan 6.133642e-35
8687.060000 nan 5.973415e-35
8689.060000 nan 5.962192e-35
8691.060000 nan 6.023296e-35
8693.060000 nan 6.154736e-35
8695.060000 nan 5.813567e-35
8697.060000 nan 5.540689e-35
8699.060000 nan 5.463238e-35
8701.060000 nan 5.474168e-35
8703.060000 nan 5.480364e-35
8705.060000 nan 5.476800e-35
8707.060000 nan 5.535078e-35
8709.060000 nan 5.505433e-35
8711.060000 nan 5.421443e-35
8713.060000 nan 5.526810e-35
8715.060000 nan 5.554131e-35
8717.060000 nan 5.506152e-35
8719.060000 nan 5.308444e-35
8721.060000 nan 5.197367e-35
8723.060000 nan 5.162346e-35
8725.060000 nan 5.255230e-35
8727.060000 nan 5.298866e-35
8729.060000 nan 5.329112e-35
8731.060000 nan 5.364528e-35
8733.060000 nan 5.317698e-35
8735.060000 nan 5.305559e-35
8737.060000 nan 5.383080e-35
8739.060000 nan 5.256874e-35
8741.060000 nan 5.147623e-35
8743.060000 nan 5.089794e-35
8745.060000 nan 5.017956e-35
8747.060000 nan 5.114065e-35
8749.060000 nan 5.368319e-35
8751.060000 nan 5.456970e-35
8753.060000 nan 5.715265e-35
8755.060000 nan 6.197787e-35
8757.060000 nan 7.479981e-35
8759.060000 nan 8.612503e-35
8761.060000 nan 9.579930e-35
8763.060000 nan 1.017054e-34
8765.060000 nan 1.061317e-34
8767.060000 nan 1.077587e-34
8769.060000 nan 1.027576e-34
8771.060000 nan 9.820377e-35
8773.060000 nan 9.630004e-35
8775.060000 nan 9.976752e-35
8777.060000 nan 1.052871e-34
8779.060000 nan 1.041801e-34
8781.060000 nan 9.216425e-35
8783.060000 nan 7.588907e-35
8785.060000 nan 6.484781e-35
8787.060000 nan 6.035612e-35
8789.060000 nan 6.463593e-35
8791.060000 nan 6.621119e-35
8793.060000 nan 6.508854e-35
8795.060000 nan 6.021965e-35
8797.060000 nan 5.641936e-35
8799.060000 nan 5.372333e-35
8801.060000 nan 5.353811e-35
8803.060000 nan 5.291447e-35
8805.060000 nan 5.233361e-35
8807.060000 nan 5.275610e-35
8809.060000 nan 5.266698e-35
8811.060000 nan 5.252549e-35
8813.060000 nan 5.271980e-35
8815.060000 nan 5.458035e-35
8817.060000 nan 5.791055e-35
8819.060000 nan 6.328890e-35
8821.060000 nan 8.319259e-35
8823.060000 nan 1.135888e-34
8825.060000 nan 1.559835e-34
8827.060000 nan 1.699359e-34
8829.060000 nan 1.631040e-34
8831.060000 nan 1.359605e-34
8833.060000 nan 1.170929e-34
8835.060000 nan 1.057066e-34
8837.060000 nan 9.979406e-35
8839.060000 nan 8.857417e-35
8841.060000 nan 7.666859e-35
8843.060000 nan 6.605436e-35
8845.060000 nan 6.437956e-35
8847.060000 nan 6.506617e-35
8849.060000 nan 6.643027e-35
8851.060000 nan 6.659315e-35
8853.060000 nan 6.340317e-35
8855.060000 nan 5.928186e-35
8857.060000 nan 5.539075e-35
8859.060000 nan 5.559064e-35
8861.060000 nan 5.818596e-35
8863.060000 nan 6.348349e-35
8865.060000 nan 7.455617e-35
8867.060000 nan 8.126620e-35
8869.060000 nan 8.165219e-35
8871.060000 nan 7.184934e-35
8873.060000 nan 6.468199e-35
8875.060000 nan 6.044198e-35
8877.060000 nan 5.926180e-35
8879.060000 nan 6.528732e-35
8881.060000 nan 7.864556e-35
8883.060000 nan 1.082786e-34
8885.060000 nan 1.262582e-34
8887.060000 nan 1.316356e-34
8889.060000 nan 1.091383e-34
8891.060000 nan 8.867438e-35
8893.060000 nan 7.284415e-35
8895.060000 nan 6.824120e-35
8897.060000 nan 7.016438e-35
8899.060000 nan 7.552712e-35
8901.060000 nan 8.443057e-35
8903.060000 nan 8.810512e-35
8905.060000 nan 8.667792e-35
8907.060000 nan 7.874040e-35
8909.060000 nan 7.151023e-35
8911.060000 nan 6.999982e-35
8913.060000 nan 7.500895e-35
8915.060000 nan 9.718703e-35
8917.060000 nan 1.224784e-34
8919.060000 nan 1.481424e-34
8921.060000 nan 1.428079e-34
8923.060000 nan 1.216275e-34
8925.060000 nan 9.196310e-35
8927.060000 nan 7.373362e-35
8929.060000 nan 6.505135e-35
8931.060000 nan 6.159626e-35
8933.060000 nan 6.051261e-35
8935.060000 nan 6.005828e-35
8937.060000 nan 6.159346e-35
8939.060000 nan 6.769063e-35
8941.060000 nan 7.637851e-35
8943.060000 nan 8.210135e-35
8945.060000 nan 8.122551e-35
8947.060000 nan 7.162387e-35
8949.060000 nan 6.498664e-35
8951.060000 nan 6.400892e-35
8953.060000 nan 7.652546e-35
8955.060000 nan 9.338945e-35
8957.060000 nan 1.136883e-34
8959.060000 nan 1.172876e-34
8961.060000 nan 1.057059e-34
8963.060000 nan 8.316733e-35
8965.060000 nan 6.987722e-35
8967.060000 nan 6.234953e-35
8969.060000 nan 5.879787e-35
8971.060000 nan 5.824076e-35
8973.060000 nan 5.714510e-35
8975.060000 nan 5.592258e-35
8977.060000 nan 5.503839e-35
8979.060000 nan 5.562983e-35
8981.060000 nan 5.641132e-35
8983.060000 nan 5.662150e-35
8985.060000 nan 6.233776e-35
8987.060000 nan 6.835611e-35
8989.060000 nan 7.312997e-35
8991.060000 nan 7.020869e-35
8993.060000 nan 6.767794e-35
8995.060000 nan 6.658345e-35
8997.060000 nan 7.298308e-35
8999.060000 nan 8.174268e-35
9001.060000 nan 9.191592e-35
9003.060000 nan 8.945763e-35
9005.060000 nan 8.065798e-35
9007.060000 nan 6.814387e-35
9009.060000 nan 6.138004e-35
9011.060000 nan 5.826312e-35
9013.060000 nan 5.724059e-35
9015.060000 nan 5.695775e-35
9017.060000 nan 5.751825e-35
9019.060000 nan 5.854533e-35
9021.060000 nan 5.998995e-35
9023.060000 nan 6.052188e-35
9025.060000 nan 6.063915e-35
9027.060000 nan 6.039238e-35
9029.060000 nan 6.233331e-35
9031.060000 nan 6.476087e-35
9033.060000 nan 6.740620e-35
9035.060000 nan 7.118279e-35
9037.060000 nan 7.336153e-35
9039.060000 nan 7.361818e-35
9041.060000 nan 6.759229e-35
9043.060000 nan 6.528173e-35
9045.060000 nan 6.668819e-35
9047.060000 nan 7.490384e-35
9049.060000 nan 8.064505e-35
9051.060000 nan 8.313847e-35
9053.060000 nan 7.580967e-35
9055.060000 nan 6.928983e-35
9057.060000 nan 6.422522e-35
9059.060000 nan 6.308392e-35
9061.060000 nan 6.381291e-35
9063.060000 nan 6.497330e-35
9065.060000 nan 6.565192e-35
9067.060000 nan 6.397971e-35
9069.060000 nan 6.185214e-35
9071.060000 nan 5.983480e-35
9073.060000 nan 5.950008e-35
9075.060000 nan 5.938006e-35
9077.060000 nan 5.926914e-35
9079.060000 nan 6.087150e-35
9081.060000 nan 6.213009e-35
9083.060000 nan 6.296010e-35
9085.060000 nan 6.362699e-35
9087.060000 nan 6.523042e-35
9089.060000 nan 6.734101e-35
9091.060000 nan 6.752663e-35
9093.060000 nan 6.649439e-35
9095.060000 nan 6.504564e-35
9097.060000 nan 6.498117e-35
9099.060000 nan 6.813836e-35
9101.060000 nan 7.206010e-35
9103.060000 nan 7.413401e-35
9105.060000 nan 7.263258e-35
9107.060000 nan 7.039185e-35
9109.060000 nan 6.881599e-35
9111.060000 nan 6.897449e-35
9113.060000 nan 6.923147e-35
9115.060000 nan 6.913009e-35
9117.060000 nan 6.541211e-35
9119.060000 nan 6.322825e-35
9121.060000 nan 6.333007e-35
9123.060000 nan 6.521675e-35
9125.060000 nan 6.594154e-35
9127.060000 nan 6.560596e-35
9129.060000 nan 6.591019e-35
9131.060000 nan 6.615794e-35
9133.060000 nan 6.661037e-35
9135.060000 nan 6.877039e-35
9137.060000 nan 7.011417e-35
9139.060000 nan 6.999402e-35
9141.060000 nan 6.556638e-35
9143.060000 nan 6.223976e-35
9145.060000 nan 6.115004e-35
9147.060000 nan 6.513505e-35
9149.060000 nan 6.749131e-35
9151.060000 nan 6.907703e-35
9153.060000 nan 6.994144e-35
9155.060000 nan 7.192144e-35
9157.060000 nan 7.435301e-35
9159.060000 nan 7.720312e-35
9161.060000 nan 7.771719e-35
9163.060000 nan 7.632141e-35
9165.060000 nan 7.298651e-35
9167.060000 nan 7.034109e-35
9169.060000 nan 6.861150e-35
9171.060000 nan 6.755887e-35
9173.060000 nan 6.549836e-35
9175.060000 nan 6.522400e-35
9177.060000 nan 6.623914e-35
9179.060000 nan 6.822528e-35
9181.060000 nan 6.934956e-35
9183.060000 nan 6.994478e-35
9185.060000 nan 7.006943e-35
9187.060000 nan 7.102206e-35
9189.060000 nan 7.204970e-35
9191.060000 nan 7.260318e-35
9193.060000 nan 7.083717e-35
9195.060000 nan 6.891485e-35
9197.060000 nan 6.758933e-35
9199.060000 nan 6.736781e-35
9201.060000 nan 6.791430e-35
9203.060000 nan 6.930716e-35
9205.060000 nan 7.241378e-35
9207.060000 nan 7.571223e-35
9209.060000 nan 7.906315e-35
9211.060000 nan 8.028579e-35
9213.060000 nan 8.186856e-35
9215.060000 nan 8.343014e-35
9217.060000 nan 8.249554e-35
9219.060000 nan 8.263076e-35
9221.060000 nan 8.319698e-35
9223.060000 nan 8.295809e-35
9225.060000 nan 8.263315e-35
9227.060000 nan 8.229256e-35
9229.060000 nan 8.201201e-35
9231.060000 nan 8.061594e-35
9233.060000 nan 7.940437e-35
9235.060000 nan 7.927819e-35
9237.060000 nan 7.832838e-35
9239.060000 nan 7.675271e-35
9241.060000 nan 7.440946e-35
9243.060000 nan 7.222719e-35
9245.060000 nan 7.162474e-35
9247.060000 nan 7.289784e-35
9249.060000 nan 7.410020e-35
9251.060000 nan 7.560585e-35
9253.060000 nan 7.731305e-35
9255.060000 nan 7.786839e-35
9257.060000 nan 7.947524e-35
9259.060000 nan 8.137113e-35
9261.060000 nan 8.041146e-35
9263.060000 nan 7.809292e-35
9265.060000 nan 7.532038e-35
9267.060000 nan 7.347005e-35
9269.060000 nan 7.185668e-35
9271.060000 nan 6.999182e-35
9273.060000 nan 6.721599e-35
9275.060000 nan 6.747157e-35
9277.060000 nan 6.890213e-35
9279.060000 nan 7.118808e-35
9281.060000 nan 7.401991e-35
9283.060000 nan 7.745846e-35
9285.060000 nan 8.165787e-35
9287.060000 nan 8.335071e-35
9289.060000 nan 8.385564e-35
9291.060000 nan 8.320398e-35
9293.060000 nan 8.073148e-35
9295.060000 nan 7.963452e-35
9297.060000 nan 7.985773e-35
9299.060000 nan 8.217721e-35
9301.060000 nan 9.193604e-35
9303.060000 nan 1.095709e-34
9305.060000 nan 1.452855e-34
9307.060000 nan 1.797897e-34
9309.060000 nan 2.102494e-34
9311.060000 nan 2.286518e-34
9313.060000 nan 2.287248e-34
9315.060000 nan 2.145725e-34
9317.060000 nan 1.802573e-34
9319.060000 nan 1.616216e-34
9321.060000 nan 1.551817e-34
9323.060000 nan 1.643725e-34
9325.060000 nan 1.568280e-34
9327.060000 nan 1.391710e-34
9329.060000 nan 1.107944e-34
9331.060000 nan 9.875912e-35
9333.060000 nan 9.280093e-35
9335.060000 nan 9.256357e-35
9337.060000 nan 9.855398e-35
9339.060000 nan 9.284574e-35
9341.060000 nan 7.923816e-35
9343.060000 nan 7.167841e-35
9345.060000 nan 6.812979e-35
9347.060000 nan 6.712236e-35
9349.060000 nan 6.763423e-35
9351.060000 nan 6.535726e-35
9353.060000 nan 6.297152e-35
9355.060000 nan 6.359439e-35
9357.060000 nan 6.514267e-35
9359.060000 nan 6.793378e-35
9361.060000 nan 7.282730e-35
9363.060000 nan 7.558024e-35
9365.060000 nan 7.935773e-35
9367.060000 nan 8.530553e-35
9369.060000 nan 1.082951e-34
9371.060000 nan 1.475961e-34
9373.060000 nan 2.044234e-34
9375.060000 nan 2.512571e-34
9377.060000 nan 2.580838e-34
9379.060000 nan 2.275849e-34
9381.060000 nan 1.698688e-34
9383.060000 nan 1.290863e-34
9385.060000 nan 1.024764e-34
9387.060000 nan 9.434338e-35
9389.060000 nan 9.125014e-35
9391.060000 nan 9.247098e-35
9393.060000 nan 1.007956e-34
9395.060000 nan 1.052474e-34
9397.060000 nan 1.105198e-34
9399.060000 nan 1.215432e-34
9401.060000 nan 1.263675e-34
9403.060000 nan 1.274607e-34
9405.060000 nan 1.242310e-34
9407.060000 nan 1.168349e-34
9409.060000 nan 1.108404e-34
9411.060000 nan 1.076223e-34
9413.060000 nan 1.131035e-34
9415.060000 nan 1.269008e-34
9417.060000 nan 1.489436e-34
9419.060000 nan 1.661390e-34
9421.060000 nan 1.700663e-34
9423.060000 nan 1.617289e-34
9425.060000 nan 1.369462e-34
9427.060000 nan 1.195701e-34
9429.060000 nan 1.087046e-34
9431.060000 nan 1.086904e-34
9433.060000 nan 1.228402e-34
9435.060000 nan 1.501580e-34
9437.060000 nan 2.007507e-34
9439.060000 nan 2.392152e-34
9441.060000 nan 2.549282e-34
9443.060000 nan 2.262473e-34
9445.060000 nan 1.879842e-34
9447.060000 nan 1.577734e-34
9449.060000 nan 1.444972e-34
9451.060000 nan 1.427846e-34
9453.060000 nan 1.462216e-34
9455.060000 nan 1.546678e-34
9457.060000 nan 1.684553e-34
9459.060000 nan 1.743262e-34
9461.060000 nan 1.716288e-34
9463.060000 nan 1.513092e-34
9465.060000 nan 1.329076e-34
9467.060000 nan 1.185915e-34
9469.060000 nan 1.250266e-34
9471.060000 nan 1.463446e-34
9473.060000 nan 1.792748e-34
9475.060000 nan 2.280568e-34
9477.060000 nan 2.422559e-34
9479.060000 nan 2.306519e-34
9481.060000 nan 1.829543e-34
9483.060000 nan 1.441473e-34
9485.060000 nan 1.160997e-34
9487.060000 nan 1.054897e-34
9489.060000 nan 1.104878e-34
9491.060000 nan 1.156338e-34
9493.060000 nan 1.171149e-34
9495.060000 nan 1.243666e-34
9497.060000 nan 1.383502e-34
9499.060000 nan 1.595795e-34
9501.060000 nan 1.895703e-34
9503.060000 nan 2.030966e-34
9505.060000 nan 2.005823e-34
9507.060000 nan 1.750777e-34
9509.060000 nan 1.500592e-34
9511.060000 nan 1.287111e-34
9513.060000 nan 1.279589e-34
9515.060000 nan 1.393480e-34
9517.060000 nan 1.569688e-34
9519.060000 nan 1.760408e-34
9521.060000 nan 1.787730e-34
9523.060000 nan 1.721007e-34
9525.060000 nan 1.556269e-34
9527.060000 nan 1.428057e-34
9529.060000 nan 1.350681e-34
9531.060000 nan 1.352315e-34
9533.060000 nan 1.377321e-34
9535.060000 nan 1.382656e-34
9537.060000 nan 1.356633e-34
9539.060000 nan 1.305262e-34
9541.060000 nan 1.252002e-34
9543.060000 nan 1.201325e-34
9545.060000 nan 1.279464e-34
9547.060000 nan 1.405563e-34
9549.060000 nan 1.576687e-34
9551.060000 nan 1.817744e-34
9553.060000 nan 1.926631e-34
9555.060000 nan 1.921392e-34
9557.060000 nan 1.731435e-34
9559.060000 nan 1.589870e-34
9561.060000 nan 1.544700e-34
9563.060000 nan 1.745817e-34
9565.060000 nan 1.980289e-34
9567.060000 nan 2.170169e-34
9569.060000 nan 2.235735e-34
9571.060000 nan 2.107694e-34
9573.060000 nan 1.945517e-34
9575.060000 nan 1.787907e-34
9577.060000 nan 1.710337e-34
9579.060000 nan 1.661105e-34
9581.060000 nan 1.637345e-34
9583.060000 nan 1.570920e-34
9585.060000 nan 1.511812e-34
9587.060000 nan 1.464569e-34
9589.060000 nan 1.496295e-34
9591.060000 nan 1.492171e-34
9593.060000 nan 1.467141e-34
9595.060000 nan 1.475311e-34
9597.060000 nan 1.515288e-34
9599.060000 nan 1.579055e-34
9601.060000 nan 1.672824e-34
9603.060000 nan 1.821696e-34
9605.060000 nan 1.986106e-34
9607.060000 nan 2.135254e-34
9609.060000 nan 2.142469e-34
9611.060000 nan 2.067314e-34
9613.060000 nan 1.899231e-34
9615.060000 nan 1.841281e-34
9617.060000 nan 1.853389e-34
9619.060000 nan 1.944799e-34
9621.060000 nan 1.974383e-34
9623.060000 nan 1.959904e-34
9625.060000 nan 1.900546e-34
9627.060000 nan 1.833530e-34
9629.060000 nan 1.826085e-34
9631.060000 nan 1.866279e-34
9633.060000 nan 1.868148e-34
9635.060000 nan 1.853722e-34
9637.060000 nan 1.817025e-34
9639.060000 nan 1.710430e-34
9641.060000 nan 1.660453e-34
9643.060000 nan 1.652813e-34
9645.060000 nan 1.702474e-34
9647.060000 nan 1.688299e-34
9649.060000 nan 1.649379e-34
9651.060000 nan 1.601760e-34
9653.060000 nan 1.638208e-34
9655.060000 nan 1.715420e-34
9657.060000 nan 1.833166e-34
9659.060000 nan 1.913408e-34
9661.060000 nan 1.969000e-34
9663.060000 nan 1.997512e-34
9665.060000 nan 2.023194e-34
9667.060000 nan 2.029888e-34
9669.060000 nan 2.017157e-34
9671.060000 nan 1.998754e-34
9673.060000 nan 1.989199e-34
9675.060000 nan 2.000666e-34
9677.060000 nan 2.140006e-34
9679.060000 nan 2.288606e-34
9681.060000 nan 2.417353e-34
9683.060000 nan 2.423185e-34
9685.060000 nan 2.359265e-34
9687.060000 nan 2.272228e-34
9689.060000 nan 2.204416e-34
9691.060000 nan 2.145719e-34
9693.060000 nan 2.130068e-34
