#OBJECT = ATLAS18tpr
#MJD-OBS = 58348.373229
#DATE-OBS = 2018-08-18T08:57:27
#EXPTIME = 1520.000000
#AIRMASS = 1.184000
#TELESCOPE = UH88
#INSTRUMENT = SNIFS
#WL FL ERR
#[Ang] [erg/s/cm2/A] [erg/s/cm2/A]
3305.060000 -9.729048e-18 3.227651e-33
3307.060000 2.299218e-17 2.907964e-33
3309.060000 3.867701e-17 2.980534e-33
3311.060000 6.600325e-17 3.375311e-33
3313.060000 8.433587e-17 3.781071e-33
3315.060000 4.622208e-18 3.440387e-33
3317.060000 -1.074150e-17 2.827627e-33
3319.060000 -6.529191e-18 2.537105e-33
3321.060000 3.912910e-17 2.619433e-33
3323.060000 8.740465e-17 3.081615e-33
3325.060000 2.365497e-17 3.436423e-33
3327.060000 5.093610e-17 3.394657e-33
3329.060000 3.018161e-17 2.926640e-33
3331.060000 -2.792079e-18 2.486355e-33
3333.060000 -1.460505e-17 2.370463e-33
3335.060000 1.906468e-18 2.577246e-33
3337.060000 3.049024e-17 3.174611e-33
3339.060000 1.158095e-18 3.228442e-33
3341.060000 3.760351e-17 2.785449e-33
3343.060000 -1.280396e-18 2.277072e-33
3345.060000 -1.999139e-17 2.076135e-33
3347.060000 -2.529428e-17 2.160934e-33
3349.060000 -4.103148e-17 2.415817e-33
3351.060000 -7.675861e-18 2.693990e-33
3353.060000 -6.127248e-17 2.346697e-33
3355.060000 -2.482160e-17 2.016707e-33
3357.060000 1.903440e-18 1.826716e-33
3359.060000 7.022466e-18 1.874362e-33
3361.060000 -1.081716e-18 2.106436e-33
3363.060000 8.025210e-19 2.454056e-33
3365.060000 -1.633754e-17 2.388363e-33
3367.060000 -9.487904e-18 2.000569e-33
3369.060000 1.808432e-17 1.808711e-33
3371.060000 1.669944e-17 1.815289e-33
3373.060000 -1.085815e-17 2.000341e-33
3375.060000 -3.100174e-18 2.349576e-33
3377.060000 -4.509610e-17 2.269438e-33
3379.060000 -2.647067e-17 1.885156e-33
3381.060000 -2.119868e-17 1.598467e-33
3383.060000 -1.101830e-17 1.526179e-33
3385.060000 -4.604956e-18 1.664182e-33
3387.060000 -2.158708e-17 1.973989e-33
3389.060000 -4.160149e-17 2.041502e-33
3391.060000 -1.207524e-17 1.791950e-33
3393.060000 -1.245327e-17 1.460636e-33
3395.060000 -4.368088e-18 1.405738e-33
3397.060000 1.088047e-17 1.560480e-33
3399.060000 2.395169e-17 1.823133e-33
3401.060000 3.960217e-17 1.990685e-33
3403.060000 3.098855e-17 1.798559e-33
3405.060000 2.461044e-17 1.470011e-33
3407.060000 4.090196e-17 1.318356e-33
3409.060000 5.082300e-17 1.352738e-33
3411.060000 3.484961e-17 1.539697e-33
3413.060000 3.571283e-18 1.724778e-33
3415.060000 -4.586030e-17 1.606722e-33
3417.060000 -1.131474e-17 1.386335e-33
3419.060000 -1.738472e-17 1.186314e-33
3421.060000 -1.498061e-17 1.173012e-33
3423.060000 1.987989e-17 1.344288e-33
3425.060000 7.644817e-17 1.626309e-33
3427.060000 8.261913e-17 1.619048e-33
3429.060000 6.946252e-17 1.335620e-33
3431.060000 3.553854e-17 1.130241e-33
3433.060000 2.555843e-17 1.071988e-33
3435.060000 2.786374e-17 1.158027e-33
3437.060000 7.748269e-18 1.335891e-33
3439.060000 -2.171810e-17 1.380110e-33
3441.060000 7.329976e-18 1.228384e-33
3443.060000 1.493147e-17 1.024499e-33
3445.060000 -1.310223e-18 9.383241e-34
3447.060000 -1.716567e-17 9.919722e-34
3449.060000 -1.275060e-17 1.187745e-33
3451.060000 -7.887242e-18 1.339130e-33
3453.060000 8.079443e-18 1.243440e-33
3455.060000 7.772390e-20 9.977353e-34
3457.060000 -8.029146e-18 8.886426e-34
3459.060000 -1.461648e-17 9.024763e-34
3461.060000 -1.812670e-17 1.013194e-33
3463.060000 -1.345037e-17 1.206924e-33
3465.060000 2.779286e-17 1.219066e-33
3467.060000 5.863634e-17 1.014292e-33
3469.060000 3.578927e-17 8.715013e-34
3471.060000 1.304233e-17 8.539637e-34
3473.060000 1.008223e-17 9.549581e-34
3475.060000 1.384003e-17 1.126781e-33
3477.060000 3.131078e-17 1.190272e-33
3479.060000 3.134242e-18 9.898067e-34
3481.060000 -2.042328e-17 8.448803e-34
3483.060000 -2.360162e-17 8.016629e-34
3485.060000 -2.160240e-18 8.684520e-34
3487.060000 3.521307e-17 1.024281e-33
3489.060000 4.150848e-17 1.113739e-33
3491.060000 1.830599e-17 9.600588e-34
3493.060000 3.642785e-18 7.834238e-34
3495.060000 9.637266e-18 7.203411e-34
3497.060000 3.369307e-17 7.653394e-34
3499.060000 6.066737e-17 9.056532e-34
3501.060000 5.112164e-17 1.015007e-33
3503.060000 -2.153634e-17 8.885644e-34
3505.060000 -1.214964e-17 7.661241e-34
3507.060000 2.899199e-17 7.056989e-34
3509.060000 5.054086e-17 7.249969e-34
3511.060000 3.143590e-17 8.124841e-34
3513.060000 -3.352944e-18 9.534808e-34
3515.060000 4.214265e-18 9.344082e-34
3517.060000 -1.271794e-17 7.516271e-34
3519.060000 1.196149e-17 6.651629e-34
3521.060000 2.928038e-17 6.569481e-34
3523.060000 2.441178e-17 7.308076e-34
3525.060000 1.126825e-17 8.591366e-34
3527.060000 2.855119e-18 8.861258e-34
3529.060000 -2.624481e-17 7.567716e-34
3531.060000 -3.917110e-17 6.421615e-34
3533.060000 -3.728242e-17 6.095754e-34
3535.060000 -1.810151e-17 6.662462e-34
3537.060000 1.423479e-17 8.062111e-34
3539.060000 2.009703e-17 9.087871e-34
3541.060000 3.089899e-17 8.381342e-34
3543.060000 1.095231e-17 6.954065e-34
3545.060000 -2.192423e-17 6.269290e-34
3547.060000 -3.971322e-17 6.497988e-34
3549.060000 -3.377015e-17 7.551793e-34
3551.060000 -4.969001e-17 8.433883e-34
3553.060000 -2.240925e-17 8.116162e-34
3555.060000 -9.958456e-18 6.755535e-34
3557.060000 1.101097e-17 6.033983e-34
3559.060000 1.887830e-17 6.115477e-34
3561.060000 8.678180e-18 6.945148e-34
3563.060000 1.745853e-19 8.100322e-34
3565.060000 -8.166279e-19 7.922825e-34
3567.060000 -1.080942e-17 6.438198e-34
3569.060000 -2.281759e-17 5.483573e-34
3571.060000 -1.649963e-17 5.326795e-34
3573.060000 -2.809004e-18 5.932080e-34
3575.060000 -8.647794e-18 6.969926e-34
3577.060000 2.531397e-18 7.417127e-34
3579.060000 1.190060e-17 6.574438e-34
3581.060000 2.278462e-17 5.626905e-34
3583.060000 1.285447e-17 5.156079e-34
3585.060000 6.326555e-19 5.354950e-34
3587.060000 4.427461e-18 6.192941e-34
3589.060000 -2.718118e-17 6.584935e-34
3591.060000 -2.846937e-17 6.092211e-34
3593.060000 -3.534686e-18 5.210342e-34
3595.060000 3.754122e-18 4.732775e-34
3597.060000 1.662415e-18 4.884755e-34
3599.060000 2.361140e-18 5.556356e-34
3601.060000 7.897711e-18 6.520908e-34
3603.060000 6.167337e-18 6.191587e-34
3605.060000 -4.552495e-18 4.993685e-34
3607.060000 -1.638633e-17 4.326503e-34
3609.060000 -6.095257e-18 4.388221e-34
3611.060000 2.013681e-17 5.191764e-34
3613.060000 2.323297e-17 6.182066e-34
3615.060000 -2.135932e-17 6.119735e-34
3617.060000 -3.724539e-17 4.984361e-34
3619.060000 -3.721250e-17 4.387616e-34
3621.060000 -3.151775e-17 4.293195e-34
3623.060000 -2.191252e-17 4.768883e-34
3625.060000 -6.891484e-18 5.657600e-34
3627.060000 1.484998e-18 6.053643e-34
3629.060000 -5.286855e-18 5.794292e-34
3631.060000 4.707768e-18 4.924057e-34
3633.060000 1.129347e-17 4.614448e-34
3635.060000 5.449479e-18 4.942719e-34
3637.060000 -9.060499e-18 5.738944e-34
3639.060000 9.392097e-18 6.255066e-34
3641.060000 -6.154189e-18 5.749662e-34
3643.060000 -1.864320e-17 4.713743e-34
3645.060000 -7.209834e-18 4.308672e-34
3647.060000 4.875203e-18 4.497177e-34
3649.060000 3.732987e-18 5.195572e-34
3651.060000 5.676940e-18 6.003403e-34
3653.060000 1.242453e-17 5.718412e-34
3655.060000 2.634849e-17 4.753953e-34
3657.060000 2.607174e-17 4.181008e-34
3659.060000 2.530820e-17 4.150899e-34
3661.060000 2.954232e-17 4.641518e-34
3663.060000 3.399230e-17 5.509411e-34
3665.060000 2.058537e-17 5.420880e-34
3667.060000 3.796933e-18 4.501391e-34
3669.060000 -5.674620e-18 3.810318e-34
3671.060000 -8.429593e-18 3.624561e-34
3673.060000 -2.995714e-18 3.946558e-34
3675.060000 1.054584e-17 4.682809e-34
3677.060000 1.758053e-17 4.971093e-34
3679.060000 -7.456854e-18 4.271321e-34
3681.060000 -1.263674e-17 3.589452e-34
3683.060000 -5.613812e-17 3.292499e-34
3685.060000 -9.823418e-17 3.450825e-34
3687.060000 -8.837655e-17 3.971233e-34
3689.060000 -1.503832e-17 4.572189e-34
3691.060000 6.417174e-18 4.336506e-34
3693.060000 1.038326e-17 3.702051e-34
3695.060000 5.168363e-18 3.278974e-34
3697.060000 -1.809159e-20 3.328885e-34
3699.060000 3.759789e-18 3.843514e-34
3701.060000 2.424375e-17 4.725863e-34
3703.060000 2.421320e-17 4.560211e-34
3705.060000 -5.222429e-18 3.601416e-34
3707.060000 -2.227716e-17 3.162630e-34
3709.060000 -2.668870e-17 3.149770e-34
3711.060000 -1.823381e-17 3.573497e-34
3713.060000 2.938712e-18 4.438148e-34
3715.060000 2.040409e-17 4.618429e-34
3717.060000 1.804868e-17 3.908872e-34
3719.060000 1.764860e-17 3.335280e-34
3721.060000 2.124724e-17 3.188827e-34
3723.060000 2.449685e-17 3.492104e-34
3725.060000 2.215641e-17 4.126315e-34
3727.060000 2.169181e-17 4.537476e-34
3729.060000 1.257978e-17 4.045111e-34
3731.060000 1.654060e-17 3.392660e-34
3733.060000 1.478104e-17 3.105972e-34
3735.060000 1.286438e-17 3.272328e-34
3737.060000 1.654981e-17 3.875509e-34
3739.060000 1.724170e-17 4.494924e-34
3741.060000 1.714524e-17 4.204017e-34
3743.060000 1.737198e-17 3.482077e-34
3745.060000 3.916753e-18 3.085021e-34
3747.060000 -4.983888e-18 3.105529e-34
3749.060000 -7.439819e-19 3.481578e-34
3751.060000 6.798047e-18 4.131566e-34
3753.060000 8.107227e-18 4.169160e-34
3755.060000 2.190722e-17 3.458154e-34
3757.060000 2.435288e-17 3.031860e-34
3759.060000 2.890857e-17 2.996546e-34
3761.060000 3.874639e-17 3.363039e-34
3763.060000 4.720608e-17 3.937519e-34
3765.060000 2.530777e-17 4.025135e-34
3767.060000 2.677160e-17 3.572992e-34
3769.060000 3.214233e-17 3.054267e-34
3771.060000 3.303130e-17 2.881506e-34
3773.060000 3.380725e-17 3.105824e-34
3775.060000 3.897355e-17 3.659300e-34
3777.060000 2.496249e-17 4.100709e-34
3779.060000 2.592002e-17 3.701389e-34
3781.060000 1.752519e-17 3.028793e-34
3783.060000 8.089321e-18 2.705852e-34
3785.060000 5.895245e-18 2.787833e-34
3787.060000 1.646848e-17 3.244158e-34
3789.060000 4.042862e-17 3.791344e-34
3791.060000 3.892715e-17 3.576416e-34
3793.060000 4.923680e-17 2.977461e-34
3795.060000 5.579172e-17 2.642963e-34
3797.060000 4.733802e-17 2.648818e-34
3799.060000 2.652661e-17 2.950935e-34
3801.060000 1.280845e-17 3.525764e-34
3803.060000 2.103311e-17 3.560813e-34
3805.060000 3.489050e-17 2.930100e-34
3807.060000 4.622197e-17 2.561045e-34
3809.060000 5.498896e-17 2.516914e-34
3811.060000 6.206472e-17 2.816289e-34
3813.060000 6.724631e-17 3.338032e-34
3815.060000 4.677125e-17 3.459346e-34
3817.060000 4.257793e-17 3.084122e-34
3819.060000 5.521915e-17 2.680541e-34
3821.060000 7.060688e-17 2.573998e-34
3823.060000 7.860449e-17 2.819486e-34
3825.060000 7.268424e-17 3.309374e-34
3827.060000 5.368021e-17 3.616388e-34
3829.060000 4.631594e-17 3.298010e-34
3831.060000 5.745153e-17 2.839160e-34
3833.060000 5.952782e-17 2.615071e-34
3835.060000 6.436039e-17 2.747395e-34
3837.060000 7.545203e-17 3.213952e-34
3839.060000 6.424777e-17 3.683914e-34
3841.060000 3.105638e-17 3.416398e-34
3843.060000 3.808209e-17 2.894344e-34
3845.060000 5.670932e-17 2.609118e-34
3847.060000 6.053338e-17 2.645916e-34
3849.060000 4.899039e-17 3.005667e-34
3851.060000 4.984229e-17 3.558821e-34
3853.060000 4.381988e-17 3.502416e-34
3855.060000 4.626253e-17 2.920129e-34
3857.060000 4.685374e-17 2.536500e-34
3859.060000 5.292646e-17 2.476145e-34
3861.060000 5.633189e-17 2.750155e-34
3863.060000 4.294466e-17 3.156195e-34
3865.060000 2.335268e-17 3.254751e-34
3867.060000 3.697105e-17 2.853942e-34
3869.060000 4.142133e-17 2.410016e-34
3871.060000 4.209174e-17 2.247425e-34
3873.060000 4.387642e-17 2.404542e-34
3875.060000 4.696032e-17 2.834952e-34
3877.060000 3.078400e-17 3.065077e-34
3879.060000 4.465299e-17 2.905714e-34
3881.060000 2.859808e-17 2.415076e-34
3883.060000 1.989784e-17 2.163050e-34
3885.060000 3.278669e-17 2.249073e-34
3887.060000 5.869297e-17 2.699788e-34
3889.060000 5.204736e-17 3.232043e-34
3891.060000 4.715590e-17 3.080144e-34
3893.060000 4.942610e-17 2.551276e-34
3895.060000 4.847149e-17 2.221417e-34
3897.060000 3.877667e-17 2.176747e-34
3899.060000 2.627722e-17 2.391221e-34
3901.060000 2.752485e-17 2.897784e-34
3903.060000 5.727047e-17 3.012978e-34
3905.060000 5.194224e-17 2.502522e-34
3907.060000 4.745160e-17 2.172158e-34
3909.060000 4.845502e-17 2.104558e-34
3911.060000 5.012314e-17 2.324907e-34
3913.060000 4.539865e-17 2.740086e-34
3915.060000 4.870785e-17 2.986051e-34
3917.060000 4.842397e-17 2.611774e-34
3919.060000 4.005920e-17 2.157076e-34
3921.060000 4.148535e-17 2.016702e-34
3923.060000 5.186728e-17 2.175053e-34
3925.060000 6.040806e-17 2.581050e-34
3927.060000 3.796753e-17 2.804165e-34
3929.060000 4.030885e-17 2.651965e-34
3931.060000 4.373644e-17 2.231931e-34
3933.060000 3.757037e-17 1.996242e-34
3935.060000 2.647813e-17 2.053393e-34
3937.060000 1.937489e-17 2.408003e-34
3939.060000 2.896495e-17 2.936558e-34
3941.060000 5.167929e-17 2.961362e-34
3943.060000 3.775016e-17 2.425375e-34
3945.060000 2.625200e-17 2.104725e-34
3947.060000 2.973610e-17 2.093440e-34
3949.060000 4.173236e-17 2.389718e-34
3951.060000 4.110918e-17 2.853439e-34
3953.060000 3.432877e-17 2.908814e-34
3955.060000 2.458343e-17 2.439959e-34
3957.060000 2.455658e-17 2.089083e-34
3959.060000 2.069919e-17 1.990031e-34
3961.060000 1.395221e-17 2.166106e-34
3963.060000 1.043568e-17 2.563375e-34
3965.060000 7.825481e-18 2.791334e-34
3967.060000 -3.337982e-18 2.507105e-34
3969.060000 -1.268888e-18 2.176290e-34
3971.060000 1.388633e-17 2.105365e-34
3973.060000 3.826603e-17 2.343702e-34
3975.060000 5.847116e-17 2.925301e-34
3977.060000 3.570995e-17 3.219463e-34
3979.060000 1.749898e-17 2.979976e-34
3981.060000 2.268453e-17 2.504202e-34
3983.060000 1.096463e-17 2.216549e-34
3985.060000 -7.251026e-18 2.225358e-34
3987.060000 -1.489055e-17 2.489311e-34
3989.060000 7.491111e-18 3.016821e-34
3991.060000 3.334606e-17 3.003311e-34
3993.060000 8.770826e-18 2.434544e-34
3995.060000 4.813087e-18 2.075643e-34
3997.060000 1.005302e-17 2.019152e-34
3999.060000 1.402714e-17 2.241324e-34
4001.060000 8.242512e-18 2.575996e-34
4003.060000 -1.789565e-17 2.569245e-34
4005.060000 -5.070695e-18 2.179743e-34
4007.060000 -9.486842e-18 1.817857e-34
4009.060000 -9.734035e-18 1.718657e-34
4011.060000 -2.610788e-18 1.873197e-34
4013.060000 6.236175e-18 2.218572e-34
4015.060000 1.451793e-18 2.405094e-34
4017.060000 -3.310885e-18 2.153697e-34
4019.060000 1.334443e-17 1.822402e-34
4021.060000 2.187407e-17 1.668921e-34
4023.060000 1.835487e-17 1.741248e-34
4025.060000 8.644684e-18 1.994585e-34
4027.060000 1.049461e-17 2.360875e-34
4029.060000 1.706002e-17 2.265808e-34
4031.060000 1.170674e-17 1.873728e-34
4033.060000 1.173901e-17 1.666135e-34
4035.060000 1.202131e-17 1.673343e-34
4037.060000 1.340904e-17 1.871433e-34
4039.060000 2.594908e-17 2.302835e-34
4041.060000 3.330348e-17 2.363805e-34
4043.060000 1.954740e-17 1.926576e-34
4045.060000 1.866472e-17 1.673410e-34
4047.060000 3.076654e-17 1.654949e-34
4049.060000 3.813110e-17 1.869675e-34
4051.060000 1.659755e-17 2.130109e-34
4053.060000 -3.488910e-18 2.165159e-34
4055.060000 5.700272e-18 1.927182e-34
4057.060000 1.971271e-17 1.682691e-34
4059.060000 3.145636e-17 1.623848e-34
4061.060000 4.121447e-17 1.798097e-34
4063.060000 4.989659e-17 2.190539e-34
4065.060000 4.814598e-17 2.455928e-34
4067.060000 3.995008e-17 2.255070e-34
4069.060000 4.006413e-17 1.929636e-34
4071.060000 2.664135e-17 1.737001e-34
4073.060000 1.974476e-17 1.801611e-34
4075.060000 2.801786e-17 2.139473e-34
4077.060000 2.076290e-17 2.477288e-34
4079.060000 3.196822e-17 2.424993e-34
4081.060000 2.851083e-17 2.042711e-34
4083.060000 1.715125e-17 1.793000e-34
4085.060000 1.707278e-17 1.812182e-34
4087.060000 2.915032e-17 2.108005e-34
4089.060000 3.313735e-17 2.552272e-34
4091.060000 2.150120e-17 2.540728e-34
4093.060000 1.187096e-17 2.121848e-34
4095.060000 1.948977e-17 1.830073e-34
4097.060000 2.887321e-17 1.786277e-34
4099.060000 3.911301e-17 2.001377e-34
4101.060000 5.355775e-17 2.407460e-34
4103.060000 3.174792e-17 2.476651e-34
4105.060000 2.215783e-17 2.145840e-34
4107.060000 2.238472e-17 1.832469e-34
4109.060000 2.522703e-17 1.722300e-34
4111.060000 3.079800e-17 1.846989e-34
4113.060000 4.115833e-17 2.141375e-34
4115.060000 6.090750e-17 2.412475e-34
4117.060000 5.434342e-17 2.246715e-34
4119.060000 5.172630e-17 1.862764e-34
4121.060000 5.410166e-17 1.672869e-34
4123.060000 4.890616e-17 1.709079e-34
4125.060000 3.382756e-17 1.921673e-34
4127.060000 2.929538e-17 2.238976e-34
4129.060000 3.200215e-17 2.167530e-34
4131.060000 3.618111e-17 1.808314e-34
4133.060000 4.626315e-17 1.598870e-34
4135.060000 5.063618e-17 1.596030e-34
4137.060000 4.739486e-17 1.797302e-34
4139.060000 4.488468e-17 2.140699e-34
4141.060000 4.800363e-17 2.199372e-34
4143.060000 7.156821e-17 1.919016e-34
4145.060000 6.986925e-17 1.622611e-34
4147.060000 5.549412e-17 1.526907e-34
4149.060000 4.427653e-17 1.636202e-34
4151.060000 5.048116e-17 1.927274e-34
4153.060000 6.505091e-17 2.150020e-34
4155.060000 4.380318e-17 1.868611e-34
4157.060000 6.201802e-17 1.623918e-34
4159.060000 6.481358e-17 1.507360e-34
4161.060000 6.385511e-17 1.602411e-34
4163.060000 7.495502e-17 1.919716e-34
4165.060000 7.160702e-17 2.156475e-34
4167.060000 6.804191e-17 2.005306e-34
4169.060000 7.165838e-17 1.680184e-34
4171.060000 7.115701e-17 1.533113e-34
4173.060000 6.813659e-17 1.582297e-34
4175.060000 6.639932e-17 1.799396e-34
4177.060000 7.098637e-17 2.141320e-34
4179.060000 9.552653e-17 2.149670e-34
4181.060000 8.027290e-17 1.725380e-34
4183.060000 7.011540e-17 1.491463e-34
4185.060000 6.742858e-17 1.470332e-34
4187.060000 7.144486e-17 1.655059e-34
4189.060000 7.832100e-17 2.003090e-34
4191.060000 6.239122e-17 2.022176e-34
4193.060000 6.490382e-17 1.749693e-34
4195.060000 7.686030e-17 1.552005e-34
4197.060000 8.553587e-17 1.505010e-34
4199.060000 8.914904e-17 1.655386e-34
4201.060000 8.964250e-17 1.946494e-34
4203.060000 7.798302e-17 2.051572e-34
4205.060000 7.614865e-17 1.835883e-34
4207.060000 7.205841e-17 1.541356e-34
4209.060000 6.728232e-17 1.418160e-34
4211.060000 6.767126e-17 1.502149e-34
4213.060000 7.605860e-17 1.785784e-34
4215.060000 8.508850e-17 2.045593e-34
4217.060000 8.052719e-17 1.922578e-34
4219.060000 7.535254e-17 1.629304e-34
4221.060000 7.040437e-17 1.468283e-34
4223.060000 6.917740e-17 1.498054e-34
4225.060000 7.163651e-17 1.702619e-34
4227.060000 7.251231e-17 2.030155e-34
4229.060000 7.872159e-17 2.074553e-34
4231.060000 6.058792e-17 1.657014e-34
4233.060000 6.132312e-17 1.460315e-34
4235.060000 7.300502e-17 1.455404e-34
4237.060000 7.985023e-17 1.645482e-34
4239.060000 6.525838e-17 1.876776e-34
4241.060000 7.408543e-17 1.991819e-34
4243.060000 5.638271e-17 1.677877e-34
4245.060000 5.584880e-17 1.443721e-34
4247.060000 6.174318e-17 1.380466e-34
4249.060000 6.170858e-17 1.504778e-34
4251.060000 4.846348e-17 1.741820e-34
4253.060000 4.596827e-17 1.892836e-34
4255.060000 3.341852e-17 1.678389e-34
4257.060000 4.702104e-17 1.457302e-34
4259.060000 5.204537e-17 1.338977e-34
4261.060000 6.063586e-17 1.413419e-34
4263.060000 7.600881e-17 1.694993e-34
4265.060000 5.633132e-17 1.893196e-34
4267.060000 6.140644e-17 1.792356e-34
4269.060000 6.297525e-17 1.475424e-34
4271.060000 5.881032e-17 1.299888e-34
4273.060000 5.243482e-17 1.307773e-34
4275.060000 4.901241e-17 1.487455e-34
4277.060000 5.463589e-17 1.807653e-34
4279.060000 5.473967e-17 1.830427e-34
4281.060000 3.798085e-17 1.491767e-34
4283.060000 4.668225e-17 1.324445e-34
4285.060000 6.027123e-17 1.309461e-34
4287.060000 6.486405e-17 1.464391e-34
4289.060000 5.476961e-17 1.716422e-34
4291.060000 5.666713e-17 1.784480e-34
4293.060000 5.064422e-17 1.524694e-34
4295.060000 6.244788e-17 1.341858e-34
4297.060000 5.648067e-17 1.242830e-34
4299.060000 4.329705e-17 1.300196e-34
4301.060000 4.501137e-17 1.522025e-34
4303.060000 6.638575e-17 1.779699e-34
4305.060000 4.227312e-17 1.602570e-34
4307.060000 4.533088e-17 1.351659e-34
4309.060000 4.055124e-17 1.221395e-34
4311.060000 3.113530e-17 1.258828e-34
4313.060000 2.532758e-17 1.438954e-34
4315.060000 3.004811e-17 1.719086e-34
4317.060000 4.797751e-17 1.711800e-34
4319.060000 4.117082e-17 1.417884e-34
4321.060000 4.259125e-17 1.257097e-34
4323.060000 4.828250e-17 1.269631e-34
4325.060000 5.508448e-17 1.454926e-34
4327.060000 6.271807e-17 1.757902e-34
4329.060000 5.959389e-17 1.790417e-34
4331.060000 5.219098e-17 1.523151e-34
4333.060000 4.900004e-17 1.307680e-34
4335.060000 4.808018e-17 1.265901e-34
4337.060000 4.877424e-17 1.403576e-34
4339.060000 5.090379e-17 1.679088e-34
4341.060000 5.298026e-17 1.817934e-34
4343.060000 4.954671e-17 1.592775e-34
4345.060000 4.363519e-17 1.361893e-34
4347.060000 5.027183e-17 1.296988e-34
4349.060000 5.936231e-17 1.412171e-34
4351.060000 5.994162e-17 1.655939e-34
4353.060000 6.831840e-17 1.864685e-34
4355.060000 4.842691e-17 1.698757e-34
4357.060000 4.533369e-17 1.421557e-34
4359.060000 5.568388e-17 1.307954e-34
4361.060000 6.876900e-17 1.372477e-34
4363.060000 7.646096e-17 1.600121e-34
4365.060000 7.862191e-17 1.848839e-34
4367.060000 6.851675e-17 1.765483e-34
4369.060000 5.724151e-17 1.446834e-34
4371.060000 5.796566e-17 1.293197e-34
4373.060000 6.545157e-17 1.305205e-34
4375.060000 7.244989e-17 1.486905e-34
4377.060000 7.138919e-17 1.767408e-34
4379.060000 6.678579e-17 1.811105e-34
4381.060000 6.599590e-17 1.520537e-34
4383.060000 5.548685e-17 1.283987e-34
4385.060000 5.675439e-17 1.237097e-34
4387.060000 6.575538e-17 1.374905e-34
4389.060000 6.628215e-17 1.641566e-34
4391.060000 5.028773e-17 1.737577e-34
4393.060000 4.887744e-17 1.519821e-34
4395.060000 6.899436e-17 1.334902e-34
4397.060000 7.231567e-17 1.237099e-34
4399.060000 6.941494e-17 1.308954e-34
4401.060000 7.473557e-17 1.560347e-34
4403.060000 7.276721e-17 1.786442e-34
4405.060000 5.641526e-17 1.628131e-34
4407.060000 4.773276e-17 1.330937e-34
4409.060000 4.998081e-17 1.208736e-34
4411.060000 5.529008e-17 1.255664e-34
4413.060000 5.867579e-17 1.460361e-34
4415.060000 6.286038e-17 1.715145e-34
4417.060000 5.794388e-17 1.698696e-34
4419.060000 5.570357e-17 1.422362e-34
4421.060000 5.198849e-17 1.243792e-34
4423.060000 5.416575e-17 1.235444e-34
4425.060000 6.028130e-17 1.399950e-34
4427.060000 6.040883e-17 1.680367e-34
4429.060000 5.051931e-17 1.695241e-34
4431.060000 5.608039e-17 1.476433e-34
4433.060000 5.760010e-17 1.259609e-34
4435.060000 5.039652e-17 1.188123e-34
4437.060000 4.577548e-17 1.280181e-34
4439.060000 5.775756e-17 1.530999e-34
4441.060000 7.408174e-17 1.717020e-34
4443.060000 7.026161e-17 1.554289e-34
4445.060000 6.051906e-17 1.301207e-34
4447.060000 5.704407e-17 1.195905e-34
4449.060000 5.458107e-17 1.255955e-34
4451.060000 4.853672e-17 1.441819e-34
4453.060000 4.777522e-17 1.638008e-34
4455.060000 6.544936e-17 1.561569e-34
4457.060000 7.724630e-17 1.355907e-34
4459.060000 8.475253e-17 1.232376e-34
4461.060000 8.281063e-17 1.258421e-34
4463.060000 7.233543e-17 1.416940e-34
4465.060000 6.312508e-17 1.637742e-34
4467.060000 6.143265e-17 1.619210e-34
4469.060000 6.483582e-17 1.351866e-34
4471.060000 6.401546e-17 1.180702e-34
4473.060000 6.342062e-17 1.164861e-34
4475.060000 6.625055e-17 1.311445e-34
4477.060000 7.306340e-17 1.592010e-34
4479.060000 6.290071e-17 1.656588e-34
4481.060000 6.338209e-17 1.431151e-34
4483.060000 7.808695e-17 1.259496e-34
4485.060000 8.017691e-17 1.198828e-34
4487.060000 7.189787e-17 1.292172e-34
4489.060000 6.650695e-17 1.504412e-34
4491.060000 7.363277e-17 1.656136e-34
4493.060000 6.864011e-17 1.491546e-34
4495.060000 5.581477e-17 1.248487e-34
4497.060000 6.036604e-17 1.164788e-34
4499.060000 7.620411e-17 1.251584e-34
4501.060000 8.862182e-17 1.506476e-34
4503.060000 7.658442e-17 1.714642e-34
4505.060000 6.885981e-17 1.600226e-34
4507.060000 6.503703e-17 1.333220e-34
4509.060000 6.121923e-17 1.178206e-34
4511.060000 5.482977e-17 1.180959e-34
4513.060000 5.014075e-17 1.326547e-34
4515.060000 5.957099e-17 1.614620e-34
4517.060000 7.597518e-17 1.675000e-34
4519.060000 6.859097e-17 1.399042e-34
4521.060000 5.913660e-17 1.203418e-34
4523.060000 4.672839e-17 1.159504e-34
4525.060000 3.940329e-17 1.268385e-34
4527.060000 4.902509e-17 1.515684e-34
4529.060000 6.981480e-17 1.634550e-34
4531.060000 5.621605e-17 1.410966e-34
4533.060000 5.265861e-17 1.215806e-34
4535.060000 5.467252e-17 1.157965e-34
4537.060000 5.830824e-17 1.259388e-34
4539.060000 6.116293e-17 1.477160e-34
4541.060000 6.994213e-17 1.665006e-34
4543.060000 5.658399e-17 1.494524e-34
4545.060000 4.357615e-17 1.219034e-34
4547.060000 4.587523e-17 1.123121e-34
4549.060000 5.075529e-17 1.183930e-34
4551.060000 5.006671e-17 1.373131e-34
4553.060000 5.663736e-17 1.605998e-34
4555.060000 3.758995e-17 1.492220e-34
4557.060000 2.420951e-17 1.224550e-34
4559.060000 2.896296e-17 1.096035e-34
4561.060000 3.190550e-17 1.106546e-34
4563.060000 2.830975e-17 1.253116e-34
4565.060000 3.286190e-17 1.536458e-34
4567.060000 6.054024e-17 1.610177e-34
4569.060000 5.673222e-17 1.351260e-34
4571.060000 4.742694e-17 1.165509e-34
4573.060000 4.450809e-17 1.130025e-34
4575.060000 4.521476e-17 1.251210e-34
4577.060000 4.092117e-17 1.484067e-34
4579.060000 5.248380e-17 1.633944e-34
4581.060000 5.460671e-17 1.431634e-34
4583.060000 4.952403e-17 1.200273e-34
4585.060000 5.435933e-17 1.136270e-34
4587.060000 6.072676e-17 1.235623e-34
4589.060000 5.531521e-17 1.451230e-34
4591.060000 3.282521e-17 1.562305e-34
4593.060000 2.621547e-17 1.434127e-34
4595.060000 3.470856e-17 1.223484e-34
4597.060000 3.670370e-17 1.099134e-34
4599.060000 3.924944e-17 1.131434e-34
4601.060000 4.490839e-17 1.316059e-34
4603.060000 4.046524e-17 1.532533e-34
4605.060000 4.370826e-17 1.545496e-34
4607.060000 4.417457e-17 1.282043e-34
4609.060000 3.973418e-17 1.121088e-34
4611.060000 3.878638e-17 1.122568e-34
4613.060000 4.104154e-17 1.285965e-34
4615.060000 3.798640e-17 1.529483e-34
4617.060000 4.666365e-17 1.578177e-34
4619.060000 5.421144e-17 1.344172e-34
4621.060000 4.227007e-17 1.141013e-34
4623.060000 3.015702e-17 1.085575e-34
4625.060000 2.933475e-17 1.182393e-34
4627.060000 4.198742e-17 1.412827e-34
4629.060000 3.277718e-17 1.498865e-34
4631.060000 4.811883e-17 1.361396e-34
4633.060000 4.043124e-17 1.144573e-34
4635.060000 2.604468e-17 1.039223e-34
4637.060000 1.660743e-17 1.079253e-34
4639.060000 1.907562e-17 1.249890e-34
4641.060000 2.874184e-17 1.440597e-34
4643.060000 4.630896e-17 1.379489e-34
4645.060000 4.502670e-17 1.152237e-34
4647.060000 3.860089e-17 1.038084e-34
4649.060000 3.275751e-17 1.059393e-34
4651.060000 3.281840e-17 1.192824e-34
4653.060000 4.440911e-17 1.448641e-34
4655.060000 1.721869e-17 1.382006e-34
4657.060000 1.687781e-17 1.140614e-34
4659.060000 2.187686e-17 1.005106e-34
4661.060000 2.723073e-17 1.000237e-34
4663.060000 3.161190e-17 1.129147e-34
4665.060000 3.688707e-17 1.352273e-34
4667.060000 4.770076e-17 1.440382e-34
4669.060000 2.813870e-17 1.197601e-34
4671.060000 2.676814e-17 1.041955e-34
4673.060000 2.920096e-17 1.006360e-34
4675.060000 2.963676e-17 1.109100e-34
4677.060000 2.788910e-17 1.314388e-34
4679.060000 3.800308e-17 1.478530e-34
4681.060000 3.392001e-17 1.299783e-34
4683.060000 3.210682e-17 1.114161e-34
4685.060000 2.735989e-17 1.026824e-34
4687.060000 2.577725e-17 1.081089e-34
4689.060000 3.130933e-17 1.262745e-34
4691.060000 3.532247e-17 1.459030e-34
4693.060000 2.334142e-17 1.359646e-34
4695.060000 2.195961e-17 1.152075e-34
4697.060000 1.741864e-17 1.016102e-34
4699.060000 2.089037e-17 1.036263e-34
4701.060000 3.429731e-17 1.220532e-34
4703.060000 4.345546e-17 1.490034e-34
4705.060000 3.980815e-17 1.470372e-34
4707.060000 3.110087e-17 1.215382e-34
4709.060000 3.211779e-17 1.071005e-34
4711.060000 3.612898e-17 1.065909e-34
4713.060000 3.953567e-17 1.208405e-34
4715.060000 4.145407e-17 1.436358e-34
4717.060000 3.907555e-17 1.488971e-34
4719.060000 3.800826e-17 1.283439e-34
4721.060000 4.452159e-17 1.103638e-34
4723.060000 3.719612e-17 1.033726e-34
4725.060000 2.398192e-17 1.102235e-34
4727.060000 2.102416e-17 1.304227e-34
4729.060000 2.607470e-17 1.460432e-34
4731.060000 2.272943e-17 1.310876e-34
4733.060000 2.436348e-17 1.103775e-34
4735.060000 1.908114e-17 1.009071e-34
4737.060000 2.207053e-17 1.063961e-34
4739.060000 4.031085e-17 1.273411e-34
4741.060000 4.855302e-17 1.496810e-34
4743.060000 2.791719e-17 1.383327e-34
4745.060000 2.133535e-17 1.172869e-34
4747.060000 2.453635e-17 1.045917e-34
4749.060000 2.795527e-17 1.060117e-34
4751.060000 2.929598e-17 1.212467e-34
4753.060000 3.631403e-17 1.469030e-34
4755.060000 4.189860e-17 1.506201e-34
4757.060000 2.412346e-17 1.217337e-34
4759.060000 2.468403e-17 1.074453e-34
4761.060000 2.496683e-17 1.055223e-34
4763.060000 1.978199e-17 1.170370e-34
4765.060000 1.448951e-17 1.369375e-34
4767.060000 2.791004e-17 1.509306e-34
4769.060000 2.855718e-17 1.339459e-34
4771.060000 3.865287e-17 1.173079e-34
4773.060000 4.411735e-17 1.101063e-34
4775.060000 4.439678e-17 1.172059e-34
4777.060000 4.402632e-17 1.367863e-34
4779.060000 4.928445e-17 1.557486e-34
4781.060000 4.996417e-17 1.451311e-34
4783.060000 4.984498e-17 1.214387e-34
4785.060000 5.227471e-17 1.108328e-34
4787.060000 5.391266e-17 1.158534e-34
4789.060000 5.106337e-17 1.349199e-34
4791.060000 4.105702e-17 1.539950e-34
4793.060000 5.832717e-17 1.523476e-34
4795.060000 6.431355e-17 1.279115e-34
4797.060000 5.719262e-17 1.128635e-34
4799.060000 4.938362e-17 1.126178e-34
4801.060000 4.528233e-17 1.260768e-34
4803.060000 3.911439e-17 1.479496e-34
4805.060000 3.358091e-17 1.507051e-34
4807.060000 3.915298e-17 1.272077e-34
4809.060000 3.635944e-17 1.093246e-34
4811.060000 2.948696e-17 1.052452e-34
4813.060000 2.661343e-17 1.157899e-34
4815.060000 3.535999e-17 1.405284e-34
4817.060000 4.149608e-17 1.524793e-34
4819.060000 4.956320e-17 1.389621e-34
4821.060000 4.923672e-17 1.177834e-34
4823.060000 4.409149e-17 1.085059e-34
4825.060000 4.351907e-17 1.147685e-34
4827.060000 5.440240e-17 1.371816e-34
4829.060000 6.831223e-17 1.595688e-34
4831.060000 7.106042e-17 1.505395e-34
4833.060000 7.697777e-17 1.290637e-34
4835.060000 7.884225e-17 1.178425e-34
4837.060000 7.715191e-17 1.219676e-34
4839.060000 7.159452e-17 1.391651e-34
4841.060000 5.756472e-17 1.600942e-34
4843.060000 5.975034e-17 1.555594e-34
4845.060000 6.032054e-17 1.299880e-34
4847.060000 6.087223e-17 1.158280e-34
4849.060000 6.096332e-17 1.160812e-34
4851.060000 6.212977e-17 1.309418e-34
4853.060000 6.742035e-17 1.574150e-34
4855.060000 6.820332e-17 1.609174e-34
4857.060000 5.449215e-17 1.370154e-34
4859.060000 5.382763e-17 1.197331e-34
4861.060000 5.926773e-17 1.168272e-34
4863.060000 6.564371e-17 1.304968e-34
4865.060000 6.871610e-17 1.580996e-34
4867.060000 6.528965e-17 1.701139e-34
4869.060000 6.423680e-17 1.522399e-34
4871.060000 6.863313e-17 1.310759e-34
4873.060000 7.686976e-17 1.245497e-34
4875.060000 7.927463e-17 1.347208e-34
4877.060000 7.079200e-17 1.566735e-34
4879.060000 6.802027e-17 1.787879e-34
4881.060000 7.919141e-17 1.741103e-34
4883.060000 8.013379e-17 1.468154e-34
4885.060000 7.747947e-17 1.314369e-34
4887.060000 7.315088e-17 1.344368e-34
4889.060000 6.855465e-17 1.546180e-34
4891.060000 6.455986e-17 1.837204e-34
4893.060000 5.361181e-17 1.831092e-34
4895.060000 6.243197e-17 1.564855e-34
4897.060000 5.994737e-17 1.366354e-34
4899.060000 5.413971e-17 1.342080e-34
4901.060000 5.044094e-17 1.489506e-34
4903.060000 5.095236e-17 1.771159e-34
4905.060000 5.854980e-17 1.889926e-34
4907.060000 6.011687e-17 1.641179e-34
4909.060000 6.113189e-17 1.421973e-34
4911.060000 5.133716e-17 1.347662e-34
4913.060000 3.802844e-17 1.451489e-34
4915.060000 3.437346e-17 1.724035e-34
4917.060000 4.039626e-17 1.907383e-34
4919.060000 5.901711e-17 1.746855e-34
4921.060000 5.708699e-17 1.495376e-34
4923.060000 5.510715e-17 1.385534e-34
4925.060000 5.573725e-17 1.468368e-34
4927.060000 5.798792e-17 1.726656e-34
4929.060000 6.078913e-17 2.025385e-34
4931.060000 6.221883e-17 1.936817e-34
4933.060000 7.403262e-17 1.669930e-34
4935.060000 7.868427e-17 1.521466e-34
4937.060000 7.581265e-17 1.571741e-34
4939.060000 7.220679e-17 1.825420e-34
4941.060000 8.218290e-17 2.260143e-34
4943.060000 8.998389e-17 2.287207e-34
4945.060000 8.566250e-17 1.899502e-34
4947.060000 7.429374e-17 1.651810e-34
4949.060000 6.723631e-17 1.666989e-34
4951.060000 6.519022e-17 1.955173e-34
4953.060000 6.141755e-17 2.371056e-34
4955.060000 6.647133e-17 2.502489e-34
4957.060000 5.601988e-17 2.156694e-34
4959.060000 5.493958e-17 1.911062e-34
4961.060000 7.315498e-17 1.884689e-34
4963.060000 9.175835e-17 2.125963e-34
4965.060000 8.560342e-17 2.571999e-34
4967.060000 5.431191e-17 2.768531e-34
4969.060000 5.032330e-17 2.574255e-34
4971.060000 4.667449e-17 2.196424e-34
4973.060000 5.136347e-17 2.056127e-34
4975.060000 7.511331e-17 2.241407e-34
4977.060000 1.063770e-16 2.830187e-34
4979.060000 7.602417e-17 3.207286e-34
4981.060000 6.481962e-17 3.093361e-34
4983.060000 7.449573e-17 2.662182e-34
4985.060000 6.222167e-17 2.384944e-34
4987.060000 6.067187e-17 2.464634e-34
4989.060000 7.810780e-17 2.945892e-34
4991.060000 8.507694e-17 3.684304e-34
4993.060000 5.994628e-17 3.709449e-34
4995.060000 8.159789e-17 3.271733e-34
4997.060000 6.996596e-17 2.858286e-34
4999.060000 5.810466e-17 2.808999e-34
5001.060000 5.625302e-17 3.160807e-34
5003.060000 5.948879e-17 3.864721e-34
5005.060000 8.017113e-17 4.322275e-34
5007.060000 6.484966e-17 3.771392e-34
5009.060000 5.451259e-17 3.250147e-34
5011.060000 4.161874e-17 3.106191e-34
5013.060000 2.580274e-17 3.392532e-34
5015.060000 1.435430e-17 3.992056e-34
5017.060000 4.280254e-17 4.712065e-34
5019.060000 5.150892e-17 4.434268e-34
5021.060000 6.923686e-17 3.879801e-34
5023.060000 7.258505e-17 3.600198e-34
5025.060000 7.786131e-17 3.833849e-34
5027.060000 9.097172e-17 4.636117e-34
5029.060000 8.022204e-17 5.406664e-34
5031.060000 5.811180e-17 5.402386e-34
5033.060000 6.286325e-17 4.540662e-34
5035.060000 5.815131e-17 4.024864e-34
5037.060000 5.736157e-17 4.074333e-34
5039.060000 6.325590e-17 4.707337e-34
5041.060000 6.411004e-17 5.796003e-34
5043.060000 6.102633e-17 5.847967e-34
5045.060000 3.444682e-17 4.845166e-34
5047.060000 4.523466e-17 4.282572e-34
5049.060000 4.422880e-17 4.140609e-34
5051.060000 3.729674e-17 4.522440e-34
5053.060000 5.866987e-17 5.536848e-34
5055.060000 1.098416e-16 6.230424e-34
5057.060000 7.058285e-17 5.267365e-34
5059.060000 1.939292e-17 4.146737e-34
5061.060000 4.162467e-18 3.834358e-34
5063.060000 2.656830e-17 4.168819e-34
5065.060000 6.465709e-17 5.111277e-34
5067.060000 6.738488e-17 5.739867e-34
5069.060000 3.711992e-17 5.202015e-34
5071.060000 2.594212e-17 4.337971e-34
5073.060000 3.158156e-17 3.945646e-34
5075.060000 3.610650e-17 4.078691e-34
5077.060000 2.799420e-17 4.637444e-34
5079.060000 1.277013e-17 5.337700e-34
5081.060000 1.609413e-17 5.201611e-34
5083.060000 3.218391e-17 4.282713e-34
5085.060000 2.927763e-17 3.796514e-34
5087.060000 1.537732e-17 3.794849e-34
5089.060000 2.401636e-18 4.271851e-34
5091.060000 3.941457e-18 5.111057e-34
5093.060000 4.177181e-17 5.384938e-34
5095.060000 3.392554e-17 4.465073e-34
5097.060000 2.571628e-17 3.872209e-34
5099.060000 2.450153e-17 3.802487e-34
5101.060000 3.190406e-17 4.295373e-34
5103.060000 4.447376e-17 5.202261e-34
5105.060000 4.667120e-17 5.571103e-34
5107.060000 3.783933e-17 4.973295e-34
5109.060000 1.781721e-17 4.183343e-34
5111.060000 4.005852e-18 3.892126e-34
5113.060000 9.768932e-18 4.187551e-34
5115.060000 3.544297e-17 5.100806e-34
5117.060000 4.494744e-17 5.929856e-34
5119.060000 3.448648e-17 5.699472e-34
5121.060000 2.807576e-17 4.918284e-34
5123.060000 1.814142e-17 4.475589e-34
5125.060000 9.783959e-18 4.654152e-34
5127.060000 2.724215e-18 5.477185e-34
5129.060000 -1.454899e-17 6.562702e-34
5131.060000 2.974214e-17 6.832809e-34
5133.060000 6.422582e-17 6.109100e-34
5135.060000 6.555473e-17 5.729334e-34
5137.060000 4.718443e-17 5.905868e-34
5139.060000 3.350320e-17 6.851725e-34
5141.060000 5.228968e-17 8.502861e-34
5143.060000 5.613117e-17 8.860080e-34
5145.060000 6.320609e-17 8.347462e-34
