#OBJECT = ATLAS18twh
#MJD-OBS = 58348.468252
#DATE-OBS = 2018-08-18T11:14:17
#EXPTIME = 1220.000000
#AIRMASS = 1.585000
#TELESCOPE = UH88
#INSTRUMENT = SNIFS
#WL FL ERR
#[Ang] [erg/s/cm2/A] [erg/s/cm2/A]
3307.060000 nan 9.247655e-33
3309.060000 nan 8.956901e-33
3311.060000 nan 8.601491e-33
3313.060000 nan 8.410956e-33
3315.060000 nan 8.125302e-33
3317.060000 nan 7.954045e-33
3319.060000 nan 7.857591e-33
3321.060000 nan 7.935729e-33
3323.060000 nan 8.004129e-33
3325.060000 nan 7.652061e-33
3327.060000 nan 7.237473e-33
3329.060000 nan 7.839455e-33
3331.060000 nan 7.910764e-33
3333.060000 nan 7.572368e-33
3335.060000 nan 7.327724e-33
3337.060000 nan 7.468046e-33
3339.060000 nan 7.156543e-33
3341.060000 nan 7.038513e-33
3343.060000 nan 6.801144e-33
3345.060000 nan 6.766273e-33
3347.060000 nan 6.735074e-33
3349.060000 nan 6.428565e-33
3351.060000 nan 6.090609e-33
3353.060000 nan 6.044463e-33
3355.060000 nan 5.888925e-33
3357.060000 nan 5.683325e-33
3359.060000 nan 5.548771e-33
3361.060000 nan 5.506112e-33
3363.060000 nan 5.419228e-33
3365.060000 nan 5.485416e-33
3367.060000 nan 5.647793e-33
3369.060000 nan 5.726605e-33
3371.060000 nan 5.659446e-33
3373.060000 nan 5.513723e-33
3375.060000 nan 5.433450e-33
3377.060000 nan 5.403358e-33
3379.060000 nan 5.321119e-33
3381.060000 nan 5.035117e-33
3383.060000 nan 4.886329e-33
3385.060000 nan 4.925943e-33
3387.060000 nan 4.927757e-33
3389.060000 nan 4.645861e-33
3391.060000 nan 4.750995e-33
3393.060000 nan 4.562643e-33
3395.060000 nan 4.598621e-33
3397.060000 nan 4.735937e-33
3399.060000 nan 4.694421e-33
3401.060000 nan 4.625299e-33
3403.060000 nan 4.530218e-33
3405.060000 nan 4.378221e-33
3407.060000 nan 4.255173e-33
3409.060000 nan 4.111398e-33
3411.060000 nan 3.932478e-33
3413.060000 nan 3.817157e-33
3415.060000 nan 3.862180e-33
3417.060000 nan 3.929155e-33
3419.060000 nan 3.836235e-33
3421.060000 nan 3.710157e-33
3423.060000 nan 3.668353e-33
3425.060000 nan 3.712239e-33
3427.060000 nan 3.662239e-33
3429.060000 nan 3.389007e-33
3431.060000 nan 3.438073e-33
3433.060000 nan 3.453568e-33
3435.060000 nan 3.350444e-33
3437.060000 nan 3.264761e-33
3439.060000 nan 3.209292e-33
3441.060000 nan 3.102763e-33
3443.060000 nan 3.084471e-33
3445.060000 nan 3.012673e-33
3447.060000 nan 2.925116e-33
3449.060000 nan 2.889859e-33
3451.060000 nan 2.857969e-33
3453.060000 nan 2.834211e-33
3455.060000 nan 2.870895e-33
3457.060000 nan 2.811063e-33
3459.060000 nan 2.721451e-33
3461.060000 nan 2.674434e-33
3463.060000 nan 2.654124e-33
3465.060000 nan 2.652759e-33
3467.060000 nan 2.615431e-33
3469.060000 nan 2.567705e-33
3471.060000 nan 2.524724e-33
3473.060000 nan 2.478926e-33
3475.060000 nan 2.424762e-33
3477.060000 nan 2.454357e-33
3479.060000 nan 2.438889e-33
3481.060000 nan 2.419721e-33
3483.060000 nan 2.404792e-33
3485.060000 nan 2.378987e-33
3487.060000 nan 2.345893e-33
3489.060000 nan 2.391459e-33
3491.060000 nan 2.369682e-33
3493.060000 nan 2.287678e-33
3495.060000 nan 2.196261e-33
3497.060000 nan 2.173451e-33
3499.060000 nan 2.223789e-33
3501.060000 nan 2.216173e-33
3503.060000 nan 2.164306e-33
3505.060000 nan 2.128643e-33
3507.060000 nan 2.089484e-33
3509.060000 nan 2.056212e-33
3511.060000 nan 2.048636e-33
3513.060000 nan 2.066357e-33
3515.060000 nan 1.940347e-33
3517.060000 nan 1.946473e-33
3519.060000 nan 1.967984e-33
3521.060000 nan 1.972643e-33
3523.060000 nan 1.939301e-33
3525.060000 nan 1.872567e-33
3527.060000 nan 1.877302e-33
3529.060000 nan 1.859249e-33
3531.060000 nan 1.838821e-33
3533.060000 nan 1.836639e-33
3535.060000 nan 1.821278e-33
3537.060000 nan 1.779339e-33
3539.060000 nan 1.813452e-33
3541.060000 nan 1.795229e-33
3543.060000 nan 1.810621e-33
3545.060000 nan 1.844874e-33
3547.060000 nan 1.823324e-33
3549.060000 nan 1.749111e-33
3551.060000 nan 1.768707e-33
3553.060000 nan 1.752237e-33
3555.060000 nan 1.731043e-33
3557.060000 nan 1.726589e-33
3559.060000 nan 1.717257e-33
3561.060000 nan 1.696798e-33
3563.060000 nan 1.680981e-33
3565.060000 nan 1.629843e-33
3567.060000 nan 1.557497e-33
3569.060000 nan 1.597050e-33
3571.060000 nan 1.618236e-33
3573.060000 nan 1.582932e-33
3575.060000 nan 1.559855e-33
3577.060000 nan 1.615812e-33
3579.060000 nan 1.612317e-33
3581.060000 nan 1.550934e-33
3583.060000 nan 1.510655e-33
3585.060000 nan 1.494747e-33
3587.060000 nan 1.467354e-33
3589.060000 nan 1.412608e-33
3591.060000 nan 1.403198e-33
3593.060000 nan 1.439914e-33
3595.060000 nan 1.421288e-33
3597.060000 nan 1.363905e-33
3599.060000 nan 1.327515e-33
3601.060000 nan 1.353982e-33
3603.060000 nan 1.359934e-33
3605.060000 nan 1.304608e-33
3607.060000 nan 1.292195e-33
3609.060000 nan 1.320039e-33
3611.060000 nan 1.345123e-33
3613.060000 nan 1.326323e-33
3615.060000 nan 1.314125e-33
3617.060000 nan 1.299821e-33
3619.060000 nan 1.310278e-33
3621.060000 nan 1.321901e-33
3623.060000 nan 1.321237e-33
3625.060000 nan 1.313498e-33
3627.060000 nan 1.321463e-33
3629.060000 nan 1.398853e-33
3631.060000 nan 1.392783e-33
3633.060000 nan 1.371251e-33
3635.060000 nan 1.351611e-33
3637.060000 nan 1.325022e-33
3639.060000 nan 1.296338e-33
3641.060000 nan 1.300738e-33
3643.060000 nan 1.281954e-33
3645.060000 nan 1.272986e-33
3647.060000 nan 1.258930e-33
3649.060000 nan 1.226063e-33
3651.060000 nan 1.188235e-33
3653.060000 nan 1.181964e-33
3655.060000 nan 1.170207e-33
3657.060000 nan 1.164973e-33
3659.060000 nan 1.151393e-33
3661.060000 nan 1.133254e-33
3663.060000 nan 1.128585e-33
3665.060000 nan 1.107559e-33
3667.060000 nan 1.078141e-33
3669.060000 nan 1.070242e-33
3671.060000 nan 1.046475e-33
3673.060000 nan 1.021351e-33
3675.060000 nan 1.023292e-33
3677.060000 nan 1.001174e-33
3679.060000 nan 9.994865e-34
3681.060000 nan 9.791465e-34
3683.060000 nan 9.604954e-34
3685.060000 nan 9.493099e-34
3687.060000 nan 9.463013e-34
3689.060000 nan 9.562297e-34
3691.060000 nan 9.354132e-34
3693.060000 nan 9.205895e-34
3695.060000 nan 9.139490e-34
3697.060000 nan 9.132106e-34
3699.060000 nan 9.087163e-34
3701.060000 nan 8.891641e-34
3703.060000 nan 8.902618e-34
3705.060000 nan 8.881551e-34
3707.060000 nan 8.856577e-34
3709.060000 nan 8.875612e-34
3711.060000 nan 8.944436e-34
3713.060000 nan 9.044974e-34
3715.060000 nan 9.250656e-34
3717.060000 nan 9.115340e-34
3719.060000 nan 8.932144e-34
3721.060000 nan 8.699287e-34
3723.060000 nan 8.594909e-34
3725.060000 nan 8.743499e-34
3727.060000 nan 8.798295e-34
3729.060000 nan 8.793216e-34
3731.060000 nan 8.762724e-34
3733.060000 nan 8.839558e-34
3735.060000 nan 8.911542e-34
3737.060000 nan 8.924014e-34
3739.060000 nan 9.086180e-34
3741.060000 nan 9.030862e-34
3743.060000 nan 8.819442e-34
3745.060000 nan 8.636191e-34
3747.060000 nan 8.589951e-34
3749.060000 nan 8.597353e-34
3751.060000 nan 8.417613e-34
3753.060000 nan 8.126415e-34
3755.060000 nan 7.974011e-34
3757.060000 nan 7.848651e-34
3759.060000 nan 7.860769e-34
3761.060000 nan 7.930440e-34
3763.060000 nan 7.886989e-34
3765.060000 nan 7.958897e-34
3767.060000 nan 8.026454e-34
3769.060000 nan 7.949225e-34
3771.060000 nan 7.788516e-34
3773.060000 nan 7.635060e-34
3775.060000 nan 7.586931e-34
3777.060000 nan 7.738870e-34
3779.060000 nan 7.752968e-34
3781.060000 nan 7.702332e-34
3783.060000 nan 7.592187e-34
3785.060000 nan 7.455830e-34
3787.060000 nan 7.312992e-34
3789.060000 nan 7.151590e-34
3791.060000 nan 7.103495e-34
3793.060000 nan 6.954142e-34
3795.060000 nan 6.919284e-34
3797.060000 nan 6.897812e-34
3799.060000 nan 6.869441e-34
3801.060000 nan 6.956257e-34
3803.060000 nan 7.011359e-34
3805.060000 nan 6.903074e-34
3807.060000 nan 6.767572e-34
3809.060000 nan 6.627157e-34
3811.060000 nan 6.598102e-34
3813.060000 nan 6.767621e-34
3815.060000 nan 6.831441e-34
3817.060000 nan 6.860315e-34
3819.060000 nan 6.826010e-34
3821.060000 nan 6.815571e-34
3823.060000 nan 6.786161e-34
3825.060000 nan 6.722597e-34
3827.060000 nan 6.832134e-34
3829.060000 nan 6.878593e-34
3831.060000 nan 6.852171e-34
3833.060000 nan 6.852143e-34
3835.060000 nan 6.810659e-34
3837.060000 nan 6.713382e-34
3839.060000 nan 6.692885e-34
3841.060000 nan 6.528432e-34
3843.060000 nan 6.414861e-34
3845.060000 nan 6.394785e-34
3847.060000 nan 6.355057e-34
3849.060000 nan 6.267468e-34
3851.060000 nan 6.221162e-34
3853.060000 nan 6.232015e-34
3855.060000 nan 6.188802e-34
3857.060000 nan 6.133733e-34
3859.060000 nan 6.168837e-34
3861.060000 nan 6.189949e-34
3863.060000 nan 6.032774e-34
3865.060000 nan 5.846930e-34
3867.060000 nan 5.865181e-34
3869.060000 nan 6.013961e-34
3871.060000 nan 5.986253e-34
3873.060000 nan 5.843393e-34
3875.060000 nan 5.768011e-34
3877.060000 nan 5.768962e-34
3879.060000 nan 5.875290e-34
3881.060000 nan 5.837093e-34
3883.060000 nan 5.770074e-34
3885.060000 nan 5.794857e-34
3887.060000 nan 5.906734e-34
3889.060000 nan 5.941265e-34
3891.060000 nan 5.877347e-34
3893.060000 nan 5.696946e-34
3895.060000 nan 5.546590e-34
3897.060000 nan 5.445834e-34
3899.060000 nan 5.405376e-34
3901.060000 nan 5.426399e-34
3903.060000 nan 5.386824e-34
3905.060000 nan 5.379772e-34
3907.060000 nan 5.354137e-34
3909.060000 nan 5.339390e-34
3911.060000 nan 5.318173e-34
3913.060000 nan 5.266848e-34
3915.060000 nan 5.254493e-34
3917.060000 nan 5.162830e-34
3919.060000 nan 5.201343e-34
3921.060000 nan 5.128622e-34
3923.060000 nan 5.069914e-34
3925.060000 nan 5.133199e-34
3927.060000 nan 5.067176e-34
3929.060000 nan 5.232685e-34
3931.060000 nan 5.218645e-34
3933.060000 nan 5.212497e-34
3935.060000 nan 5.243464e-34
3937.060000 nan 5.260715e-34
3939.060000 nan 5.209062e-34
3941.060000 nan 5.318885e-34
3943.060000 nan 5.244414e-34
3945.060000 nan 5.211696e-34
3947.060000 nan 5.300892e-34
3949.060000 nan 5.431546e-34
3951.060000 nan 5.429708e-34
3953.060000 nan 5.239510e-34
3955.060000 nan 5.229107e-34
3957.060000 nan 5.208890e-34
3959.060000 nan 5.226716e-34
3961.060000 nan 5.242547e-34
3963.060000 nan 5.166033e-34
3965.060000 nan 4.959428e-34
3967.060000 nan 5.074934e-34
3969.060000 nan 5.159531e-34
3971.060000 nan 5.267798e-34
3973.060000 nan 5.384762e-34
3975.060000 nan 5.494099e-34
3977.060000 nan 5.625993e-34
3979.060000 nan 5.592131e-34
3981.060000 nan 5.639481e-34
3983.060000 nan 5.755247e-34
3985.060000 nan 5.853357e-34
3987.060000 nan 5.858187e-34
3989.060000 nan 5.766849e-34
3991.060000 nan 5.793908e-34
3993.060000 nan 5.870350e-34
3995.060000 nan 5.884480e-34
3997.060000 nan 5.810751e-34
3999.060000 nan 5.753414e-34
4001.060000 nan 5.823560e-34
4003.060000 nan 5.779697e-34
4005.060000 nan 5.467278e-34
4007.060000 nan 5.271278e-34
4009.060000 nan 5.159720e-34
4011.060000 nan 5.099152e-34
4013.060000 nan 5.064571e-34
4015.060000 nan 5.012851e-34
4017.060000 nan 4.786709e-34
4019.060000 nan 4.733204e-34
4021.060000 nan 4.609691e-34
4023.060000 nan 4.476691e-34
4025.060000 nan 4.454345e-34
4027.060000 nan 4.535976e-34
4029.060000 nan 4.580521e-34
4031.060000 nan 4.577673e-34
4033.060000 nan 4.477192e-34
4035.060000 nan 4.350845e-34
4037.060000 nan 4.283728e-34
4039.060000 nan 4.303816e-34
4041.060000 nan 4.243384e-34
4043.060000 nan 4.245366e-34
4045.060000 nan 4.273061e-34
4047.060000 nan 4.334058e-34
4049.060000 nan 4.306139e-34
4051.060000 nan 4.103870e-34
4053.060000 nan 4.142414e-34
4055.060000 nan 4.164267e-34
4057.060000 nan 4.093073e-34
4059.060000 nan 4.103752e-34
4061.060000 nan 4.195751e-34
4063.060000 nan 4.269763e-34
4065.060000 nan 4.260249e-34
4067.060000 nan 4.377494e-34
4069.060000 nan 4.456622e-34
4071.060000 nan 4.453851e-34
4073.060000 nan 4.454337e-34
4075.060000 nan 4.500503e-34
4077.060000 nan 4.504835e-34
4079.060000 nan 4.484870e-34
4081.060000 nan 4.531999e-34
4083.060000 nan 4.458619e-34
4085.060000 nan 4.462919e-34
4087.060000 nan 4.597628e-34
4089.060000 nan 4.683368e-34
4091.060000 nan 4.644306e-34
4093.060000 nan 4.541379e-34
4095.060000 nan 4.512465e-34
4097.060000 nan 4.670986e-34
4099.060000 nan 4.775298e-34
4101.060000 nan 4.573853e-34
4103.060000 nan 4.608042e-34
4105.060000 nan 4.645090e-34
4107.060000 nan 4.652111e-34
4109.060000 nan 4.557587e-34
4111.060000 nan 4.459454e-34
4113.060000 nan 4.445419e-34
4115.060000 nan 4.403572e-34
4117.060000 nan 4.378333e-34
4119.060000 nan 4.355418e-34
4121.060000 nan 4.297610e-34
4123.060000 nan 4.247148e-34
4125.060000 nan 4.219984e-34
4127.060000 nan 4.160029e-34
4129.060000 nan 4.042398e-34
4131.060000 nan 3.968944e-34
4133.060000 nan 3.875308e-34
4135.060000 nan 3.858881e-34
4137.060000 nan 3.889766e-34
4139.060000 nan 3.836186e-34
4141.060000 nan 3.843375e-34
4143.060000 nan 3.770697e-34
4145.060000 nan 3.737939e-34
4147.060000 nan 3.686756e-34
4149.060000 nan 3.659852e-34
4151.060000 nan 3.715504e-34
4153.060000 nan 3.718057e-34
4155.060000 nan 3.652823e-34
4157.060000 nan 3.681626e-34
4159.060000 nan 3.692332e-34
4161.060000 nan 3.637511e-34
4163.060000 nan 3.570674e-34
4165.060000 nan 3.643428e-34
4167.060000 nan 3.577544e-34
4169.060000 nan 3.566028e-34
4171.060000 nan 3.544434e-34
4173.060000 nan 3.511268e-34
4175.060000 nan 3.497033e-34
4177.060000 nan 3.526760e-34
4179.060000 nan 3.452644e-34
4181.060000 nan 3.452494e-34
4183.060000 nan 3.400581e-34
4185.060000 nan 3.319528e-34
4187.060000 nan 3.284540e-34
4189.060000 nan 3.337500e-34
4191.060000 nan 3.282414e-34
4193.060000 nan 3.325642e-34
4195.060000 nan 3.339728e-34
4197.060000 nan 3.330679e-34
4199.060000 nan 3.359471e-34
4201.060000 nan 3.454510e-34
4203.060000 nan 3.488777e-34
4205.060000 nan 3.410248e-34
4207.060000 nan 3.329780e-34
4209.060000 nan 3.292205e-34
4211.060000 nan 3.287496e-34
4213.060000 nan 3.280897e-34
4215.060000 nan 3.246873e-34
4217.060000 nan 3.296371e-34
4219.060000 nan 3.368474e-34
4221.060000 nan 3.386111e-34
4223.060000 nan 3.358101e-34
4225.060000 nan 3.328321e-34
4227.060000 nan 3.335327e-34
4229.060000 nan 3.304800e-34
4231.060000 nan 3.372029e-34
4233.060000 nan 3.446214e-34
4235.060000 nan 3.431335e-34
4237.060000 nan 3.323215e-34
4239.060000 nan 3.218565e-34
4241.060000 nan 3.291168e-34
4243.060000 nan 3.383594e-34
4245.060000 nan 3.374393e-34
4247.060000 nan 3.365163e-34
4249.060000 nan 3.349341e-34
4251.060000 nan 3.306161e-34
4253.060000 nan 3.362195e-34
4255.060000 nan 3.257825e-34
4257.060000 nan 3.231124e-34
4259.060000 nan 3.178811e-34
4261.060000 nan 3.144376e-34
4263.060000 nan 3.178210e-34
4265.060000 nan 3.231103e-34
4267.060000 nan 3.107251e-34
4269.060000 nan 3.041085e-34
4271.060000 nan 3.040771e-34
4273.060000 nan 3.067557e-34
4275.060000 nan 3.080341e-34
4277.060000 nan 3.055502e-34
4279.060000 nan 2.983599e-34
4281.060000 nan 2.970397e-34
4283.060000 nan 2.970413e-34
4285.060000 nan 3.001501e-34
4287.060000 nan 3.024668e-34
4289.060000 nan 2.996816e-34
4291.060000 nan 3.041992e-34
4293.060000 nan 3.085380e-34
4295.060000 nan 3.087449e-34
4297.060000 nan 3.086335e-34
4299.060000 nan 3.070283e-34
4301.060000 nan 3.019719e-34
4303.060000 nan 2.967401e-34
4305.060000 nan 3.059063e-34
4307.060000 nan 3.068397e-34
4309.060000 nan 3.073153e-34
4311.060000 nan 3.057619e-34
4313.060000 nan 3.030686e-34
4315.060000 nan 3.075470e-34
4317.060000 nan 3.092028e-34
4319.060000 nan 3.106332e-34
4321.060000 nan 3.162411e-34
4323.060000 nan 3.145104e-34
4325.060000 nan 3.046366e-34
4327.060000 nan 2.995409e-34
4329.060000 nan 3.036947e-34
4331.060000 nan 3.049156e-34
4333.060000 nan 3.028195e-34
4335.060000 nan 2.988884e-34
4337.060000 nan 3.011543e-34
4339.060000 nan 3.137350e-34
4341.060000 nan 3.142145e-34
4343.060000 nan 3.020526e-34
4345.060000 nan 3.044449e-34
4347.060000 nan 3.090335e-34
4349.060000 nan 3.097225e-34
4351.060000 nan 3.070761e-34
4353.060000 nan 3.060840e-34
4355.060000 nan 3.107240e-34
4357.060000 nan 3.101253e-34
4359.060000 nan 3.116832e-34
4361.060000 nan 3.137349e-34
4363.060000 nan 3.134475e-34
4365.060000 nan 3.112208e-34
4367.060000 nan 3.105471e-34
4369.060000 nan 3.070667e-34
4371.060000 nan 3.087645e-34
4373.060000 nan 3.104228e-34
4375.060000 nan 3.099608e-34
4377.060000 nan 3.101686e-34
4379.060000 nan 3.084700e-34
4381.060000 nan 3.004031e-34
4383.060000 nan 2.947897e-34
4385.060000 nan 2.936443e-34
4387.060000 nan 2.973298e-34
4389.060000 nan 3.043221e-34
4391.060000 nan 3.099390e-34
4393.060000 nan 3.110002e-34
4395.060000 nan 3.052901e-34
4397.060000 nan 2.984046e-34
4399.060000 nan 2.935473e-34
4401.060000 nan 2.920544e-34
4403.060000 nan 2.941056e-34
4405.060000 nan 2.936488e-34
4407.060000 nan 2.921112e-34
4409.060000 nan 2.942695e-34
4411.060000 nan 2.980708e-34
4413.060000 nan 2.999446e-34
4415.060000 nan 2.986067e-34
4417.060000 nan 3.035493e-34
4419.060000 nan 3.002720e-34
4421.060000 nan 2.954801e-34
4423.060000 nan 2.920733e-34
4425.060000 nan 2.917515e-34
4427.060000 nan 2.948178e-34
4429.060000 nan 2.985324e-34
4431.060000 nan 3.058426e-34
4433.060000 nan 3.053346e-34
4435.060000 nan 3.009345e-34
4437.060000 nan 2.956853e-34
4439.060000 nan 2.913938e-34
4441.060000 nan 2.906811e-34
4443.060000 nan 2.903594e-34
4445.060000 nan 2.912939e-34
4447.060000 nan 2.907089e-34
4449.060000 nan 2.889894e-34
4451.060000 nan 2.860571e-34
4453.060000 nan 2.790287e-34
4455.060000 nan 2.752492e-34
4457.060000 nan 2.808062e-34
4459.060000 nan 2.874855e-34
4461.060000 nan 2.887246e-34
4463.060000 nan 2.828966e-34
4465.060000 nan 2.747770e-34
4467.060000 nan 2.756594e-34
4469.060000 nan 2.797479e-34
4471.060000 nan 2.764343e-34
4473.060000 nan 2.737462e-34
4475.060000 nan 2.747009e-34
4477.060000 nan 2.759573e-34
4479.060000 nan 2.773160e-34
4481.060000 nan 2.729584e-34
4483.060000 nan 2.659004e-34
4485.060000 nan 2.681074e-34
4487.060000 nan 2.766248e-34
4489.060000 nan 2.803659e-34
4491.060000 nan 2.724439e-34
4493.060000 nan 2.722435e-34
4495.060000 nan 2.771718e-34
4497.060000 nan 2.845994e-34
4499.060000 nan 2.864307e-34
4501.060000 nan 2.805015e-34
4503.060000 nan 2.769798e-34
4505.060000 nan 2.764290e-34
4507.060000 nan 2.774490e-34
4509.060000 nan 2.840460e-34
4511.060000 nan 2.865309e-34
4513.060000 nan 2.805716e-34
4515.060000 nan 2.724422e-34
4517.060000 nan 2.701279e-34
4519.060000 nan 2.742174e-34
4521.060000 nan 2.753605e-34
4523.060000 nan 2.758750e-34
4525.060000 nan 2.760823e-34
4527.060000 nan 2.754414e-34
4529.060000 nan 2.808211e-34
4531.060000 nan 2.809099e-34
4533.060000 nan 2.849884e-34
4535.060000 nan 2.837449e-34
4537.060000 nan 2.797361e-34
4539.060000 nan 2.790690e-34
4541.060000 nan 2.791922e-34
4543.060000 nan 2.725047e-34
4545.060000 nan 2.754304e-34
4547.060000 nan 2.786910e-34
4549.060000 nan 2.801036e-34
4551.060000 nan 2.786266e-34
4553.060000 nan 2.719024e-34
4555.060000 nan 2.706074e-34
4557.060000 nan 2.732327e-34
4559.060000 nan 2.721121e-34
4561.060000 nan 2.705033e-34
4563.060000 nan 2.733841e-34
4565.060000 nan 2.813706e-34
4567.060000 nan 2.763711e-34
4569.060000 nan 2.792648e-34
4571.060000 nan 2.826989e-34
4573.060000 nan 2.822276e-34
4575.060000 nan 2.818930e-34
4577.060000 nan 2.874814e-34
4579.060000 nan 2.908463e-34
4581.060000 nan 2.877927e-34
4583.060000 nan 2.834844e-34
4585.060000 nan 2.792139e-34
4587.060000 nan 2.738055e-34
4589.060000 nan 2.703612e-34
4591.060000 nan 2.817346e-34
4593.060000 nan 2.779510e-34
4595.060000 nan 2.749398e-34
4597.060000 nan 2.740487e-34
4599.060000 nan 2.752406e-34
4601.060000 nan 2.774304e-34
4603.060000 nan 2.788175e-34
4605.060000 nan 2.770867e-34
4607.060000 nan 2.803802e-34
4609.060000 nan 2.775126e-34
4611.060000 nan 2.735694e-34
4613.060000 nan 2.733948e-34
4615.060000 nan 2.762548e-34
4617.060000 nan 2.725019e-34
4619.060000 nan 2.716650e-34
4621.060000 nan 2.734251e-34
4623.060000 nan 2.720264e-34
4625.060000 nan 2.683590e-34
4627.060000 nan 2.665614e-34
4629.060000 nan 2.652192e-34
4631.060000 nan 2.589575e-34
4633.060000 nan 2.562221e-34
4635.060000 nan 2.600887e-34
4637.060000 nan 2.612249e-34
4639.060000 nan 2.541250e-34
4641.060000 nan 2.509150e-34
4643.060000 nan 2.471756e-34
4645.060000 nan 2.518270e-34
4647.060000 nan 2.518485e-34
4649.060000 nan 2.510335e-34
4651.060000 nan 2.538911e-34
4653.060000 nan 2.581615e-34
4655.060000 nan 2.563547e-34
4657.060000 nan 2.573801e-34
4659.060000 nan 2.557158e-34
4661.060000 nan 2.528234e-34
4663.060000 nan 2.520837e-34
4665.060000 nan 2.548455e-34
4667.060000 nan 2.514469e-34
4669.060000 nan 2.543620e-34
4671.060000 nan 2.543542e-34
4673.060000 nan 2.593352e-34
4675.060000 nan 2.626031e-34
4677.060000 nan 2.566389e-34
4679.060000 nan 2.590663e-34
4681.060000 nan 2.569238e-34
4683.060000 nan 2.547506e-34
4685.060000 nan 2.554158e-34
4687.060000 nan 2.556907e-34
4689.060000 nan 2.546965e-34
4691.060000 nan 2.597650e-34
4693.060000 nan 2.679051e-34
4695.060000 nan 2.653486e-34
4697.060000 nan 2.577207e-34
4699.060000 nan 2.542459e-34
4701.060000 nan 2.576590e-34
4703.060000 nan 2.616284e-34
4705.060000 nan 2.619818e-34
4707.060000 nan 2.652279e-34
4709.060000 nan 2.632894e-34
4711.060000 nan 2.594044e-34
4713.060000 nan 2.585385e-34
4715.060000 nan 2.618635e-34
4717.060000 nan 2.567604e-34
4719.060000 nan 2.535800e-34
4721.060000 nan 2.547739e-34
4723.060000 nan 2.527675e-34
4725.060000 nan 2.483716e-34
4727.060000 nan 2.477067e-34
4729.060000 nan 2.556946e-34
4731.060000 nan 2.626338e-34
4733.060000 nan 2.642520e-34
4735.060000 nan 2.664604e-34
4737.060000 nan 2.647643e-34
4739.060000 nan 2.580610e-34
4741.060000 nan 2.567241e-34
4743.060000 nan 2.573504e-34
4745.060000 nan 2.585079e-34
4747.060000 nan 2.620838e-34
4749.060000 nan 2.641955e-34
4751.060000 nan 2.621690e-34
4753.060000 nan 2.580168e-34
4755.060000 nan 2.635413e-34
4757.060000 nan 2.729848e-34
4759.060000 nan 2.708730e-34
4761.060000 nan 2.658038e-34
4763.060000 nan 2.643903e-34
4765.060000 nan 2.670229e-34
4767.060000 nan 2.688279e-34
4769.060000 nan 2.636320e-34
4771.060000 nan 2.591592e-34
4773.060000 nan 2.544873e-34
4775.060000 nan 2.530769e-34
4777.060000 nan 2.579263e-34
4779.060000 nan 2.650377e-34
4781.060000 nan 2.625793e-34
4783.060000 nan 2.599777e-34
4785.060000 nan 2.616065e-34
4787.060000 nan 2.639690e-34
4789.060000 nan 2.630540e-34
4791.060000 nan 2.592241e-34
4793.060000 nan 2.579426e-34
4795.060000 nan 2.585757e-34
4797.060000 nan 2.572725e-34
4799.060000 nan 2.547571e-34
4801.060000 nan 2.517127e-34
4803.060000 nan 2.484258e-34
4805.060000 nan 2.499010e-34
4807.060000 nan 2.535073e-34
4809.060000 nan 2.550970e-34
4811.060000 nan 2.552593e-34
4813.060000 nan 2.536644e-34
4815.060000 nan 2.511744e-34
4817.060000 nan 2.560252e-34
4819.060000 nan 2.638041e-34
4821.060000 nan 2.613443e-34
4823.060000 nan 2.553585e-34
4825.060000 nan 2.513563e-34
4827.060000 nan 2.523254e-34
4829.060000 nan 2.583879e-34
4831.060000 nan 2.637954e-34
4833.060000 nan 2.649625e-34
4835.060000 nan 2.638989e-34
4837.060000 nan 2.619787e-34
4839.060000 nan 2.604444e-34
4841.060000 nan 2.600952e-34
4843.060000 nan 2.567240e-34
4845.060000 nan 2.558658e-34
4847.060000 nan 2.583398e-34
4849.060000 nan 2.606704e-34
4851.060000 nan 2.599002e-34
4853.060000 nan 2.562880e-34
4855.060000 nan 2.581847e-34
4857.060000 nan 2.702282e-34
4859.060000 nan 2.706903e-34
4861.060000 nan 2.692773e-34
4863.060000 nan 2.725797e-34
4865.060000 nan 2.779206e-34
4867.060000 nan 2.697712e-34
4869.060000 nan 2.687443e-34
4871.060000 nan 2.721743e-34
4873.060000 nan 2.764680e-34
4875.060000 nan 2.795635e-34
4877.060000 nan 2.822373e-34
4879.060000 nan 2.883270e-34
4881.060000 nan 2.865797e-34
4883.060000 nan 2.931435e-34
4885.060000 nan 2.963607e-34
4887.060000 nan 2.945522e-34
4889.060000 nan 2.933822e-34
4891.060000 nan 3.007373e-34
4893.060000 nan 2.997407e-34
4895.060000 nan 3.005321e-34
4897.060000 nan 3.007195e-34
4899.060000 nan 3.020366e-34
4901.060000 nan 3.034666e-34
4903.060000 nan 3.026054e-34
4905.060000 nan 3.050713e-34
4907.060000 nan 3.087323e-34
4909.060000 nan 3.089389e-34
4911.060000 nan 3.059872e-34
4913.060000 nan 3.034749e-34
4915.060000 nan 3.040340e-34
4917.060000 nan 3.031013e-34
4919.060000 nan 3.024616e-34
4921.060000 nan 3.030229e-34
4923.060000 nan 3.077500e-34
4925.060000 nan 3.150055e-34
4927.060000 nan 3.198330e-34
4929.060000 nan 3.167923e-34
4931.060000 nan 3.262613e-34
4933.060000 nan 3.321909e-34
4935.060000 nan 3.295868e-34
4937.060000 nan 3.304155e-34
4939.060000 nan 3.364511e-34
4941.060000 nan 3.345614e-34
4943.060000 nan 3.372530e-34
4945.060000 nan 3.388501e-34
4947.060000 nan 3.447902e-34
4949.060000 nan 3.617646e-34
4951.060000 nan 3.831666e-34
4953.060000 nan 3.951590e-34
4955.060000 nan 4.001643e-34
4957.060000 nan 3.873243e-34
4959.060000 nan 3.981173e-34
4961.060000 nan 4.059831e-34
4963.060000 nan 4.145608e-34
4965.060000 nan 4.321911e-34
4967.060000 nan 4.273858e-34
4969.060000 nan 4.410126e-34
4971.060000 nan 4.414140e-34
4973.060000 nan 4.466395e-34
4975.060000 nan 4.597855e-34
4977.060000 nan 4.756792e-34
4979.060000 nan 4.867839e-34
4981.060000 nan 4.858396e-34
4983.060000 nan 4.961090e-34
4985.060000 nan 5.158104e-34
4987.060000 nan 5.315104e-34
4989.060000 nan 5.371634e-34
4991.060000 nan 5.401974e-34
4993.060000 nan 5.560954e-34
4995.060000 nan 5.804965e-34
4997.060000 nan 6.009213e-34
4999.060000 nan 6.127901e-34
5001.060000 nan 6.173857e-34
5003.060000 nan 6.234256e-34
5005.060000 nan 6.524683e-34
5007.060000 nan 6.805885e-34
5009.060000 nan 6.979176e-34
5011.060000 nan 7.066580e-34
5013.060000 nan 7.162200e-34
5015.060000 nan 7.313820e-34
5017.060000 nan 7.395639e-34
5019.060000 nan 7.594804e-34
5021.060000 nan 7.740607e-34
5023.060000 nan 7.820690e-34
5025.060000 nan 7.999598e-34
5027.060000 nan 8.336676e-34
5029.060000 nan 8.648465e-34
5031.060000 nan 8.938896e-34
5033.060000 nan 9.171660e-34
5035.060000 nan 9.270642e-34
5037.060000 nan 9.414634e-34
5039.060000 nan 9.746019e-34
5041.060000 nan 1.019736e-33
5043.060000 nan 1.012330e-33
5045.060000 nan 9.995992e-34
5047.060000 nan 1.004551e-33
5049.060000 nan 1.019165e-33
5051.060000 nan 1.029175e-33
5053.060000 nan 1.024286e-33
5055.060000 nan 1.010590e-33
5057.060000 nan 1.003362e-33
5059.060000 nan 1.010272e-33
5061.060000 nan 1.012969e-33
5063.060000 nan 9.975334e-34
5065.060000 nan 9.712784e-34
5067.060000 nan 9.747718e-34
5069.060000 nan 9.809636e-34
5071.060000 nan 1.012410e-33
5073.060000 nan 1.025095e-33
5075.060000 nan 1.007766e-33
5077.060000 nan 9.753271e-34
5079.060000 nan 9.597988e-34
5081.060000 nan 9.754330e-34
5083.060000 nan 9.736443e-34
5085.060000 nan 9.797568e-34
5087.060000 nan 9.971304e-34
5089.060000 nan 1.017608e-33
5091.060000 nan 1.028327e-33
5093.060000 nan 1.025259e-33
5095.060000 nan 1.006580e-33
5097.060000 nan 9.952285e-34
5099.060000 nan 9.957471e-34
5101.060000 nan 9.976323e-34
5103.060000 8.813930e-17 3.710569e-33
5105.060000 9.579974e-17 3.630797e-33
5107.060000 8.117577e-17 3.487167e-33
5109.060000 7.914081e-17 3.359100e-33
5111.060000 8.154923e-17 3.284336e-33
5113.060000 7.123919e-17 3.250916e-33
5115.060000 4.375030e-17 3.237262e-33
5117.060000 2.064331e-17 3.218705e-33
5119.060000 4.575286e-17 3.188926e-33
5121.060000 6.717433e-17 3.107803e-33
5123.060000 7.297386e-17 2.990529e-33
5125.060000 7.227462e-17 2.868968e-33
5127.060000 6.350856e-17 2.776230e-33
5129.060000 4.780510e-17 2.751943e-33
5131.060000 4.517464e-17 2.714340e-33
5133.060000 7.550539e-17 2.602337e-33
5135.060000 7.960171e-17 2.551521e-33
5137.060000 6.687029e-17 2.504550e-33
5139.060000 7.547541e-17 2.454996e-33
5141.060000 1.170712e-16 2.426699e-33
5143.060000 1.259597e-16 2.370672e-33
5145.060000 1.286707e-16 2.361575e-33
5147.060000 8.094322e-17 2.291674e-33
5149.060000 5.408457e-17 2.272578e-33
5151.060000 nan 1.612823e-33
5153.060000 nan 1.498749e-33
5155.060000 nan 1.385266e-33
5157.060000 nan 1.276716e-33
5159.060000 nan 1.198482e-33
5161.060000 nan 1.132836e-33
5163.060000 nan 1.074584e-33
5165.060000 nan 1.020539e-33
5167.060000 nan 9.699077e-34
5169.060000 nan 9.197116e-34
5171.060000 nan 8.673637e-34
5173.060000 nan 8.248963e-34
5175.060000 nan 7.803333e-34
5177.060000 nan 7.270567e-34
5179.060000 nan 6.953835e-34
5181.060000 nan 6.641616e-34
5183.060000 nan 6.291479e-34
5185.060000 nan 6.028038e-34
5187.060000 nan 5.872290e-34
5189.060000 nan 5.825658e-34
5191.060000 nan 5.642160e-34
5193.060000 nan 5.716551e-34
5195.060000 nan 5.963210e-34
5197.060000 nan 5.792936e-34
5199.060000 nan 5.575739e-34
5201.060000 nan 5.374450e-34
5203.060000 nan 5.416673e-34
5205.060000 nan 5.527899e-34
5207.060000 nan 5.594788e-34
5209.060000 nan 5.402181e-34
5211.060000 nan 5.368706e-34
5213.060000 nan 5.375059e-34
5215.060000 nan 5.356497e-34
5217.060000 nan 5.369292e-34
5219.060000 nan 5.373372e-34
5221.060000 nan 5.351114e-34
5223.060000 nan 5.420392e-34
5225.060000 nan 5.424741e-34
5227.060000 nan 5.331547e-34
5229.060000 nan 5.105506e-34
5231.060000 nan 5.072272e-34
5233.060000 nan 5.228645e-34
5235.060000 nan 5.303222e-34
5237.060000 nan 5.241693e-34
5239.060000 nan 5.089918e-34
5241.060000 nan 5.021920e-34
5243.060000 nan 4.950377e-34
5245.060000 nan 4.869921e-34
5247.060000 nan 4.757750e-34
5249.060000 nan 4.788664e-34
5251.060000 nan 4.839183e-34
5253.060000 nan 4.777417e-34
5255.060000 nan 4.777697e-34
5257.060000 nan 4.764414e-34
5259.060000 nan 4.686198e-34
5261.060000 nan 4.564408e-34
5263.060000 nan 4.475184e-34
5265.060000 nan 4.448455e-34
5267.060000 nan 4.401192e-34
5269.060000 nan 4.327508e-34
5271.060000 nan 4.224762e-34
5273.060000 nan 4.110731e-34
5275.060000 nan 3.992026e-34
5277.060000 nan 3.881761e-34
5279.060000 nan 3.951799e-34
5281.060000 nan 3.878816e-34
5283.060000 nan 3.721136e-34
5285.060000 nan 3.631688e-34
5287.060000 nan 3.559105e-34
5289.060000 nan 3.500926e-34
5291.060000 nan 3.466389e-34
5293.060000 nan 3.446739e-34
5295.060000 nan 3.459178e-34
5297.060000 nan 3.542422e-34
5299.060000 nan 3.527117e-34
5301.060000 nan 3.454447e-34
5303.060000 nan 3.316758e-34
5305.060000 nan 3.243745e-34
5307.060000 nan 3.156302e-34
5309.060000 nan 3.036090e-34
5311.060000 nan 2.984406e-34
5313.060000 nan 2.952585e-34
5315.060000 nan 2.939460e-34
5317.060000 nan 2.996644e-34
5319.060000 nan 2.972226e-34
5321.060000 nan 2.888198e-34
5323.060000 nan 2.862996e-34
5325.060000 nan 2.820976e-34
5327.060000 nan 2.768454e-34
5329.060000 nan 2.713762e-34
5331.060000 nan 2.771088e-34
5333.060000 nan 2.828909e-34
5335.060000 nan 2.723810e-34
5337.060000 nan 2.676049e-34
5339.060000 nan 2.647723e-34
5341.060000 nan 2.623647e-34
5343.060000 nan 2.592106e-34
5345.060000 nan 2.570935e-34
5347.060000 nan 2.569933e-34
5349.060000 nan 2.539221e-34
5351.060000 nan 2.471773e-34
5353.060000 nan 2.361542e-34
5355.060000 nan 2.378006e-34
5357.060000 nan 2.391251e-34
5359.060000 nan 2.395180e-34
5361.060000 nan 2.333288e-34
5363.060000 nan 2.319240e-34
5365.060000 nan 2.339212e-34
5367.060000 nan 2.354361e-34
5369.060000 nan 2.360673e-34
5371.060000 nan 2.356028e-34
5373.060000 nan 2.324078e-34
5375.060000 nan 2.260976e-34
5377.060000 nan 2.202752e-34
5379.060000 nan 2.194175e-34
5381.060000 nan 2.179706e-34
5383.060000 nan 2.172455e-34
5385.060000 nan 2.183452e-34
5387.060000 nan 2.106254e-34
5389.060000 nan 2.043585e-34
5391.060000 nan 2.025158e-34
5393.060000 nan 2.030323e-34
5395.060000 nan 2.037944e-34
5397.060000 nan 2.046349e-34
5399.060000 nan 2.055337e-34
5401.060000 nan 2.026126e-34
5403.060000 nan 1.967674e-34
5405.060000 nan 1.961863e-34
5407.060000 nan 1.950766e-34
5409.060000 nan 1.933897e-34
5411.060000 nan 1.902771e-34
5413.060000 nan 1.900064e-34
5415.060000 nan 1.923807e-34
5417.060000 nan 1.995573e-34
5419.060000 nan 1.975637e-34
5421.060000 nan 1.943896e-34
5423.060000 nan 1.962515e-34
5425.060000 nan 1.962743e-34
5427.060000 nan 1.960627e-34
5429.060000 nan 1.961911e-34
5431.060000 nan 1.940580e-34
5433.060000 nan 1.925039e-34
5435.060000 nan 1.921553e-34
5437.060000 nan 1.894392e-34
5439.060000 nan 1.858207e-34
5441.060000 nan 1.814202e-34
5443.060000 nan 1.786151e-34
5445.060000 nan 1.753005e-34
5447.060000 nan 1.723851e-34
5449.060000 nan 1.770861e-34
5451.060000 nan 1.761246e-34
5453.060000 nan 1.730479e-34
5455.060000 nan 1.760971e-34
5457.060000 nan 1.800277e-34
5459.060000 nan 1.819177e-34
5461.060000 nan 1.759347e-34
5463.060000 nan 1.754402e-34
5465.060000 nan 1.750071e-34
5467.060000 nan 1.709782e-34
5469.060000 nan 1.694551e-34
5471.060000 nan 1.673886e-34
5473.060000 nan 1.636211e-34
5475.060000 nan 1.621424e-34
5477.060000 nan 1.608536e-34
5479.060000 nan 1.595196e-34
5481.060000 nan 1.604005e-34
5483.060000 nan 1.586768e-34
5485.060000 nan 1.546068e-34
5487.060000 nan 1.533695e-34
5489.060000 nan 1.548549e-34
5491.060000 nan 1.575261e-34
5493.060000 nan 1.547293e-34
5495.060000 nan 1.527686e-34
5497.060000 nan 1.510145e-34
5499.060000 nan 1.482636e-34
5501.060000 nan 1.426824e-34
5503.060000 nan 1.388545e-34
5505.060000 nan 1.430727e-34
5507.060000 nan 1.434768e-34
5509.060000 nan 1.432605e-34
5511.060000 nan 1.437818e-34
5513.060000 nan 1.437801e-34
5515.060000 nan 1.440161e-34
5517.060000 nan 1.447310e-34
5519.060000 nan 1.435966e-34
5521.060000 nan 1.421200e-34
5523.060000 nan 1.404081e-34
5525.060000 nan 1.398356e-34
5527.060000 nan 1.403155e-34
5529.060000 nan 1.419747e-34
5531.060000 nan 1.471217e-34
5533.060000 nan 1.471825e-34
5535.060000 nan 1.439522e-34
5537.060000 nan 1.404913e-34
5539.060000 nan 1.386545e-34
5541.060000 nan 1.381124e-34
5543.060000 nan 1.395064e-34
5545.060000 nan 1.386599e-34
5547.060000 nan 1.369061e-34
5549.060000 nan 1.347496e-34
5551.060000 nan 1.321716e-34
5553.060000 nan 1.294338e-34
5555.060000 nan 1.265737e-34
5557.060000 nan 1.263167e-34
5559.060000 nan 1.270308e-34
5561.060000 nan 1.286235e-34
5563.060000 nan 1.329931e-34
5565.060000 nan 1.375525e-34
5567.060000 nan 1.427336e-34
5569.060000 nan 1.655746e-34
5571.060000 nan 2.053679e-34
5573.060000 nan 2.613482e-34
5575.060000 nan 3.455448e-34
5577.060000 nan 3.953923e-34
5579.060000 nan 4.093057e-34
5581.060000 nan 3.441725e-34
5583.060000 nan 2.647476e-34
5585.060000 nan 1.911069e-34
5587.060000 nan 1.547203e-34
5589.060000 nan 1.389987e-34
5591.060000 nan 1.317141e-34
5593.060000 nan 1.298549e-34
5595.060000 nan 1.268565e-34
5597.060000 nan 1.258879e-34
5599.060000 nan 1.285721e-34
5601.060000 nan 1.265131e-34
5603.060000 nan 1.242976e-34
5605.060000 nan 1.224293e-34
5607.060000 nan 1.204857e-34
5609.060000 nan 1.196533e-34
5611.060000 nan 1.199005e-34
5613.060000 nan 1.210559e-34
5615.060000 nan 1.206802e-34
5617.060000 nan 1.192306e-34
5619.060000 nan 1.177107e-34
5621.060000 nan 1.153003e-34
5623.060000 nan 1.133955e-34
5625.060000 nan 1.154714e-34
5627.060000 nan 1.133235e-34
5629.060000 nan 1.116870e-34
5631.060000 nan 1.158016e-34
5633.060000 nan 1.163188e-34
5635.060000 nan 1.145249e-34
5637.060000 nan 1.099290e-34
5639.060000 nan 1.083867e-34
5641.060000 nan 1.080132e-34
5643.060000 nan 1.086864e-34
5645.060000 nan 1.089510e-34
5647.060000 nan 1.075862e-34
5649.060000 nan 1.044723e-34
5651.060000 nan 1.036338e-34
5653.060000 nan 1.050138e-34
5655.060000 nan 1.077563e-34
5657.060000 nan 1.048680e-34
5659.060000 nan 1.037370e-34
5661.060000 nan 1.034158e-34
5663.060000 nan 1.014484e-34
5665.060000 nan 1.014083e-34
5667.060000 nan 1.030321e-34
5669.060000 nan 1.074131e-34
5671.060000 nan 1.054433e-34
5673.060000 nan 1.010632e-34
5675.060000 nan 9.582793e-35
5677.060000 nan 9.470471e-35
5679.060000 nan 9.515335e-35
5681.060000 nan 9.684573e-35
5683.060000 nan 9.736070e-35
5685.060000 nan 9.789551e-35
5687.060000 nan 9.863974e-35
5689.060000 nan 9.907394e-35
5691.060000 nan 9.958085e-35
5693.060000 nan 1.000806e-34
5695.060000 nan 9.806769e-35
5697.060000 nan 9.804662e-35
5699.060000 nan 9.916696e-35
5701.060000 nan 9.720862e-35
5703.060000 nan 9.760505e-35
5705.060000 nan 9.875376e-35
5707.060000 nan 9.720455e-35
5709.060000 nan 9.790159e-35
5711.060000 nan 9.861749e-35
5713.060000 nan 9.656411e-35
5715.060000 nan 9.578029e-35
5717.060000 nan 9.555270e-35
5719.060000 nan 9.575602e-35
5721.060000 nan 9.556189e-35
5723.060000 nan 9.491044e-35
5725.060000 nan 9.364050e-35
5727.060000 nan 9.316904e-35
5729.060000 nan 9.286924e-35
5731.060000 nan 9.269188e-35
5733.060000 nan 9.232426e-35
5735.060000 nan 9.169942e-35
5737.060000 nan 9.077749e-35
5739.060000 nan 8.881974e-35
5741.060000 nan 8.677040e-35
5743.060000 nan 8.523071e-35
5745.060000 nan 8.751905e-35
5747.060000 nan 8.922105e-35
5749.060000 nan 8.998822e-35
5751.060000 nan 8.819760e-35
5753.060000 nan 8.689903e-35
5755.060000 nan 8.598259e-35
5757.060000 nan 8.561969e-35
5759.060000 nan 8.633224e-35
5761.060000 nan 8.743862e-35
5763.060000 nan 8.880378e-35
5765.060000 nan 8.908976e-35
5767.060000 nan 8.840585e-35
5769.060000 nan 8.654809e-35
5771.060000 nan 8.284330e-35
5773.060000 nan 8.134512e-35
5775.060000 nan 8.235840e-35
5777.060000 nan 8.366644e-35
5779.060000 nan 8.416774e-35
5781.060000 nan 8.389650e-35
5783.060000 nan 8.241438e-35
5785.060000 nan 8.070890e-35
5787.060000 nan 7.973143e-35
5789.060000 nan 8.346916e-35
5791.060000 nan 8.467091e-35
5793.060000 nan 8.491315e-35
5795.060000 nan 8.577487e-35
5797.060000 nan 8.651883e-35
5799.060000 nan 8.641936e-35
5801.060000 nan 8.439310e-35
5803.060000 nan 8.591818e-35
5805.060000 nan 8.601407e-35
5807.060000 nan 8.235808e-35
5809.060000 nan 8.351964e-35
5811.060000 nan 8.371420e-35
5813.060000 nan 8.195750e-35
5815.060000 nan 8.099316e-35
5817.060000 nan 8.078803e-35
5819.060000 nan 8.135449e-35
5821.060000 nan 8.315514e-35
5823.060000 nan 8.498558e-35
5825.060000 nan 8.634436e-35
5827.060000 nan 8.370886e-35
5829.060000 nan 8.281342e-35
5831.060000 nan 8.291102e-35
5833.060000 nan 8.316961e-35
5835.060000 nan 8.415754e-35
5837.060000 nan 8.531848e-35
5839.060000 nan 8.612630e-35
5841.060000 nan 8.468510e-35
5843.060000 nan 8.353353e-35
5845.060000 nan 8.430641e-35
5847.060000 nan 8.203298e-35
5849.060000 nan 8.032067e-35
5851.060000 nan 8.029406e-35
5853.060000 nan 8.013990e-35
5855.060000 nan 7.990036e-35
5857.060000 nan 7.957272e-35
5859.060000 nan 7.807491e-35
5861.060000 nan 7.790775e-35
5863.060000 nan 7.910918e-35
5865.060000 nan 8.294831e-35
5867.060000 nan 8.313096e-35
5869.060000 nan 8.119411e-35
5871.060000 nan 8.129586e-35
5873.060000 nan 8.107077e-35
5875.060000 nan 8.068841e-35
5877.060000 nan 8.032038e-35
5879.060000 nan 8.134679e-35
5881.060000 nan 8.281137e-35
5883.060000 nan 8.413943e-35
5885.060000 nan 8.636917e-35
5887.060000 nan 9.039305e-35
5889.060000 nan 9.742166e-35
5891.060000 nan 1.012814e-34
5893.060000 nan 1.010218e-34
5895.060000 nan 9.556450e-35
5897.060000 nan 9.190171e-35
5899.060000 nan 8.801134e-35
5901.060000 nan 8.385457e-35
5903.060000 nan 8.339980e-35
5905.060000 nan 8.120825e-35
5907.060000 nan 7.791021e-35
5909.060000 nan 7.750465e-35
5911.060000 nan 7.753170e-35
5913.060000 nan 7.799500e-35
5915.060000 nan 7.938591e-35
5917.060000 nan 7.889947e-35
5919.060000 nan 7.773581e-35
5921.060000 nan 7.706315e-35
5923.060000 nan 7.777828e-35
5925.060000 nan 7.820740e-35
5927.060000 nan 7.697445e-35
5929.060000 nan 7.722108e-35
5931.060000 nan 7.652675e-35
5933.060000 nan 7.373243e-35
5935.060000 nan 7.315935e-35
5937.060000 nan 7.278030e-35
5939.060000 nan 7.235143e-35
5941.060000 nan 7.274436e-35
5943.060000 nan 7.251850e-35
5945.060000 nan 7.171439e-35
5947.060000 nan 7.168501e-35
5949.060000 nan 7.335092e-35
5951.060000 nan 7.571863e-35
5953.060000 nan 7.403969e-35
5955.060000 nan 7.364245e-35
5957.060000 nan 7.358162e-35
5959.060000 nan 7.196242e-35
5961.060000 nan 7.019155e-35
5963.060000 nan 6.917875e-35
5965.060000 nan 7.055304e-35
5967.060000 nan 7.128957e-35
5969.060000 nan 7.152292e-35
5971.060000 nan 7.106333e-35
5973.060000 nan 7.116658e-35
5975.060000 nan 7.091347e-35
5977.060000 nan 6.997421e-35
5979.060000 nan 6.805505e-35
5981.060000 nan 6.712299e-35
5983.060000 nan 6.741150e-35
5985.060000 nan 6.712505e-35
5987.060000 nan 6.689192e-35
5989.060000 nan 6.671811e-35
5991.060000 nan 6.671660e-35
5993.060000 nan 6.687735e-35
5995.060000 nan 6.687122e-35
5997.060000 nan 6.518929e-35
5999.060000 nan 6.422633e-35
6001.060000 nan 6.374127e-35
6003.060000 nan 6.375175e-35
6005.060000 nan 6.417814e-35
6007.060000 nan 6.478415e-35
6009.060000 nan 6.548596e-35
6011.060000 nan 6.456216e-35
6013.060000 nan 6.351700e-35
6015.060000 nan 6.293175e-35
6017.060000 nan 6.346482e-35
6019.060000 nan 6.391869e-35
6021.060000 nan 6.406250e-35
6023.060000 nan 6.485007e-35
6025.060000 nan 6.515470e-35
6027.060000 nan 6.490424e-35
6029.060000 nan 6.383942e-35
6031.060000 nan 6.255628e-35
6033.060000 nan 6.118221e-35
6035.060000 nan 6.057603e-35
6037.060000 nan 5.971567e-35
6039.060000 nan 5.887752e-35
6041.060000 nan 5.890715e-35
6043.060000 nan 5.923132e-35
6045.060000 nan 5.947356e-35
6047.060000 nan 5.903817e-35
6049.060000 nan 5.877132e-35
6051.060000 nan 5.828874e-35
6053.060000 nan 5.719990e-35
6055.060000 nan 5.620150e-35
6057.060000 nan 5.582817e-35
6059.060000 nan 5.646791e-35
6061.060000 nan 5.738771e-35
6063.060000 nan 5.831347e-35
6065.060000 nan 5.921211e-35
6067.060000 nan 5.843789e-35
6069.060000 nan 5.764178e-35
6071.060000 nan 5.692149e-35
6073.060000 nan 5.742296e-35
6075.060000 nan 5.749797e-35
6077.060000 nan 5.734656e-35
6079.060000 nan 5.775322e-35
6081.060000 nan 5.739544e-35
6083.060000 nan 5.710646e-35
6085.060000 nan 5.882737e-35
6087.060000 nan 5.796705e-35
6089.060000 nan 5.646032e-35
6091.060000 nan 5.590048e-35
6093.060000 nan 5.537396e-35
6095.060000 nan 5.549026e-35
6097.060000 nan 5.689420e-35
6099.060000 nan 5.672405e-35
6101.060000 nan 5.638718e-35
6103.060000 nan 5.616874e-35
6105.060000 nan 5.719219e-35
6107.060000 nan 5.725344e-35
6109.060000 nan 5.614574e-35
6111.060000 nan 5.771179e-35
6113.060000 nan 5.862082e-35
6115.060000 nan 5.887385e-35
6117.060000 nan 5.793878e-35
6119.060000 nan 5.667118e-35
6121.060000 nan 5.537450e-35
6123.060000 nan 5.515992e-35
6125.060000 nan 5.436675e-35
6127.060000 nan 5.387717e-35
6129.060000 nan 5.549019e-35
6131.060000 nan 5.484142e-35
6133.060000 nan 5.384916e-35
6135.060000 nan 5.388657e-35
6137.060000 nan 5.530115e-35
6139.060000 nan 5.625482e-35
6141.060000 nan 5.582182e-35
6143.060000 nan 5.462206e-35
6145.060000 nan 5.424837e-35
6147.060000 nan 5.512052e-35
6149.060000 nan 5.488269e-35
6151.060000 nan 5.402484e-35
6153.060000 nan 5.262779e-35
6155.060000 nan 5.272299e-35
6157.060000 nan 5.336567e-35
6159.060000 nan 5.415473e-35
6161.060000 nan 5.246774e-35
6163.060000 nan 5.253972e-35
6165.060000 nan 5.314974e-35
6167.060000 nan 5.145035e-35
6169.060000 nan 5.135522e-35
6171.060000 nan 5.166916e-35
6173.060000 nan 5.115270e-35
6175.060000 nan 5.180081e-35
6177.060000 nan 5.254759e-35
6179.060000 nan 5.276142e-35
6181.060000 nan 5.280695e-35
6183.060000 nan 5.337773e-35
6185.060000 nan 5.485587e-35
6187.060000 nan 5.381551e-35
6189.060000 nan 5.275116e-35
6191.060000 nan 5.194343e-35
6193.060000 nan 5.190276e-35
6195.060000 nan 5.217556e-35
6197.060000 nan 5.280928e-35
6199.060000 nan 5.485809e-35
6201.060000 nan 5.450499e-35
6203.060000 nan 5.268704e-35
6205.060000 nan 5.229912e-35
6207.060000 nan 5.149716e-35
6209.060000 nan 5.071574e-35
6211.060000 nan 5.089956e-35
6213.060000 nan 5.145547e-35
6215.060000 nan 5.203514e-35
6217.060000 nan 5.229895e-35
6219.060000 nan 5.409193e-35
6221.060000 nan 5.470585e-35
6223.060000 nan 5.222032e-35
6225.060000 nan 5.122034e-35
6227.060000 nan 5.091585e-35
6229.060000 nan 5.130698e-35
6231.060000 nan 5.268172e-35
6233.060000 nan 5.484022e-35
6235.060000 nan 5.775722e-35
6237.060000 nan 5.687308e-35
6239.060000 nan 5.543501e-35
6241.060000 nan 5.358237e-35
6243.060000 nan 5.228048e-35
6245.060000 nan 5.035845e-35
6247.060000 nan 4.841767e-35
6249.060000 nan 4.857051e-35
6251.060000 nan 4.995535e-35
6253.060000 nan 5.168672e-35
6255.060000 nan 5.263811e-35
6257.060000 nan 5.266287e-35
6259.060000 nan 5.208447e-35
6261.060000 nan 5.076560e-35
6263.060000 nan 5.122659e-35
6265.060000 nan 5.162274e-35
6267.060000 nan 5.123242e-35
6269.060000 nan 5.085688e-35
6271.060000 nan 5.088553e-35
6273.060000 nan 5.144769e-35
6275.060000 nan 4.963959e-35
6277.060000 nan 4.869368e-35
6279.060000 nan 4.871609e-35
6281.060000 nan 4.929434e-35
6283.060000 nan 4.968570e-35
6285.060000 nan 4.993114e-35
6287.060000 nan 5.013445e-35
6289.060000 nan 5.121714e-35
6291.060000 nan 5.323691e-35
6293.060000 nan 5.734249e-35
6295.060000 nan 6.359371e-35
6297.060000 nan 7.168261e-35
6299.060000 nan 8.273386e-35
6301.060000 nan 8.443877e-35
6303.060000 nan 8.083095e-35
6305.060000 nan 7.140267e-35
6307.060000 nan 6.331952e-35
6309.060000 nan 5.648782e-35
6311.060000 nan 5.127603e-35
6313.060000 nan 4.998386e-35
6315.060000 nan 4.936573e-35
6317.060000 nan 4.914672e-35
6319.060000 nan 4.993052e-35
6321.060000 nan 5.104373e-35
6323.060000 nan 5.228745e-35
6325.060000 nan 5.105007e-35
6327.060000 nan 5.097717e-35
6329.060000 nan 5.160744e-35
6331.060000 nan 5.163900e-35
6333.060000 nan 5.022689e-35
6335.060000 nan 4.834251e-35
6337.060000 nan 4.747800e-35
6339.060000 nan 4.751613e-35
6341.060000 nan 4.780762e-35
6343.060000 nan 4.790420e-35
6345.060000 nan 4.837435e-35
6347.060000 nan 4.871900e-35
6349.060000 nan 4.864438e-35
6351.060000 nan 4.940629e-35
6353.060000 nan 4.974319e-35
6355.060000 nan 4.929653e-35
6357.060000 nan 5.056832e-35
6359.060000 nan 5.327243e-35
6361.060000 nan 5.739515e-35
6363.060000 nan 5.989544e-35
6365.060000 nan 5.982533e-35
6367.060000 nan 5.748009e-35
6369.060000 nan 5.328220e-35
6371.060000 nan 5.024277e-35
6373.060000 nan 4.797266e-35
6375.060000 nan 4.602595e-35
6377.060000 nan 4.580199e-35
6379.060000 nan 4.640609e-35
6381.060000 nan 4.719645e-35
6383.060000 nan 4.766499e-35
6385.060000 nan 4.803711e-35
6387.060000 nan 4.842169e-35
6389.060000 nan 4.747781e-35
6391.060000 nan 4.613005e-35
6393.060000 nan 4.455304e-35
6395.060000 nan 4.456156e-35
6397.060000 nan 4.521089e-35
6399.060000 nan 4.646372e-35
6401.060000 nan 4.500241e-35
6403.060000 nan 4.396330e-35
6405.060000 nan 4.347348e-35
6407.060000 nan 4.425951e-35
6409.060000 nan 4.492455e-35
6411.060000 nan 4.555443e-35
6413.060000 nan 4.662338e-35
6415.060000 nan 4.705427e-35
6417.060000 nan 4.707531e-35
6419.060000 nan 4.682908e-35
6421.060000 nan 4.644795e-35
6423.060000 nan 4.593427e-35
6425.060000 nan 4.518427e-35
6427.060000 nan 4.470487e-35
6429.060000 nan 4.452064e-35
6431.060000 nan 4.480617e-35
6433.060000 nan 4.540473e-35
6435.060000 nan 4.573909e-35
6437.060000 nan 4.557720e-35
6439.060000 nan 4.504713e-35
6441.060000 nan 4.457542e-35
6443.060000 nan 4.420725e-35
6445.060000 nan 4.398264e-35
6447.060000 nan 4.426310e-35
6449.060000 nan 4.493270e-35
6451.060000 nan 4.476626e-35
6453.060000 nan 4.505916e-35
6455.060000 nan 4.553368e-35
6457.060000 nan 4.520987e-35
6459.060000 nan 4.584212e-35
6461.060000 nan 4.690554e-35
6463.060000 nan 4.781490e-35
6465.060000 nan 4.819563e-35
6467.060000 nan 4.849450e-35
6469.060000 nan 4.906727e-35
6471.060000 nan 4.857787e-35
6473.060000 nan 4.728272e-35
6475.060000 nan 4.493084e-35
6477.060000 nan 4.568084e-35
6479.060000 nan 4.628701e-35
6481.060000 nan 4.609418e-35
6483.060000 nan 4.578424e-35
6485.060000 nan 4.602530e-35
6487.060000 nan 4.682172e-35
6489.060000 nan 4.584054e-35
6491.060000 nan 4.567969e-35
6493.060000 nan 4.623056e-35
6495.060000 nan 4.732729e-35
6497.060000 nan 4.882033e-35
6499.060000 nan 5.027539e-35
6501.060000 nan 5.028265e-35
6503.060000 nan 4.976140e-35
6505.060000 nan 4.894664e-35
6507.060000 nan 4.792572e-35
6509.060000 nan 4.767756e-35
6511.060000 nan 4.761194e-35
6513.060000 nan 4.741835e-35
6515.060000 nan 4.545510e-35
6517.060000 nan 4.370712e-35
6519.060000 nan 4.292114e-35
6521.060000 nan 4.381499e-35
6523.060000 nan 4.494078e-35
6525.060000 nan 4.613734e-35
6527.060000 nan 4.704274e-35
6529.060000 nan 4.752331e-35
6531.060000 nan 4.768610e-35
6533.060000 nan 4.961484e-35
6535.060000 nan 4.980299e-35
6537.060000 nan 4.879819e-35
6539.060000 nan 4.831272e-35
6541.060000 nan 4.756651e-35
6543.060000 nan 4.684554e-35
6545.060000 nan 4.685431e-35
6547.060000 nan 4.829096e-35
6549.060000 nan 4.980980e-35
6551.060000 nan 4.994647e-35
6553.060000 nan 5.070339e-35
6555.060000 nan 5.106001e-35
6557.060000 nan 5.024281e-35
6559.060000 nan 4.835124e-35
6561.060000 nan 4.688939e-35
6563.060000 nan 4.635359e-35
6565.060000 nan 4.560870e-35
6567.060000 nan 4.566209e-35
6569.060000 nan 4.665205e-35
6571.060000 nan 4.726498e-35
6573.060000 nan 4.753323e-35
6575.060000 nan 4.752561e-35
6577.060000 nan 4.783307e-35
6579.060000 nan 4.807442e-35
6581.060000 nan 4.804853e-35
6583.060000 nan 4.664607e-35
6585.060000 nan 4.565452e-35
6587.060000 nan 4.503168e-35
6589.060000 nan 4.505165e-35
6591.060000 nan 4.511004e-35
6593.060000 nan 4.530470e-35
6595.060000 nan 4.581595e-35
6597.060000 nan 4.625690e-35
6599.060000 nan 4.653560e-35
6601.060000 nan 4.654262e-35
6603.060000 nan 4.647232e-35
6605.060000 nan 4.641857e-35
6607.060000 nan 4.640155e-35
6609.060000 nan 4.514500e-35
6611.060000 nan 4.429230e-35
6613.060000 nan 4.392868e-35
6615.060000 nan 4.387470e-35
6617.060000 nan 4.482818e-35
6619.060000 nan 4.633870e-35
6621.060000 nan 4.561511e-35
6623.060000 nan 4.482351e-35
6625.060000 nan 4.413968e-35
6627.060000 nan 4.420337e-35
6629.060000 nan 4.413992e-35
6631.060000 nan 4.401375e-35
6633.060000 nan 4.386082e-35
6635.060000 nan 4.390995e-35
6637.060000 nan 4.370551e-35
6639.060000 nan 4.278574e-35
6641.060000 nan 4.300053e-35
6643.060000 nan 4.324465e-35
6645.060000 nan 4.317746e-35
6647.060000 nan 4.376217e-35
6649.060000 nan 4.407883e-35
6651.060000 nan 4.398077e-35
6653.060000 nan 4.256523e-35
6655.060000 nan 4.224175e-35
6657.060000 nan 4.296374e-35
6659.060000 nan 4.352760e-35
6661.060000 nan 4.372473e-35
6663.060000 nan 4.374597e-35
6665.060000 nan 4.438523e-35
6667.060000 nan 4.451863e-35
6669.060000 nan 4.430700e-35
6671.060000 nan 4.376041e-35
6673.060000 nan 4.342143e-35
6675.060000 nan 4.316121e-35
6677.060000 nan 4.290101e-35
6679.060000 nan 4.289389e-35
6681.060000 nan 4.310704e-35
6683.060000 nan 4.363489e-35
6685.060000 nan 4.322215e-35
6687.060000 nan 4.296543e-35
6689.060000 nan 4.316294e-35
6691.060000 nan 4.261820e-35
6693.060000 nan 4.217174e-35
6695.060000 nan 4.189410e-35
6697.060000 nan 4.157572e-35
6699.060000 nan 4.160664e-35
6701.060000 nan 4.194547e-35
6703.060000 nan 4.241205e-35
6705.060000 nan 4.223202e-35
6707.060000 nan 4.172791e-35
6709.060000 nan 4.175050e-35
6711.060000 nan 4.180516e-35
6713.060000 nan 4.182777e-35
6715.060000 nan 4.167829e-35
6717.060000 nan 4.146574e-35
6719.060000 nan 4.117418e-35
6721.060000 nan 4.073714e-35
6723.060000 nan 4.014756e-35
6725.060000 nan 3.979965e-35
6727.060000 nan 3.995165e-35
6729.060000 nan 4.031362e-35
6731.060000 nan 4.064692e-35
6733.060000 nan 4.090632e-35
6735.060000 nan 4.066333e-35
6737.060000 nan 4.126063e-35
6739.060000 nan 4.269106e-35
6741.060000 nan 4.265006e-35
6743.060000 nan 4.213876e-35
6745.060000 nan 4.134031e-35
6747.060000 nan 4.121638e-35
6749.060000 nan 4.053498e-35
6751.060000 nan 3.959664e-35
6753.060000 nan 3.896838e-35
6755.060000 nan 3.927112e-35
6757.060000 nan 3.997934e-35
6759.060000 nan 4.073797e-35
6761.060000 nan 4.119193e-35
6763.060000 nan 4.140166e-35
6765.060000 nan 4.126470e-35
6767.060000 nan 4.081101e-35
6769.060000 nan 4.029439e-35
6771.060000 nan 3.976987e-35
6773.060000 nan 3.933089e-35
6775.060000 nan 3.929565e-35
6777.060000 nan 3.974417e-35
6779.060000 nan 3.950420e-35
6781.060000 nan 3.936836e-35
6783.060000 nan 3.934384e-35
6785.060000 nan 3.941403e-35
6787.060000 nan 3.931058e-35
6789.060000 nan 3.912267e-35
6791.060000 nan 3.918809e-35
6793.060000 nan 3.918561e-35
6795.060000 nan 3.913797e-35
6797.060000 nan 3.904829e-35
6799.060000 nan 3.904778e-35
6801.060000 nan 3.894301e-35
6803.060000 nan 3.845760e-35
6805.060000 nan 3.854189e-35
6807.060000 nan 3.873786e-35
6809.060000 nan 3.887280e-35
6811.060000 nan 3.858507e-35
6813.060000 nan 3.848943e-35
6815.060000 nan 3.876878e-35
6817.060000 nan 3.901138e-35
6819.060000 nan 3.905874e-35
6821.060000 nan 3.890979e-35
6823.060000 nan 4.043275e-35
6825.060000 nan 4.299584e-35
6827.060000 nan 4.634965e-35
6829.060000 nan 4.881046e-35
6831.060000 nan 4.989598e-35
6833.060000 nan 4.994252e-35
6835.060000 nan 4.898024e-35
6837.060000 nan 4.701566e-35
6839.060000 nan 4.454452e-35
6841.060000 nan 4.191153e-35
6843.060000 nan 4.021231e-35
6845.060000 nan 3.902196e-35
6847.060000 nan 3.833556e-35
6849.060000 nan 3.798846e-35
6851.060000 nan 3.780773e-35
6853.060000 nan 3.779483e-35
6855.060000 nan 3.855785e-35
6857.060000 nan 3.978462e-35
6859.060000 nan 4.150549e-35
6861.060000 nan 4.441061e-35
6863.060000 nan 4.668628e-35
6865.060000 nan 4.813893e-35
6867.060000 nan 4.543826e-35
6869.060000 nan 4.208818e-35
6871.060000 nan 3.854897e-35
6873.060000 nan 3.757362e-35
6875.060000 nan 3.758269e-35
6877.060000 nan 3.825297e-35
6879.060000 nan 3.942989e-35
6881.060000 nan 3.990528e-35
6883.060000 nan 4.052875e-35
6885.060000 nan 4.249151e-35
6887.060000 nan 4.301108e-35
6889.060000 nan 4.302117e-35
6891.060000 nan 4.280852e-35
6893.060000 nan 4.317608e-35
6895.060000 nan 4.341170e-35
6897.060000 nan 4.327300e-35
6899.060000 nan 4.369771e-35
6901.060000 nan 4.402645e-35
6903.060000 nan 4.418156e-35
6905.060000 nan 4.375880e-35
6907.060000 nan 4.391659e-35
6909.060000 nan 4.460091e-35
6911.060000 nan 4.522250e-35
6913.060000 nan 4.550780e-35
6915.060000 nan 4.556467e-35
6917.060000 nan 4.562477e-35
6919.060000 nan 4.698399e-35
6921.060000 nan 4.880697e-35
6923.060000 nan 4.986717e-35
6925.060000 nan 4.915112e-35
6927.060000 nan 4.750919e-35
6929.060000 nan 4.509542e-35
6931.060000 nan 4.450824e-35
6933.060000 nan 4.486214e-35
6935.060000 nan 4.618398e-35
6937.060000 nan 4.732164e-35
6939.060000 nan 4.758933e-35
6941.060000 nan 4.664298e-35
6943.060000 nan 4.701400e-35
6945.060000 nan 4.815070e-35
6947.060000 nan 5.002112e-35
6949.060000 nan 5.105834e-35
6951.060000 nan 5.050691e-35
6953.060000 nan 4.856741e-35
6955.060000 nan 4.567785e-35
6957.060000 nan 4.405867e-35
6959.060000 nan 4.330543e-35
6961.060000 nan 4.302816e-35
6963.060000 nan 4.352539e-35
6965.060000 nan 4.447345e-35
6967.060000 nan 4.577587e-35
6969.060000 nan 4.671162e-35
6971.060000 nan 4.722638e-35
6973.060000 nan 4.701175e-35
6975.060000 nan 4.738694e-35
6977.060000 nan 4.790154e-35
6979.060000 nan 4.844851e-35
6981.060000 nan 4.777638e-35
6983.060000 nan 4.698722e-35
6985.060000 nan 4.622198e-35
6987.060000 nan 4.544977e-35
6989.060000 nan 4.442489e-35
6991.060000 nan 4.317103e-35
6993.060000 nan 4.236057e-35
6995.060000 nan 4.221072e-35
6997.060000 nan 4.257279e-35
6999.060000 nan 4.312594e-35
7001.060000 nan 4.408360e-35
7003.060000 nan 4.505153e-35
7005.060000 nan 4.505206e-35
7007.060000 nan 4.490625e-35
7009.060000 nan 4.487381e-35
7011.060000 nan 4.535653e-35
7013.060000 nan 4.466493e-35
7015.060000 nan 4.362870e-35
7017.060000 nan 4.254359e-35
7019.060000 nan 4.246295e-35
7021.060000 nan 4.253750e-35
7023.060000 nan 4.258834e-35
7025.060000 nan 4.212502e-35
7027.060000 nan 4.170920e-35
7029.060000 nan 4.139806e-35
7031.060000 nan 4.224579e-35
7033.060000 nan 4.314046e-35
7035.060000 nan 4.405136e-35
7037.060000 nan 4.467122e-35
7039.060000 nan 4.478089e-35
7041.060000 nan 4.464053e-35
7043.060000 nan 4.507756e-35
7045.060000 nan 4.547840e-35
7047.060000 nan 4.574834e-35
7049.060000 nan 4.557977e-35
7051.060000 nan 4.526938e-35
7053.060000 nan 4.467499e-35
7055.060000 nan 4.346321e-35
7057.060000 nan 4.281322e-35
7059.060000 nan 4.236628e-35
7061.060000 nan 4.205466e-35
7063.060000 nan 4.149586e-35
7065.060000 nan 4.143093e-35
7067.060000 nan 4.210969e-35
7069.060000 nan 4.306329e-35
7071.060000 nan 4.357352e-35
7073.060000 nan 4.359124e-35
7075.060000 nan 4.329892e-35
7077.060000 nan 4.266095e-35
7079.060000 nan 4.186561e-35
7081.060000 nan 4.228151e-35
7083.060000 nan 4.313066e-35
7085.060000 nan 4.393894e-35
7087.060000 nan 4.316789e-35
7089.060000 nan 4.261786e-35
7091.060000 nan 4.240709e-35
7093.060000 nan 4.300731e-35
7095.060000 nan 4.262694e-35
7097.060000 nan 4.198251e-35
7099.060000 nan 4.142478e-35
7101.060000 nan 4.077249e-35
7103.060000 nan 4.021386e-35
7105.060000 nan 3.984653e-35
7107.060000 nan 4.048282e-35
7109.060000 nan 4.080807e-35
7111.060000 nan 4.060339e-35
7113.060000 nan 4.028302e-35
7115.060000 nan 4.023643e-35
7117.060000 nan 4.047866e-35
7119.060000 nan 4.120720e-35
7121.060000 nan 4.147992e-35
7123.060000 nan 4.136402e-35
7125.060000 nan 4.079735e-35
7127.060000 nan 4.063734e-35
7129.060000 nan 4.076317e-35
7131.060000 nan 4.118361e-35
7133.060000 nan 4.155177e-35
7135.060000 nan 4.164654e-35
7137.060000 nan 4.100201e-35
7139.060000 nan 4.080941e-35
7141.060000 nan 4.112143e-35
7143.060000 nan 4.223202e-35
7145.060000 nan 4.267732e-35
7147.060000 nan 4.281446e-35
7149.060000 nan 4.264549e-35
7151.060000 nan 4.136969e-35
7153.060000 nan 4.002089e-35
7155.060000 nan 3.868392e-35
7157.060000 nan 3.926732e-35
7159.060000 nan 3.974127e-35
7161.060000 nan 4.013268e-35
7163.060000 nan 4.069158e-35
7165.060000 nan 4.100213e-35
7167.060000 nan 4.095334e-35
7169.060000 nan 3.969315e-35
7171.060000 nan 3.937508e-35
7173.060000 nan 3.954025e-35
7175.060000 nan 3.981687e-35
7177.060000 nan 3.959770e-35
7179.060000 nan 3.914339e-35
7181.060000 nan 3.852084e-35
7183.060000 nan 3.848896e-35
7185.060000 nan 3.819597e-35
7187.060000 nan 3.716907e-35
7189.060000 nan 3.663077e-35
7191.060000 nan 3.667199e-35
7193.060000 nan 3.742579e-35
7195.060000 nan 3.734293e-35
7197.060000 nan 3.753426e-35
7199.060000 nan 3.803512e-35
7201.060000 nan 3.787755e-35
7203.060000 nan 3.715510e-35
7205.060000 nan 3.614345e-35
7207.060000 nan 3.660484e-35
7209.060000 nan 3.730482e-35
7211.060000 nan 3.807744e-35
7213.060000 nan 3.850859e-35
7215.060000 nan 3.885910e-35
7217.060000 nan 3.906607e-35
7219.060000 nan 3.891828e-35
7221.060000 nan 3.916918e-35
7223.060000 nan 3.929970e-35
7225.060000 nan 3.888450e-35
7227.060000 nan 3.890774e-35
7229.060000 nan 3.957116e-35
7231.060000 nan 4.116237e-35
7233.060000 nan 4.397823e-35
7235.060000 nan 4.823813e-35
7237.060000 nan 5.414795e-35
7239.060000 nan 6.240599e-35
7241.060000 nan 6.845790e-35
7243.060000 nan 7.210437e-35
7245.060000 nan 7.038014e-35
7247.060000 nan 6.604010e-35
7249.060000 nan 5.976885e-35
7251.060000 nan 5.294361e-35
7253.060000 nan 4.837295e-35
7255.060000 nan 4.535194e-35
7257.060000 nan 4.387469e-35
7259.060000 nan 4.239233e-35
7261.060000 nan 4.112117e-35
7263.060000 nan 4.045658e-35
7265.060000 nan 4.061689e-35
7267.060000 nan 4.192100e-35
7269.060000 nan 4.511548e-35
7271.060000 nan 5.172751e-35
7273.060000 nan 5.911580e-35
7275.060000 nan 6.686840e-35
7277.060000 nan 6.868071e-35
7279.060000 nan 6.709956e-35
7281.060000 nan 6.215934e-35
7283.060000 nan 5.759770e-35
7285.060000 nan 5.449426e-35
7287.060000 nan 5.251515e-35
7289.060000 nan 4.908282e-35
7291.060000 nan 4.628939e-35
7293.060000 nan 4.423255e-35
7295.060000 nan 4.411042e-35
7297.060000 nan 4.477703e-35
7299.060000 nan 4.584013e-35
7301.060000 nan 4.699572e-35
7303.060000 nan 4.814402e-35
7305.060000 nan 4.876249e-35
7307.060000 nan 4.805785e-35
7309.060000 nan 4.864576e-35
7311.060000 nan 5.115977e-35
7313.060000 nan 5.665778e-35
7315.060000 nan 6.185857e-35
7317.060000 nan 6.343399e-35
7319.060000 nan 6.015423e-35
7321.060000 nan 5.307308e-35
7323.060000 nan 4.861930e-35
7325.060000 nan 4.712663e-35
7327.060000 nan 4.948412e-35
7329.060000 nan 5.076320e-35
7331.060000 nan 5.125667e-35
7333.060000 nan 5.215216e-35
7335.060000 nan 5.492335e-35
7337.060000 nan 5.948006e-35
7339.060000 nan 6.749048e-35
7341.060000 nan 7.063743e-35
7343.060000 nan 6.965857e-35
7345.060000 nan 6.205902e-35
7347.060000 nan 5.429403e-35
7349.060000 nan 4.820039e-35
7351.060000 nan 4.593378e-35
7353.060000 nan 4.704625e-35
7355.060000 nan 4.935785e-35
7357.060000 nan 5.261461e-35
7359.060000 nan 5.378294e-35
7361.060000 nan 5.394738e-35
7363.060000 nan 5.312197e-35
7365.060000 nan 5.567954e-35
7367.060000 nan 6.001024e-35
7369.060000 nan 6.551925e-35
7371.060000 nan 6.396885e-35
7373.060000 nan 5.916700e-35
7375.060000 nan 5.235427e-35
7377.060000 nan 4.728167e-35
7379.060000 nan 4.487252e-35
7381.060000 nan 4.397575e-35
7383.060000 nan 4.365813e-35
7385.060000 nan 4.427151e-35
7387.060000 nan 4.549223e-35
7389.060000 nan 4.744240e-35
7391.060000 nan 4.867929e-35
7393.060000 nan 4.962522e-35
7395.060000 nan 5.034754e-35
7397.060000 nan 5.074991e-35
7399.060000 nan 5.227256e-35
7401.060000 nan 5.551127e-35
7403.060000 nan 5.643695e-35
7405.060000 nan 5.438097e-35
7407.060000 nan 4.920423e-35
7409.060000 nan 4.517297e-35
7411.060000 nan 4.252186e-35
7413.060000 nan 4.108000e-35
7415.060000 nan 4.029368e-35
7417.060000 nan 3.984384e-35
7419.060000 nan 3.959174e-35
7421.060000 nan 3.926639e-35
7423.060000 nan 3.949908e-35
7425.060000 nan 4.014181e-35
7427.060000 nan 4.132853e-35
7429.060000 nan 4.226442e-35
7431.060000 nan 4.316351e-35
7433.060000 nan 4.417175e-35
7435.060000 nan 4.519868e-35
7437.060000 nan 4.605463e-35
7439.060000 nan 4.659957e-35
7441.060000 nan 4.368499e-35
7443.060000 nan 4.116633e-35
7445.060000 nan 3.971049e-35
7447.060000 nan 3.939407e-35
7449.060000 nan 3.917768e-35
7451.060000 nan 3.906315e-35
7453.060000 nan 4.013800e-35
7455.060000 nan 4.047593e-35
7457.060000 nan 4.026367e-35
7459.060000 nan 4.010030e-35
7461.060000 nan 4.110944e-35
7463.060000 nan 4.273006e-35
7465.060000 nan 4.412416e-35
7467.060000 nan 4.585844e-35
7469.060000 nan 4.769559e-35
7471.060000 nan 4.942158e-35
7473.060000 nan 5.082116e-35
7475.060000 nan 5.165956e-35
7477.060000 nan 5.147778e-35
7479.060000 nan 5.147070e-35
7481.060000 nan 5.117800e-35
7483.060000 nan 5.037979e-35
7485.060000 nan 4.848208e-35
7487.060000 nan 4.673554e-35
7489.060000 nan 4.528462e-35
7491.060000 nan 4.389412e-35
7493.060000 nan 4.339117e-35
7495.060000 nan 4.362586e-35
7497.060000 nan 4.284510e-35
7499.060000 nan 4.158409e-35
7501.060000 nan 4.021124e-35
7503.060000 nan 4.027764e-35
7505.060000 nan 4.034052e-35
7507.060000 nan 4.038600e-35
7509.060000 nan 4.036900e-35
7511.060000 nan 4.041703e-35
7513.060000 nan 4.074758e-35
7515.060000 nan 4.177858e-35
7517.060000 nan 4.473608e-35
7519.060000 nan 4.863551e-35
7521.060000 nan 5.345754e-35
7523.060000 nan 5.794678e-35
7525.060000 nan 5.997105e-35
7527.060000 nan 5.851656e-35
7529.060000 nan 5.364698e-35
7531.060000 nan 4.896232e-35
7533.060000 nan 4.472197e-35
7535.060000 nan 4.236269e-35
7537.060000 nan 4.117513e-35
7539.060000 nan 4.091231e-35
7541.060000 nan 4.028402e-35
7543.060000 nan 3.989270e-35
7545.060000 nan 3.979972e-35
7547.060000 nan 4.054144e-35
7549.060000 nan 4.071894e-35
7551.060000 nan 4.064896e-35
7553.060000 nan 4.059970e-35
7555.060000 nan 4.172502e-35
7557.060000 nan 4.274651e-35
7559.060000 nan 4.263341e-35
7561.060000 nan 4.273578e-35
7563.060000 nan 4.283413e-35
7565.060000 nan 4.284874e-35
7567.060000 nan 4.533354e-35
7569.060000 nan 4.861146e-35
7571.060000 nan 5.256305e-35
7573.060000 nan 5.228287e-35
7575.060000 nan 4.929376e-35
7577.060000 nan 4.389753e-35
7579.060000 nan 4.137855e-35
7581.060000 nan 4.042055e-35
7583.060000 nan 4.045133e-35
7585.060000 nan 3.914713e-35
7587.060000 nan 3.853659e-35
7589.060000 nan 3.787373e-35
7591.060000 nan 3.523325e-35
7593.060000 nan 3.427871e-35
7595.060000 nan 3.415669e-35
7597.060000 nan 3.451617e-35
7599.060000 nan 3.363620e-35
7601.060000 nan 3.206193e-35
7603.060000 nan 2.973366e-35
7605.060000 nan 2.812111e-35
7607.060000 nan 2.702899e-35
7609.060000 nan 2.656100e-35
7611.060000 nan 2.803462e-35
7613.060000 nan 2.955834e-35
7615.060000 nan 3.095605e-35
7617.060000 nan 3.309732e-35
7619.060000 nan 3.399507e-35
7621.060000 nan 3.375620e-35
7623.060000 nan 3.307809e-35
7625.060000 nan 3.333709e-35
7627.060000 nan 3.410766e-35
7629.060000 nan 3.415310e-35
7631.060000 nan 3.353480e-35
7633.060000 nan 3.253681e-35
7635.060000 nan 3.133417e-35
7637.060000 nan 3.062973e-35
7639.060000 nan 3.017741e-35
7641.060000 nan 2.992834e-35
7643.060000 nan 3.070630e-35
7645.060000 nan 3.159748e-35
7647.060000 nan 3.224622e-35
7649.060000 nan 3.339897e-35
7651.060000 nan 3.437915e-35
7653.060000 nan 3.501916e-35
7655.060000 nan 3.578584e-35
7657.060000 nan 3.636458e-35
7659.060000 nan 3.674793e-35
7661.060000 nan 3.768304e-35
7663.060000 nan 3.840495e-35
7665.060000 nan 3.875491e-35
7667.060000 nan 3.707248e-35
7669.060000 nan 3.592492e-35
7671.060000 nan 3.511686e-35
7673.060000 nan 3.440630e-35
7675.060000 nan 3.448293e-35
7677.060000 nan 3.520452e-35
7679.060000 nan 3.692872e-35
7681.060000 nan 3.823346e-35
7683.060000 nan 3.925143e-35
7685.060000 nan 3.990091e-35
7687.060000 nan 4.142986e-35
7689.060000 nan 4.235345e-35
7691.060000 nan 4.195039e-35
7693.060000 nan 4.129663e-35
7695.060000 nan 4.100052e-35
7697.060000 nan 4.119311e-35
7699.060000 nan 4.234645e-35
7701.060000 nan 4.324837e-35
7703.060000 nan 4.395407e-35
7705.060000 nan 4.612447e-35
7707.060000 nan 5.277249e-35
7709.060000 nan 6.335889e-35
7711.060000 nan 7.930117e-35
7713.060000 nan 9.240634e-35
7715.060000 nan 1.015858e-34
7717.060000 nan 1.002011e-34
7719.060000 nan 8.853125e-35
7721.060000 nan 7.427999e-35
7723.060000 nan 6.417248e-35
7725.060000 nan 6.041089e-35
7727.060000 nan 5.779939e-35
7729.060000 nan 5.407298e-35
7731.060000 nan 5.136654e-35
7733.060000 nan 4.930820e-35
7735.060000 nan 4.798818e-35
7737.060000 nan 4.740639e-35
7739.060000 nan 4.753931e-35
7741.060000 nan 4.843060e-35
7743.060000 nan 5.417739e-35
7745.060000 nan 6.206436e-35
7747.060000 nan 7.231595e-35
7749.060000 nan 8.926982e-35
7751.060000 nan 9.821044e-35
7753.060000 nan 9.926335e-35
7755.060000 nan 8.400122e-35
7757.060000 nan 7.398943e-35
7759.060000 nan 6.768797e-35
7761.060000 nan 6.583454e-35
7763.060000 nan 6.152304e-35
7765.060000 nan 5.666327e-35
7767.060000 nan 5.255715e-35
7769.060000 nan 5.170391e-35
7771.060000 nan 5.214352e-35
7773.060000 nan 5.361283e-35
7775.060000 nan 5.443300e-35
7777.060000 nan 5.506870e-35
7779.060000 nan 5.556612e-35
7781.060000 nan 5.755363e-35
7783.060000 nan 5.825048e-35
7785.060000 nan 5.751797e-35
7787.060000 nan 5.628099e-35
7789.060000 nan 6.070541e-35
7791.060000 nan 6.984780e-35
7793.060000 nan 8.155973e-35
7795.060000 nan 8.286663e-35
7797.060000 nan 7.669904e-35
7799.060000 nan 6.363070e-35
7801.060000 nan 5.506878e-35
7803.060000 nan 5.072312e-35
7805.060000 nan 5.381565e-35
7807.060000 nan 5.838055e-35
7809.060000 nan 6.153084e-35
7811.060000 nan 6.045551e-35
7813.060000 nan 5.759682e-35
7815.060000 nan 5.797825e-35
7817.060000 nan 6.432601e-35
7819.060000 nan 7.766005e-35
7821.060000 nan 8.707921e-35
7823.060000 nan 9.075402e-35
7825.060000 nan 7.807411e-35
7827.060000 nan 6.437064e-35
7829.060000 nan 5.055629e-35
7831.060000 nan 4.697770e-35
7833.060000 nan 4.607430e-35
7835.060000 nan 4.726410e-35
7837.060000 nan 4.988695e-35
7839.060000 nan 5.353853e-35
7841.060000 nan 5.744566e-35
7843.060000 nan 6.013225e-35
7845.060000 nan 6.014855e-35
7847.060000 nan 6.180320e-35
7849.060000 nan 7.100368e-35
7851.060000 nan 8.654378e-35
7853.060000 nan 9.934704e-35
7855.060000 nan 1.032746e-34
7857.060000 nan 9.281403e-35
7859.060000 nan 8.195059e-35
7861.060000 nan 7.385125e-35
7863.060000 nan 6.948403e-35
7865.060000 nan 6.725987e-35
7867.060000 nan 6.717987e-35
7869.060000 nan 7.109741e-35
7871.060000 nan 7.203982e-35
7873.060000 nan 7.011768e-35
7875.060000 nan 6.412328e-35
7877.060000 nan 6.313996e-35
7879.060000 nan 6.526043e-35
7881.060000 nan 6.679129e-35
7883.060000 nan 6.574864e-35
7885.060000 nan 6.468408e-35
7887.060000 nan 6.796135e-35
7889.060000 nan 7.180799e-35
7891.060000 nan 7.269942e-35
7893.060000 nan 6.570077e-35
7895.060000 nan 5.846790e-35
7897.060000 nan 5.262606e-35
7899.060000 nan 4.940503e-35
7901.060000 nan 4.769632e-35
7903.060000 nan 4.780945e-35
7905.060000 nan 5.013455e-35
7907.060000 nan 5.845868e-35
7909.060000 nan 7.097683e-35
7911.060000 nan 8.755381e-35
7913.060000 nan 1.052655e-34
7915.060000 nan 1.095978e-34
7917.060000 nan 1.032232e-34
7919.060000 nan 9.319478e-35
7921.060000 nan 8.501713e-35
7923.060000 nan 7.766994e-35
7925.060000 nan 6.918343e-35
7927.060000 nan 6.530350e-35
7929.060000 nan 6.410586e-35
7931.060000 nan 6.529814e-35
7933.060000 nan 6.446037e-35
7935.060000 nan 6.118463e-35
7937.060000 nan 5.379422e-35
7939.060000 nan 5.067361e-35
7941.060000 nan 4.969009e-35
7943.060000 nan 5.091550e-35
7945.060000 nan 5.477750e-35
7947.060000 nan 5.850630e-35
7949.060000 nan 6.177293e-35
7951.060000 nan 5.884876e-35
7953.060000 nan 5.535452e-35
7955.060000 nan 5.179112e-35
7957.060000 nan 5.458519e-35
7959.060000 nan 6.222002e-35
7961.060000 nan 7.401988e-35
7963.060000 nan 9.142746e-35
7965.060000 nan 9.722038e-35
7967.060000 nan 9.384342e-35
7969.060000 nan 7.731165e-35
7971.060000 nan 6.545105e-35
7973.060000 nan 5.867906e-35
7975.060000 nan 6.122884e-35
7977.060000 nan 6.710532e-35
7979.060000 nan 7.112486e-35
7981.060000 nan 6.980728e-35
7983.060000 nan 6.423050e-35
7985.060000 nan 6.057187e-35
7987.060000 nan 6.066628e-35
7989.060000 nan 7.334148e-35
7991.060000 nan 8.785015e-35
7993.060000 nan 1.032954e-34
7995.060000 nan 9.871399e-35
7997.060000 nan 8.745952e-35
7999.060000 nan 7.121079e-35
8001.060000 nan 6.159521e-35
8003.060000 nan 5.444732e-35
8005.060000 nan 4.970261e-35
8007.060000 nan 4.982197e-35
8009.060000 nan 5.251024e-35
8011.060000 nan 5.674766e-35
8013.060000 nan 6.228921e-35
8015.060000 nan 6.435128e-35
8017.060000 nan 6.448494e-35
8019.060000 nan 6.266170e-35
8021.060000 nan 6.723143e-35
8023.060000 nan 7.481385e-35
8025.060000 nan 8.534131e-35
8027.060000 nan 8.667552e-35
8029.060000 nan 8.161026e-35
8031.060000 nan 6.949168e-35
8033.060000 nan 5.855249e-35
8035.060000 nan 5.213057e-35
8037.060000 nan 5.025175e-35
8039.060000 nan 5.026475e-35
8041.060000 nan 4.997410e-35
8043.060000 nan 4.942977e-35
8045.060000 nan 4.867564e-35
8047.060000 nan 5.019806e-35
8049.060000 nan 5.292699e-35
8051.060000 nan 5.530685e-35
8053.060000 nan 5.566221e-35
8055.060000 nan 5.559590e-35
8057.060000 nan 5.677838e-35
8059.060000 nan 6.025117e-35
8061.060000 nan 6.404346e-35
8063.060000 nan 6.712575e-35
8065.060000 nan 6.362993e-35
8067.060000 nan 5.819354e-35
8069.060000 nan 5.151160e-35
8071.060000 nan 4.904897e-35
8073.060000 nan 4.796242e-35
8075.060000 nan 4.808468e-35
8077.060000 nan 4.878499e-35
8079.060000 nan 4.913835e-35
8081.060000 nan 4.922706e-35
8083.060000 nan 5.017026e-35
8085.060000 nan 5.030466e-35
8087.060000 nan 4.983392e-35
8089.060000 nan 4.899777e-35
8091.060000 nan 5.042268e-35
8093.060000 nan 5.268432e-35
8095.060000 nan 5.373669e-35
8097.060000 nan 5.335219e-35
8099.060000 nan 5.363952e-35
8101.060000 nan 5.714398e-35
8103.060000 nan 5.688971e-35
8105.060000 nan 5.542872e-35
8107.060000 nan 5.339270e-35
8109.060000 nan 5.179406e-35
8111.060000 nan 5.027872e-35
8113.060000 nan 4.879333e-35
8115.060000 nan 4.844866e-35
8117.060000 nan 4.897574e-35
8119.060000 nan 5.035070e-35
8121.060000 nan 5.011085e-35
8123.060000 nan 4.944618e-35
8125.060000 nan 4.856197e-35
8127.060000 nan 4.905604e-35
8129.060000 nan 4.892354e-35
8131.060000 nan 4.835612e-35
8133.060000 nan 4.751138e-35
8135.060000 nan 4.785933e-35
8137.060000 nan 4.868222e-35
8139.060000 nan 4.929525e-35
8141.060000 nan 4.995882e-35
8143.060000 nan 5.087901e-35
8145.060000 nan 5.237434e-35
8147.060000 nan 5.188227e-35
8149.060000 nan 5.095527e-35
8151.060000 nan 4.997976e-35
8153.060000 nan 4.859692e-35
8155.060000 nan 4.789244e-35
8157.060000 nan 4.812784e-35
8159.060000 nan 4.882302e-35
8161.060000 nan 4.822429e-35
8163.060000 nan 4.643315e-35
8165.060000 nan 4.679769e-35
8167.060000 nan 4.687244e-35
8169.060000 nan 4.672426e-35
8171.060000 nan 4.650540e-35
8173.060000 nan 4.613021e-35
8175.060000 nan 4.567987e-35
8177.060000 nan 4.527906e-35
8179.060000 nan 4.564894e-35
8181.060000 nan 4.672904e-35
8183.060000 nan 4.901820e-35
8185.060000 nan 4.893421e-35
8187.060000 nan 4.846639e-35
8189.060000 nan 4.856414e-35
8191.060000 nan 4.990071e-35
8193.060000 nan 5.090188e-35
8195.060000 nan 5.104986e-35
8197.060000 nan 5.053079e-35
8199.060000 nan 4.987325e-35
8201.060000 nan 4.911664e-35
8203.060000 nan 4.930179e-35
8205.060000 nan 4.950875e-35
8207.060000 nan 4.976111e-35
8209.060000 nan 5.044845e-35
8211.060000 nan 4.945286e-35
8213.060000 nan 4.768779e-35
8215.060000 nan 4.818115e-35
8217.060000 nan 4.873443e-35
8219.060000 nan 4.921832e-35
8221.060000 nan 4.931870e-35
8223.060000 nan 4.852260e-35
8225.060000 nan 4.764430e-35
8227.060000 nan 4.737967e-35
8229.060000 nan 4.851496e-35
8231.060000 nan 4.959115e-35
8233.060000 nan 4.993167e-35
8235.060000 nan 5.073342e-35
8237.060000 nan 5.141296e-35
8239.060000 nan 5.183159e-35
8241.060000 nan 5.115873e-35
8243.060000 nan 5.100341e-35
8245.060000 nan 5.143895e-35
8247.060000 nan 5.090957e-35
8249.060000 nan 5.107757e-35
8251.060000 nan 5.178707e-35
8253.060000 nan 5.231802e-35
8255.060000 nan 5.283941e-35
8257.060000 nan 5.293294e-35
8259.060000 nan 5.081041e-35
8261.060000 nan 4.988744e-35
8263.060000 nan 4.988548e-35
8265.060000 nan 5.120450e-35
8267.060000 nan 5.109164e-35
8269.060000 nan 5.130078e-35
8271.060000 nan 5.328757e-35
8273.060000 nan 5.758708e-35
8275.060000 nan 6.443593e-35
8277.060000 nan 7.484738e-35
8279.060000 nan 8.869732e-35
8281.060000 nan 9.994756e-35
8283.060000 nan 1.074297e-34
8285.060000 nan 1.113760e-34
8287.060000 nan 1.131276e-34
8289.060000 nan 1.125643e-34
8291.060000 nan 1.057736e-34
8293.060000 nan 1.031254e-34
8295.060000 nan 1.050127e-34
8297.060000 nan 1.187181e-34
8299.060000 nan 1.205877e-34
8301.060000 nan 1.130430e-34
8303.060000 nan 9.210081e-35
8305.060000 nan 7.890813e-35
8307.060000 nan 7.189107e-35
8309.060000 nan 7.411172e-35
8311.060000 nan 7.425749e-35
8313.060000 nan 7.196339e-35
8315.060000 nan 6.574741e-35
8317.060000 nan 6.227113e-35
8319.060000 nan 6.069112e-35
8321.060000 nan 6.133245e-35
8323.060000 nan 5.795480e-35
8325.060000 nan 5.629563e-35
8327.060000 nan 5.696169e-35
8329.060000 nan 5.736667e-35
8331.060000 nan 5.772314e-35
8333.060000 nan 5.847783e-35
8335.060000 nan 6.508320e-35
8337.060000 nan 7.793747e-35
8339.060000 nan 9.811617e-35
8341.060000 nan 1.382257e-34
8343.060000 nan 1.765859e-34
8345.060000 nan 2.032649e-34
8347.060000 nan 1.891686e-34
8349.060000 nan 1.602061e-34
8351.060000 nan 1.318260e-34
8353.060000 nan 1.180277e-34
8355.060000 nan 1.053673e-34
8357.060000 nan 9.271272e-35
8359.060000 nan 7.958942e-35
8361.060000 nan 7.905286e-35
8363.060000 nan 8.080389e-35
8365.060000 nan 8.345536e-35
8367.060000 nan 7.836215e-35
8369.060000 nan 7.252032e-35
8371.060000 nan 6.645707e-35
8373.060000 nan 6.733316e-35
8375.060000 nan 6.926080e-35
8377.060000 nan 7.265709e-35
8379.060000 nan 8.217341e-35
8381.060000 nan 8.971929e-35
8383.060000 nan 9.409224e-35
8385.060000 nan 8.826461e-35
8387.060000 nan 7.985946e-35
8389.060000 nan 7.203323e-35
8391.060000 nan 6.968752e-35
8393.060000 nan 8.120466e-35
8395.060000 nan 1.032413e-34
8397.060000 nan 1.398127e-34
8399.060000 nan 1.609329e-34
8401.060000 nan 1.612143e-34
8403.060000 nan 1.316692e-34
8405.060000 nan 1.008248e-34
8407.060000 nan 8.096620e-35
8409.060000 nan 7.496933e-35
8411.060000 nan 8.334358e-35
8413.060000 nan 9.384753e-35
8415.060000 nan 1.052532e-34
8417.060000 nan 1.009319e-34
8419.060000 nan 9.227061e-35
8421.060000 nan 8.261314e-35
8423.060000 nan 8.822758e-35
8425.060000 nan 1.102821e-34
8427.060000 nan 1.423890e-34
8429.060000 nan 1.804346e-34
8431.060000 nan 1.837485e-34
8433.060000 nan 1.651280e-34
8435.060000 nan 1.215750e-34
8437.060000 nan 9.297394e-35
8439.060000 nan 7.400129e-35
8441.060000 nan 6.674934e-35
8443.060000 nan 6.683427e-35
8445.060000 nan 6.970338e-35
8447.060000 nan 7.503119e-35
8449.060000 nan 8.773782e-35
8451.060000 nan 9.838958e-35
8453.060000 nan 1.060616e-34
8455.060000 nan 9.699050e-35
8457.060000 nan 9.029270e-35
8459.060000 nan 8.720129e-35
8461.060000 nan 1.036546e-34
8463.060000 nan 1.247140e-34
8465.060000 nan 1.445024e-34
8467.060000 nan 1.394315e-34
8469.060000 nan 1.191468e-34
8471.060000 nan 9.438982e-35
8473.060000 nan 7.944380e-35
8475.060000 nan 7.259913e-35
8477.060000 nan 6.908017e-35
8479.060000 nan 6.712990e-35
8481.060000 nan 6.447390e-35
8483.060000 nan 6.272910e-35
8485.060000 nan 6.292134e-35
8487.060000 nan 6.800090e-35
8489.060000 nan 7.454476e-35
8491.060000 nan 8.225247e-35
8493.060000 nan 8.803671e-35
8495.060000 nan 9.032063e-35
8497.060000 nan 8.908525e-35
8499.060000 nan 8.687870e-35
8501.060000 nan 9.045415e-35
8503.060000 nan 9.831997e-35
8505.060000 nan 1.047344e-34
8507.060000 nan 1.010431e-34
8509.060000 nan 9.090637e-35
8511.060000 nan 7.766102e-35
8513.060000 nan 7.124036e-35
8515.060000 nan 6.859421e-35
8517.060000 nan 6.885755e-35
8519.060000 nan 6.818649e-35
8521.060000 nan 6.706718e-35
8523.060000 nan 6.555401e-35
8525.060000 nan 6.625415e-35
8527.060000 nan 6.716912e-35
8529.060000 nan 6.777217e-35
8531.060000 nan 6.825393e-35
8533.060000 nan 6.967614e-35
8535.060000 nan 7.226157e-35
8537.060000 nan 7.671464e-35
8539.060000 nan 7.905368e-35
8541.060000 nan 7.940146e-35
8543.060000 nan 7.951583e-35
8545.060000 nan 8.263489e-35
8547.060000 nan 8.771511e-35
8549.060000 nan 9.190748e-35
8551.060000 nan 8.944133e-35
8553.060000 nan 8.349816e-35
8555.060000 nan 7.736143e-35
8557.060000 nan 7.415719e-35
8559.060000 nan 7.228169e-35
8561.060000 nan 7.108328e-35
8563.060000 nan 7.134483e-35
8565.060000 nan 7.112528e-35
8567.060000 nan 6.922618e-35
8569.060000 nan 6.950631e-35
8571.060000 nan 7.074796e-35
8573.060000 nan 7.292382e-35
8575.060000 nan 7.241736e-35
8577.060000 nan 7.069071e-35
8579.060000 nan 6.784485e-35
8581.060000 nan 6.897681e-35
8583.060000 nan 7.006266e-35
8585.060000 nan 7.104107e-35
8587.060000 nan 7.122634e-35
8589.060000 nan 7.235642e-35
8591.060000 nan 7.374950e-35
8593.060000 nan 7.328131e-35
8595.060000 nan 7.401060e-35
8597.060000 nan 7.517081e-35
8599.060000 nan 7.590646e-35
8601.060000 nan 7.444951e-35
8603.060000 nan 7.286494e-35
8605.060000 nan 7.270989e-35
8607.060000 nan 7.366161e-35
8609.060000 nan 7.612451e-35
8611.060000 nan 8.085660e-35
8613.060000 nan 8.759739e-35
8615.060000 nan 9.486393e-35
8617.060000 nan 1.025150e-34
8619.060000 nan 1.126543e-34
8621.060000 nan 1.249101e-34
8623.060000 nan 1.390019e-34
8625.060000 nan 1.478510e-34
8627.060000 nan 1.516180e-34
8629.060000 nan 1.513889e-34
8631.060000 nan 1.497765e-34
8633.060000 nan 1.452880e-34
8635.060000 nan 1.381557e-34
8637.060000 nan 1.261863e-34
8639.060000 nan 1.135441e-34
8641.060000 nan 1.028203e-34
8643.060000 nan 9.885564e-35
8645.060000 nan 1.011212e-34
8647.060000 nan 1.083987e-34
8649.060000 nan 1.227539e-34
8651.060000 nan 1.368931e-34
8653.060000 nan 1.480199e-34
8655.060000 nan 1.543955e-34
8657.060000 nan 1.536551e-34
8659.060000 nan 1.525800e-34
8661.060000 nan 1.518454e-34
8663.060000 nan 1.490830e-34
8665.060000 nan 1.468876e-34
8667.060000 nan 1.451093e-34
8669.060000 nan 1.415410e-34
8671.060000 nan 1.353121e-34
8673.060000 nan 1.276359e-34
8675.060000 nan 1.223935e-34
8677.060000 nan 1.174847e-34
8679.060000 nan 1.126206e-34
8681.060000 nan 1.072628e-34
8683.060000 nan 1.007240e-34
8685.060000 nan 9.395746e-35
8687.060000 nan 8.772660e-35
8689.060000 nan 8.504265e-35
8691.060000 nan 8.378074e-35
8693.060000 nan 8.361142e-35
8695.060000 nan 8.123027e-35
8697.060000 nan 7.934883e-35
8699.060000 nan 7.864117e-35
8701.060000 nan 7.732761e-35
8703.060000 nan 7.668944e-35
8705.060000 nan 7.680383e-35
8707.060000 nan 7.578243e-35
8709.060000 nan 7.569973e-35
8711.060000 nan 7.631219e-35
8713.060000 nan 7.614019e-35
8715.060000 nan 7.586249e-35
8717.060000 nan 7.523681e-35
8719.060000 nan 7.306720e-35
8721.060000 nan 7.177488e-35
8723.060000 nan 7.123027e-35
8725.060000 nan 7.190346e-35
8727.060000 nan 7.204807e-35
8729.060000 nan 7.197618e-35
8731.060000 nan 7.178580e-35
8733.060000 nan 7.320147e-35
8735.060000 nan 7.480234e-35
8737.060000 nan 7.615313e-35
8739.060000 nan 7.514453e-35
8741.060000 nan 7.410938e-35
8743.060000 nan 7.338024e-35
8745.060000 nan 7.296734e-35
8747.060000 nan 7.217385e-35
8749.060000 nan 7.119076e-35
8751.060000 nan 7.484052e-35
8753.060000 nan 8.358149e-35
8755.060000 nan 9.775817e-35
8757.060000 nan 1.254682e-34
8759.060000 nan 1.518720e-34
8761.060000 nan 1.754852e-34
8763.060000 nan 1.896605e-34
8765.060000 nan 1.983336e-34
8767.060000 nan 2.012139e-34
8769.060000 nan 1.932957e-34
8771.060000 nan 1.780534e-34
8773.060000 nan 1.697673e-34
8775.060000 nan 1.805255e-34
8777.060000 nan 1.933411e-34
8779.060000 nan 1.913750e-34
8781.060000 nan 1.657431e-34
8783.060000 nan 1.303595e-34
8785.060000 nan 1.058724e-34
8787.060000 nan 9.510495e-35
8789.060000 nan 1.018451e-34
8791.060000 nan 1.057231e-34
8793.060000 nan 1.060205e-34
8795.060000 nan 9.244384e-35
8797.060000 nan 8.231833e-35
8799.060000 nan 7.536527e-35
8801.060000 nan 7.399748e-35
8803.060000 nan 7.423006e-35
8805.060000 nan 7.535927e-35
8807.060000 nan 7.690879e-35
8809.060000 nan 7.695421e-35
8811.060000 nan 7.641807e-35
8813.060000 nan 7.574198e-35
8815.060000 nan 7.769601e-35
8817.060000 nan 8.411984e-35
8819.060000 nan 9.785852e-35
8821.060000 nan 1.404679e-34
8823.060000 nan 2.041722e-34
8825.060000 nan 2.920632e-34
8827.060000 nan 3.307707e-34
8829.060000 nan 3.230274e-34
8831.060000 nan 2.687736e-34
8833.060000 nan 2.176983e-34
8835.060000 nan 1.888611e-34
8837.060000 nan 1.768085e-34
8839.060000 nan 1.541791e-34
8841.060000 nan 1.287865e-34
8843.060000 nan 1.052097e-34
8845.060000 nan 9.987006e-35
8847.060000 nan 1.028258e-34
8849.060000 nan 1.072148e-34
8851.060000 nan 1.042145e-34
8853.060000 nan 9.436063e-35
8855.060000 nan 8.426951e-35
8857.060000 nan 7.853730e-35
8859.060000 nan 7.996056e-35
8861.060000 nan 8.706925e-35
8863.060000 nan 1.014510e-34
8865.060000 nan 1.214017e-34
8867.060000 nan 1.347329e-34
8869.060000 nan 1.388951e-34
8871.060000 nan 1.201595e-34
8873.060000 nan 1.020704e-34
8875.060000 nan 8.596022e-35
8877.060000 nan 8.668877e-35
8879.060000 nan 1.015754e-34
8881.060000 nan 1.306164e-34
8883.060000 nan 1.896854e-34
8885.060000 nan 2.325569e-34
8887.060000 nan 2.531720e-34
8889.060000 nan 2.141612e-34
8891.060000 nan 1.652655e-34
8893.060000 nan 1.206673e-34
8895.060000 nan 9.985568e-35
8897.060000 nan 1.008319e-34
8899.060000 nan 1.124704e-34
8901.060000 nan 1.342245e-34
8903.060000 nan 1.452833e-34
8905.060000 nan 1.440450e-34
8907.060000 nan 1.266388e-34
8909.060000 nan 1.120698e-34
8911.060000 nan 1.074524e-34
8913.060000 nan 1.140388e-34
8915.060000 nan 1.645297e-34
8917.060000 nan 2.250763e-34
8919.060000 nan 2.890037e-34
8921.060000 nan 2.817278e-34
8923.060000 nan 2.364196e-34
8925.060000 nan 1.697318e-34
8927.060000 nan 1.242453e-34
8929.060000 nan 1.008592e-34
8931.060000 nan 9.064203e-35
8933.060000 nan 8.993549e-35
8935.060000 nan 9.197474e-35
8937.060000 nan 9.764139e-35
8939.060000 nan 1.102189e-34
8941.060000 nan 1.287096e-34
8943.060000 nan 1.418644e-34
8945.060000 nan 1.426167e-34
8947.060000 nan 1.252813e-34
8949.060000 nan 1.105204e-34
8951.060000 nan 1.025605e-34
8953.060000 nan 1.284242e-34
8955.060000 nan 1.669578e-34
8957.060000 nan 2.159650e-34
8959.060000 nan 2.238436e-34
8961.060000 nan 2.000460e-34
8963.060000 nan 1.523153e-34
8965.060000 nan 1.136862e-34
8967.060000 nan 9.382002e-35
8969.060000 nan 8.586428e-35
8971.060000 nan 8.241701e-35
8973.060000 nan 8.103721e-35
8975.060000 nan 8.041512e-35
8977.060000 nan 7.937524e-35
8979.060000 nan 8.085231e-35
8981.060000 nan 8.418450e-35
8983.060000 nan 9.003074e-35
8985.060000 nan 1.022250e-34
8987.060000 nan 1.130004e-34
8989.060000 nan 1.193958e-34
8991.060000 nan 1.113454e-34
8993.060000 nan 1.044099e-34
8995.060000 nan 1.006466e-34
8997.060000 nan 1.170942e-34
8999.060000 nan 1.381202e-34
9001.060000 nan 1.615245e-34
9003.060000 nan 1.555745e-34
9005.060000 nan 1.377532e-34
9007.060000 nan 1.125023e-34
9009.060000 nan 9.452608e-35
9011.060000 nan 8.566840e-35
9013.060000 nan 8.239755e-35
9015.060000 nan 8.246884e-35
9017.060000 nan 8.203078e-35
9019.060000 nan 8.135627e-35
9021.060000 nan 8.055862e-35
9023.060000 nan 8.060470e-35
9025.060000 nan 8.111285e-35
9027.060000 nan 8.211741e-35
9029.060000 nan 8.544934e-35
9031.060000 nan 8.904789e-35
9033.060000 nan 9.250156e-35
9035.060000 nan 9.911701e-35
9037.060000 nan 1.058491e-34
9039.060000 nan 1.124252e-34
9041.060000 nan 1.111322e-34
9043.060000 nan 1.097155e-34
9045.060000 nan 1.090898e-34
9047.060000 nan 1.195190e-34
9049.060000 nan 1.252447e-34
9051.060000 nan 1.255739e-34
9053.060000 nan 1.118150e-34
9055.060000 nan 1.005011e-34
9057.060000 nan 9.172847e-35
9059.060000 nan 8.803325e-35
9061.060000 nan 8.751923e-35
9063.060000 nan 8.820411e-35
9065.060000 nan 8.923644e-35
9067.060000 nan 8.919593e-35
9069.060000 nan 8.828592e-35
9071.060000 nan 8.622400e-35
9073.060000 nan 8.396845e-35
9075.060000 nan 8.202283e-35
9077.060000 nan 8.052889e-35
9079.060000 nan 8.121107e-35
9081.060000 nan 8.340825e-35
9083.060000 nan 8.702878e-35
9085.060000 nan 8.968755e-35
9087.060000 nan 9.257162e-35
9089.060000 nan 9.553999e-35
9091.060000 nan 9.770588e-35
9093.060000 nan 9.949033e-35
9095.060000 nan 1.003456e-34
9097.060000 nan 9.773464e-35
9099.060000 nan 9.934874e-35
9101.060000 nan 1.034333e-34
9103.060000 nan 1.097424e-34
9105.060000 nan 1.091929e-34
9107.060000 nan 1.058009e-34
9109.060000 nan 1.005142e-34
9111.060000 nan 9.817311e-35
9113.060000 nan 9.643396e-35
9115.060000 nan 9.479533e-35
9117.060000 nan 9.147940e-35
9119.060000 nan 8.886777e-35
9121.060000 nan 8.730739e-35
9123.060000 nan 8.995801e-35
9125.060000 nan 9.224362e-35
9127.060000 nan 9.395489e-35
9129.060000 nan 9.260393e-35
9131.060000 nan 9.292368e-35
9133.060000 nan 9.444561e-35
9135.060000 nan 9.625565e-35
9137.060000 nan 9.636259e-35
9139.060000 nan 9.554847e-35
9141.060000 nan 9.455395e-35
9143.060000 nan 9.321258e-35
9145.060000 nan 9.235081e-35
9147.060000 nan 9.317505e-35
9149.060000 nan 9.559250e-35
9151.060000 nan 9.918966e-35
9153.060000 nan 1.043380e-34
9155.060000 nan 1.087282e-34
9157.060000 nan 1.113871e-34
9159.060000 nan 1.116686e-34
9161.060000 nan 1.095516e-34
9163.060000 nan 1.057280e-34
9165.060000 nan 1.001807e-34
9167.060000 nan 9.397064e-35
9169.060000 nan 9.012624e-35
9171.060000 nan 8.865193e-35
9173.060000 nan 9.172063e-35
9175.060000 nan 9.279397e-35
9177.060000 nan 9.258588e-35
9179.060000 nan 9.219483e-35
9181.060000 nan 9.291680e-35
9183.060000 nan 9.425107e-35
9185.060000 nan 9.594158e-35
9187.060000 nan 9.639686e-35
9189.060000 nan 9.648240e-35
9191.060000 nan 9.664408e-35
9193.060000 nan 9.603204e-35
9195.060000 nan 9.537149e-35
9197.060000 nan 9.491648e-35
9199.060000 nan 9.577891e-35
9201.060000 nan 9.605287e-35
9203.060000 nan 9.534188e-35
9205.060000 nan 9.852787e-35
9207.060000 nan 1.016100e-34
9209.060000 nan 1.045481e-34
9211.060000 nan 1.102770e-34
9213.060000 nan 1.149536e-34
9215.060000 nan 1.183504e-34
9217.060000 nan 1.176047e-34
9219.060000 nan 1.173737e-34
9221.060000 nan 1.178346e-34
9223.060000 nan 1.201926e-34
9225.060000 nan 1.215913e-34
9227.060000 nan 1.213686e-34
9229.060000 nan 1.173569e-34
9231.060000 nan 1.127323e-34
9233.060000 nan 1.100485e-34
9235.060000 nan 1.119616e-34
9237.060000 nan 1.106905e-34
9239.060000 nan 1.079392e-34
9241.060000 nan 1.037209e-34
9243.060000 nan 1.018714e-34
9245.060000 nan 1.011340e-34
9247.060000 nan 1.014818e-34
9249.060000 nan 1.031023e-34
9251.060000 nan 1.060258e-34
9253.060000 nan 1.099990e-34
9255.060000 nan 1.121309e-34
9257.060000 nan 1.120070e-34
9259.060000 nan 1.100972e-34
9261.060000 nan 1.065123e-34
9263.060000 nan 1.061165e-34
9265.060000 nan 1.072297e-34
9267.060000 nan 1.079521e-34
9269.060000 nan 1.059507e-34
9271.060000 nan 1.029316e-34
9273.060000 nan 9.981635e-35
9275.060000 nan 1.000071e-34
9277.060000 nan 1.023849e-34
9279.060000 nan 1.074536e-34
9281.060000 nan 1.099313e-34
9283.060000 nan 1.118660e-34
9285.060000 nan 1.135521e-34
9287.060000 nan 1.126608e-34
9289.060000 nan 1.125144e-34
9291.060000 nan 1.133100e-34
9293.060000 nan 1.122996e-34
9295.060000 nan 1.130574e-34
9297.060000 nan 1.159255e-34
9299.060000 nan 1.259378e-34
9301.060000 nan 1.534495e-34
9303.060000 nan 1.969242e-34
9305.060000 nan 2.689521e-34
9307.060000 nan 3.388648e-34
9309.060000 nan 3.984121e-34
9311.060000 nan 4.255293e-34
9313.060000 nan 4.251876e-34
9315.060000 nan 3.993354e-34
9317.060000 nan 3.332402e-34
9319.060000 nan 2.876228e-34
9321.060000 nan 2.664803e-34
9323.060000 nan 2.806205e-34
9325.060000 nan 2.681482e-34
9327.060000 nan 2.359308e-34
9329.060000 nan 1.819081e-34
9331.060000 nan 1.545292e-34
9333.060000 nan 1.413539e-34
9335.060000 nan 1.414926e-34
9337.060000 nan 1.464157e-34
9339.060000 nan 1.362026e-34
9341.060000 nan 1.162103e-34
9343.060000 nan 1.076126e-34
9345.060000 nan 1.038925e-34
9347.060000 nan 1.035408e-34
9349.060000 nan 1.063043e-34
9351.060000 nan 1.041076e-34
9353.060000 nan 9.946812e-35
9355.060000 nan 9.343151e-35
9357.060000 nan 9.257681e-35
9359.060000 nan 9.350567e-35
9361.060000 nan 9.520872e-35
9363.060000 nan 1.022394e-34
9365.060000 nan 1.148837e-34
9367.060000 nan 1.348951e-34
9369.060000 nan 1.780003e-34
9371.060000 nan 2.559974e-34
9373.060000 nan 3.727564e-34
9375.060000 nan 4.813080e-34
9377.060000 nan 4.998258e-34
9379.060000 nan 4.341050e-34
9381.060000 nan 3.046038e-34
9383.060000 nan 2.114590e-34
9385.060000 nan 1.498205e-34
9387.060000 nan 1.347561e-34
9389.060000 nan 1.303383e-34
9391.060000 nan 1.328979e-34
9393.060000 nan 1.421801e-34
9395.060000 nan 1.530234e-34
9397.060000 nan 1.661417e-34
9399.060000 nan 1.838114e-34
9401.060000 nan 1.976465e-34
9403.060000 nan 2.012158e-34
9405.060000 nan 1.870028e-34
9407.060000 nan 1.650169e-34
9409.060000 nan 1.485385e-34
9411.060000 nan 1.413181e-34
9413.060000 nan 1.554184e-34
9415.060000 nan 1.831019e-34
9417.060000 nan 2.239821e-34
9419.060000 nan 2.631464e-34
9421.060000 nan 2.773338e-34
9423.060000 nan 2.678870e-34
9425.060000 nan 2.219611e-34
9427.060000 nan 1.885552e-34
9429.060000 nan 1.668688e-34
9431.060000 nan 1.672714e-34
9433.060000 nan 1.971862e-34
9435.060000 nan 2.532635e-34
9437.060000 nan 3.535699e-34
9439.060000 nan 4.342249e-34
9441.060000 nan 4.705923e-34
9443.060000 nan 4.177072e-34
9445.060000 nan 3.229327e-34
9447.060000 nan 2.447365e-34
9449.060000 nan 2.088628e-34
9451.060000 nan 2.088183e-34
9453.060000 nan 2.235979e-34
9455.060000 nan 2.524575e-34
9457.060000 nan 2.867950e-34
9459.060000 nan 3.036083e-34
9461.060000 nan 3.014506e-34
9463.060000 nan 2.568720e-34
9465.060000 nan 2.129236e-34
9467.060000 nan 1.748148e-34
9469.060000 nan 1.781332e-34
9471.060000 nan 2.139749e-34
9473.060000 nan 2.761402e-34
9475.060000 nan 3.771214e-34
9477.060000 nan 4.244963e-34
9479.060000 nan 4.216475e-34
9481.060000 nan 3.329722e-34
9483.060000 nan 2.525162e-34
9485.060000 nan 1.937989e-34
9487.060000 nan 1.756935e-34
9489.060000 nan 1.797643e-34
9491.060000 nan 1.839790e-34
9493.060000 nan 1.828847e-34
9495.060000 nan 1.923874e-34
9497.060000 nan 2.161589e-34
9499.060000 nan 2.554296e-34
9501.060000 nan 3.099846e-34
9503.060000 nan 3.383070e-34
9505.060000 nan 3.395800e-34
9507.060000 nan 2.844000e-34
9509.060000 nan 2.351574e-34
9511.060000 nan 1.974075e-34
9513.060000 nan 2.064429e-34
9515.060000 nan 2.290901e-34
9517.060000 nan 2.596547e-34
9519.060000 nan 2.953486e-34
9521.060000 nan 2.944329e-34
9523.060000 nan 2.715155e-34
9525.060000 nan 2.242443e-34
9527.060000 nan 2.007765e-34
9529.060000 nan 1.904568e-34
9531.060000 nan 1.945206e-34
9533.060000 nan 1.919273e-34
9535.060000 nan 1.934798e-34
9537.060000 nan 2.019518e-34
9539.060000 nan 2.041321e-34
9541.060000 nan 1.994994e-34
9543.060000 nan 1.884222e-34
9545.060000 nan 1.905310e-34
9547.060000 nan 2.069040e-34
9549.060000 nan 2.359105e-34
9551.060000 nan 2.785007e-34
9553.060000 nan 2.956489e-34
9555.060000 nan 2.914358e-34
9557.060000 nan 2.547378e-34
9559.060000 nan 2.350524e-34
9561.060000 nan 2.358139e-34
9563.060000 nan 2.794015e-34
9565.060000 nan 3.462269e-34
9567.060000 nan 4.039307e-34
9569.060000 nan 4.250325e-34
9571.060000 nan 3.797185e-34
9573.060000 nan 3.212071e-34
9575.060000 nan 2.617846e-34
9577.060000 nan 2.428684e-34
9579.060000 nan 2.336601e-34
9581.060000 nan 2.315630e-34
9583.060000 nan 2.303897e-34
9585.060000 nan 2.226901e-34
9587.060000 nan 2.094661e-34
9589.060000 nan 2.083909e-34
9591.060000 nan 2.085424e-34
9593.060000 nan 2.092050e-34
9595.060000 nan 2.072340e-34
9597.060000 nan 2.122976e-34
9599.060000 nan 2.222855e-34
9601.060000 nan 2.374703e-34
9603.060000 nan 2.573399e-34
9605.060000 nan 2.807156e-34
9607.060000 nan 3.090123e-34
9609.060000 nan 3.170513e-34
9611.060000 nan 3.114709e-34
9613.060000 nan 2.888448e-34
9615.060000 nan 2.803755e-34
9617.060000 nan 2.844777e-34
9619.060000 nan 3.041231e-34
9621.060000 nan 3.127918e-34
9623.060000 nan 3.092568e-34
9625.060000 nan 2.927975e-34
9627.060000 nan 2.717200e-34
9629.060000 nan 2.629228e-34
9631.060000 nan 2.643059e-34
9633.060000 nan 2.622270e-34
9635.060000 nan 2.564462e-34
9637.060000 nan 2.483052e-34
9639.060000 nan 2.402027e-34
9641.060000 nan 2.330767e-34
9643.060000 nan 2.291409e-34
9645.060000 nan 2.351747e-34
9647.060000 nan 2.431443e-34
9649.060000 nan 2.486122e-34
9651.060000 nan 2.461850e-34
9653.060000 nan 2.525008e-34
9655.060000 nan 2.592275e-34
9657.060000 nan 2.632137e-34
9659.060000 nan 2.719593e-34
9661.060000 nan 2.789182e-34
9663.060000 nan 2.826641e-34
9665.060000 nan 2.912224e-34
9667.060000 nan 3.044389e-34
9669.060000 nan 3.217276e-34
9671.060000 nan 3.236426e-34
9673.060000 nan 3.291284e-34
9675.060000 nan 3.386484e-34
9677.060000 nan 3.597335e-34
9679.060000 nan 3.922814e-34
9681.060000 nan 4.250065e-34
9683.060000 nan 4.264275e-34
9685.060000 nan 4.048448e-34
9687.060000 nan 3.740360e-34
9689.060000 nan 3.444921e-34
9691.060000 nan 3.353210e-34
9693.060000 nan 3.394076e-34
