#OBJECT = ATLAS18tpn
#MJD-OBS = 58348.397269
#DATE-OBS = 2018-08-18T09:32:04
#EXPTIME = 1220.000000
#AIRMASS = 1.428000
#TELESCOPE = UH88
#INSTRUMENT = SNIFS
#WL FL ERR
#[Ang] [erg/s/cm2/A] [erg/s/cm2/A]
3307.060000 nan 7.574015e-33
3309.060000 nan 7.356560e-33
3311.060000 nan 7.054006e-33
3313.060000 nan 7.030162e-33
3315.060000 nan 6.982764e-33
3317.060000 nan 6.679129e-33
3319.060000 nan 6.449494e-33
3321.060000 nan 6.413820e-33
3323.060000 nan 6.459176e-33
3325.060000 nan 6.340922e-33
3327.060000 nan 6.234273e-33
3329.060000 nan 6.656852e-33
3331.060000 nan 6.550187e-33
3333.060000 nan 6.255406e-33
3335.060000 nan 6.108001e-33
3337.060000 nan 6.107549e-33
3339.060000 nan 5.689961e-33
3341.060000 nan 5.617698e-33
3343.060000 nan 5.557305e-33
3345.060000 nan 5.502574e-33
3347.060000 nan 5.398932e-33
3349.060000 nan 5.233000e-33
3351.060000 nan 5.152090e-33
3353.060000 nan 4.983117e-33
3355.060000 nan 4.918513e-33
3357.060000 nan 4.915830e-33
3359.060000 nan 4.831770e-33
3361.060000 nan 4.661375e-33
3363.060000 nan 4.627651e-33
3365.060000 nan 4.554507e-33
3367.060000 nan 4.822272e-33
3369.060000 nan 4.931162e-33
3371.060000 nan 4.863043e-33
3373.060000 nan 4.735174e-33
3375.060000 nan 4.654301e-33
3377.060000 nan 4.543723e-33
3379.060000 nan 4.423901e-33
3381.060000 nan 4.218682e-33
3383.060000 nan 4.066855e-33
3385.060000 nan 4.020275e-33
3387.060000 nan 4.019791e-33
3389.060000 nan 3.938472e-33
3391.060000 nan 3.946109e-33
3393.060000 nan 3.853707e-33
3395.060000 nan 3.928058e-33
3397.060000 nan 4.003055e-33
3399.060000 nan 3.891083e-33
3401.060000 nan 3.840419e-33
3403.060000 nan 3.825334e-33
3405.060000 nan 3.683057e-33
3407.060000 nan 3.602430e-33
3409.060000 nan 3.516883e-33
3411.060000 nan 3.405471e-33
3413.060000 nan 3.402611e-33
3415.060000 nan 3.312735e-33
3417.060000 nan 3.461403e-33
3419.060000 nan 3.437413e-33
3421.060000 nan 3.368139e-33
3423.060000 nan 3.318804e-33
3425.060000 nan 3.202322e-33
3427.060000 nan 3.033534e-33
3429.060000 nan 2.935607e-33
3431.060000 nan 2.912525e-33
3433.060000 nan 2.885418e-33
3435.060000 nan 2.868866e-33
3437.060000 nan 2.893545e-33
3439.060000 nan 2.825878e-33
3441.060000 nan 2.793675e-33
3443.060000 nan 2.738039e-33
3445.060000 nan 2.656604e-33
3447.060000 nan 2.637448e-33
3449.060000 nan 2.708785e-33
3451.060000 nan 2.714912e-33
3453.060000 nan 2.643841e-33
3455.060000 nan 2.593344e-33
3457.060000 nan 2.519375e-33
3459.060000 nan 2.437516e-33
3461.060000 nan 2.366244e-33
3463.060000 nan 2.309166e-33
3465.060000 nan 2.336519e-33
3467.060000 nan 2.316360e-33
3469.060000 nan 2.325796e-33
3471.060000 nan 2.325223e-33
3473.060000 nan 2.309158e-33
3475.060000 nan 2.317134e-33
3477.060000 nan 2.361872e-33
3479.060000 nan 2.300437e-33
3481.060000 nan 2.248384e-33
3483.060000 nan 2.205866e-33
3485.060000 nan 2.146985e-33
3487.060000 nan 2.067962e-33
3489.060000 nan 2.049399e-33
3491.060000 nan 2.028146e-33
3493.060000 nan 1.996832e-33
3495.060000 nan 1.982787e-33
3497.060000 nan 1.949051e-33
3499.060000 nan 1.879010e-33
3501.060000 nan 1.839648e-33
3503.060000 nan 1.865849e-33
3505.060000 nan 1.883463e-33
3507.060000 nan 1.905001e-33
3509.060000 nan 1.916963e-33
3511.060000 nan 1.899375e-33
3513.060000 nan 1.844710e-33
3515.060000 nan 1.820546e-33
3517.060000 nan 1.793457e-33
3519.060000 nan 1.757502e-33
3521.060000 nan 1.724697e-33
3523.060000 nan 1.717460e-33
3525.060000 nan 1.741951e-33
3527.060000 nan 1.718881e-33
3529.060000 nan 1.738783e-33
3531.060000 nan 1.724754e-33
3533.060000 nan 1.706531e-33
3535.060000 nan 1.694160e-33
3537.060000 nan 1.691256e-33
3539.060000 nan 1.725969e-33
3541.060000 nan 1.730762e-33
3543.060000 nan 1.718920e-33
3545.060000 nan 1.721836e-33
3547.060000 nan 1.722173e-33
3549.060000 nan 1.698236e-33
3551.060000 nan 1.656500e-33
3553.060000 nan 1.619084e-33
3555.060000 nan 1.578237e-33
3557.060000 nan 1.562929e-33
3559.060000 nan 1.568767e-33
3561.060000 nan 1.580573e-33
3563.060000 nan 1.581295e-33
3565.060000 nan 1.548662e-33
3567.060000 nan 1.508563e-33
3569.060000 nan 1.472488e-33
3571.060000 nan 1.458693e-33
3573.060000 nan 1.465321e-33
3575.060000 nan 1.471557e-33
3577.060000 nan 1.450209e-33
3579.060000 nan 1.443192e-33
3581.060000 nan 1.416875e-33
3583.060000 nan 1.399296e-33
3585.060000 nan 1.389788e-33
3587.060000 nan 1.374878e-33
3589.060000 nan 1.354567e-33
3591.060000 nan 1.354858e-33
3593.060000 nan 1.365029e-33
3595.060000 nan 1.356042e-33
3597.060000 nan 1.327500e-33
3599.060000 nan 1.290717e-33
3601.060000 nan 1.257021e-33
3603.060000 nan 1.238468e-33
3605.060000 nan 1.239073e-33
3607.060000 nan 1.228096e-33
3609.060000 nan 1.232416e-33
3611.060000 nan 1.253207e-33
3613.060000 nan 1.258328e-33
3615.060000 nan 1.259805e-33
3617.060000 nan 1.244201e-33
3619.060000 nan 1.271959e-33
3621.060000 nan 1.290099e-33
3623.060000 nan 1.271601e-33
3625.060000 nan 1.227181e-33
3627.060000 nan 1.186235e-33
3629.060000 nan 1.251647e-33
3631.060000 nan 1.268727e-33
3633.060000 nan 1.280751e-33
3635.060000 nan 1.283868e-33
3637.060000 nan 1.260169e-33
3639.060000 nan 1.223813e-33
3641.060000 nan 1.221404e-33
3643.060000 nan 1.197303e-33
3645.060000 nan 1.184776e-33
3647.060000 nan 1.185929e-33
3649.060000 nan 1.186852e-33
3651.060000 nan 1.170821e-33
3653.060000 nan 1.154144e-33
3655.060000 nan 1.126735e-33
3657.060000 nan 1.119212e-33
3659.060000 nan 1.112609e-33
3661.060000 nan 1.089984e-33
3663.060000 nan 1.054705e-33
3665.060000 nan 1.046590e-33
3667.060000 nan 1.046115e-33
3669.060000 nan 1.045349e-33
3671.060000 nan 1.040039e-33
3673.060000 nan 1.017169e-33
3675.060000 nan 9.758012e-34
3677.060000 nan 9.664420e-34
3679.060000 nan 9.790153e-34
3681.060000 nan 9.739028e-34
3683.060000 nan 9.519635e-34
3685.060000 nan 9.354351e-34
3687.060000 nan 9.373631e-34
3689.060000 nan 9.359127e-34
3691.060000 nan 9.225091e-34
3693.060000 nan 9.088774e-34
3695.060000 nan 8.986815e-34
3697.060000 nan 8.990360e-34
3699.060000 nan 9.104079e-34
3701.060000 nan 9.227286e-34
3703.060000 nan 9.201061e-34
3705.060000 nan 9.144724e-34
3707.060000 nan 9.086924e-34
3709.060000 nan 8.936373e-34
3711.060000 nan 8.828187e-34
3713.060000 nan 8.972572e-34
3715.060000 nan 8.924278e-34
3717.060000 nan 8.882340e-34
3719.060000 nan 8.838534e-34
3721.060000 nan 8.797937e-34
3723.060000 nan 8.694662e-34
3725.060000 nan 8.525960e-34
3727.060000 nan 8.569556e-34
3729.060000 nan 8.730518e-34
3731.060000 nan 8.664943e-34
3733.060000 nan 8.555969e-34
3735.060000 nan 8.517232e-34
3737.060000 nan 8.546030e-34
3739.060000 nan 8.514585e-34
3741.060000 nan 8.444110e-34
3743.060000 nan 8.388801e-34
3745.060000 nan 8.383194e-34
3747.060000 nan 8.299584e-34
3749.060000 nan 8.113837e-34
3751.060000 nan 7.973840e-34
3753.060000 nan 7.954769e-34
3755.060000 nan 8.047067e-34
3757.060000 nan 8.076464e-34
3759.060000 nan 8.042008e-34
3761.060000 nan 8.011052e-34
3763.060000 nan 8.050189e-34
3765.060000 nan 8.095123e-34
3767.060000 nan 7.956547e-34
3769.060000 nan 7.769072e-34
3771.060000 nan 7.650979e-34
3773.060000 nan 7.573938e-34
3775.060000 nan 7.497104e-34
3777.060000 nan 7.564685e-34
3779.060000 nan 7.594917e-34
3781.060000 nan 7.624447e-34
3783.060000 nan 7.527637e-34
3785.060000 nan 7.377628e-34
3787.060000 nan 7.274025e-34
3789.060000 nan 7.214177e-34
3791.060000 nan 7.118538e-34
3793.060000 nan 7.060159e-34
3795.060000 nan 6.938554e-34
3797.060000 nan 6.797591e-34
3799.060000 nan 6.726946e-34
3801.060000 nan 6.791374e-34
3803.060000 nan 6.874612e-34
3805.060000 nan 6.997959e-34
3807.060000 nan 7.038677e-34
3809.060000 nan 6.925850e-34
3811.060000 nan 6.788588e-34
3813.060000 nan 6.847283e-34
3815.060000 nan 7.115912e-34
3817.060000 nan 7.142795e-34
3819.060000 nan 6.914945e-34
3821.060000 nan 6.837901e-34
3823.060000 nan 6.872920e-34
3825.060000 nan 6.831817e-34
3827.060000 nan 6.800551e-34
3829.060000 nan 6.879374e-34
3831.060000 nan 6.995889e-34
3833.060000 nan 7.095214e-34
3835.060000 nan 7.118293e-34
3837.060000 nan 7.059091e-34
3839.060000 nan 6.990011e-34
3841.060000 nan 6.967078e-34
3843.060000 nan 6.973911e-34
3845.060000 nan 6.921116e-34
3847.060000 nan 6.890839e-34
3849.060000 nan 6.881250e-34
3851.060000 nan 6.781542e-34
3853.060000 nan 6.597014e-34
3855.060000 nan 6.655444e-34
3857.060000 nan 6.758485e-34
3859.060000 nan 6.781177e-34
3861.060000 nan 6.728074e-34
3863.060000 nan 6.658052e-34
3865.060000 nan 6.498761e-34
3867.060000 nan 6.437627e-34
3869.060000 nan 6.334204e-34
3871.060000 nan 6.163303e-34
3873.060000 nan 5.996774e-34
3875.060000 nan 5.905158e-34
3877.060000 nan 5.858190e-34
3879.060000 nan 5.907920e-34
3881.060000 nan 6.000412e-34
3883.060000 nan 5.921900e-34
3885.060000 nan 5.797951e-34
3887.060000 nan 5.748833e-34
3889.060000 nan 5.712102e-34
3891.060000 nan 5.583567e-34
3893.060000 nan 5.572693e-34
3895.060000 nan 5.526938e-34
3897.060000 nan 5.523566e-34
3899.060000 nan 5.574938e-34
3901.060000 nan 5.591809e-34
3903.060000 nan 5.527377e-34
3905.060000 nan 5.543732e-34
3907.060000 nan 5.635315e-34
3909.060000 nan 5.760864e-34
3911.060000 nan 5.849642e-34
3913.060000 nan 5.835310e-34
3915.060000 nan 5.705389e-34
3917.060000 nan 5.584318e-34
3919.060000 nan 5.647177e-34
3921.060000 nan 5.636360e-34
3923.060000 nan 5.559734e-34
3925.060000 nan 5.516709e-34
3927.060000 nan 5.513215e-34
3929.060000 nan 5.554005e-34
3931.060000 nan 5.563975e-34
3933.060000 nan 5.620404e-34
3935.060000 nan 5.736442e-34
3937.060000 nan 5.841661e-34
3939.060000 nan 5.817689e-34
3941.060000 nan 5.791676e-34
3943.060000 nan 5.742603e-34
3945.060000 nan 5.802450e-34
3947.060000 nan 5.787081e-34
3949.060000 nan 5.669530e-34
3951.060000 nan 5.597799e-34
3953.060000 nan 5.603645e-34
3955.060000 nan 5.561836e-34
3957.060000 nan 5.621876e-34
3959.060000 nan 5.713620e-34
3961.060000 nan 5.745115e-34
3963.060000 nan 5.687623e-34
3965.060000 nan 5.672219e-34
3967.060000 nan 5.694657e-34
3969.060000 nan 5.806482e-34
3971.060000 nan 5.911764e-34
3973.060000 nan 5.965219e-34
3975.060000 nan 5.992259e-34
3977.060000 nan 6.086406e-34
3979.060000 nan 6.205703e-34
3981.060000 nan 6.242072e-34
3983.060000 nan 6.202733e-34
3985.060000 nan 6.118580e-34
3987.060000 nan 5.992261e-34
3989.060000 nan 5.812169e-34
3991.060000 nan 5.793313e-34
3993.060000 nan 5.791177e-34
3995.060000 nan 5.616632e-34
3997.060000 nan 5.437425e-34
3999.060000 nan 5.326816e-34
4001.060000 nan 5.221969e-34
4003.060000 nan 5.062745e-34
4005.060000 nan 4.946423e-34
4007.060000 nan 4.832390e-34
4009.060000 nan 4.837098e-34
4011.060000 nan 4.905050e-34
4013.060000 nan 4.913381e-34
4015.060000 nan 4.850654e-34
4017.060000 nan 4.864289e-34
4019.060000 nan 4.833563e-34
4021.060000 nan 4.799093e-34
4023.060000 nan 4.759969e-34
4025.060000 nan 4.753661e-34
4027.060000 nan 4.877151e-34
4029.060000 nan 4.795669e-34
4031.060000 nan 4.751835e-34
4033.060000 nan 4.765718e-34
4035.060000 nan 4.758678e-34
4037.060000 nan 4.729765e-34
4039.060000 nan 4.768923e-34
4041.060000 nan 4.796703e-34
4043.060000 nan 4.732503e-34
4045.060000 nan 4.705252e-34
4047.060000 nan 4.742810e-34
4049.060000 nan 4.778321e-34
4051.060000 nan 4.729960e-34
4053.060000 nan 4.686360e-34
4055.060000 nan 4.620333e-34
4057.060000 nan 4.705864e-34
4059.060000 nan 4.829274e-34
4061.060000 nan 4.888300e-34
4063.060000 nan 4.863239e-34
4065.060000 nan 4.869976e-34
4067.060000 nan 4.885478e-34
4069.060000 nan 4.869644e-34
4071.060000 nan 4.860252e-34
4073.060000 nan 4.850054e-34
4075.060000 nan 4.841508e-34
4077.060000 nan 4.873854e-34
4079.060000 nan 4.952918e-34
4081.060000 nan 5.081942e-34
4083.060000 nan 5.027397e-34
4085.060000 nan 4.924307e-34
4087.060000 nan 4.896993e-34
4089.060000 nan 4.934854e-34
4091.060000 nan 4.882054e-34
4093.060000 nan 4.801276e-34
4095.060000 nan 4.659880e-34
4097.060000 nan 4.593481e-34
4099.060000 nan 4.592503e-34
4101.060000 nan 4.558533e-34
4103.060000 nan 4.515132e-34
4105.060000 nan 4.576493e-34
4107.060000 nan 4.549377e-34
4109.060000 nan 4.510473e-34
4111.060000 nan 4.450619e-34
4113.060000 nan 4.368542e-34
4115.060000 nan 4.377749e-34
4117.060000 nan 4.457705e-34
4119.060000 nan 4.413589e-34
4121.060000 nan 4.433648e-34
4123.060000 nan 4.476860e-34
4125.060000 nan 4.455278e-34
4127.060000 nan 4.351328e-34
4129.060000 nan 4.344234e-34
4131.060000 nan 4.396274e-34
4133.060000 nan 4.412518e-34
4135.060000 nan 4.306864e-34
4137.060000 nan 4.164179e-34
4139.060000 nan 4.164951e-34
4141.060000 nan 4.154173e-34
4143.060000 nan 4.124083e-34
4145.060000 nan 4.037419e-34
4147.060000 nan 4.006829e-34
4149.060000 nan 4.035237e-34
4151.060000 nan 4.051801e-34
4153.060000 nan 4.034197e-34
4155.060000 nan 3.981743e-34
4157.060000 nan 3.993594e-34
4159.060000 nan 4.045955e-34
4161.060000 nan 4.067304e-34
4163.060000 nan 4.013027e-34
4165.060000 nan 3.930359e-34
4167.060000 nan 3.928634e-34
4169.060000 nan 3.971694e-34
4171.060000 nan 4.024186e-34
4173.060000 nan 4.040493e-34
4175.060000 nan 3.989092e-34
4177.060000 nan 3.879434e-34
4179.060000 nan 3.866567e-34
4181.060000 nan 3.762592e-34
4183.060000 nan 3.771189e-34
4185.060000 nan 3.769582e-34
4187.060000 nan 3.663630e-03
4189.060000 nan 1.295917e-02
4191.060000 nan 7.844183e-03
4193.060000 nan 1.583463e-03
4195.060000 nan 3.836976e-34
4197.060000 nan 3.846943e-34
4199.060000 nan 3.805496e-34
4201.060000 nan 3.842224e-34
4203.060000 nan 3.872773e-34
4205.060000 nan 3.749135e-34
4207.060000 nan 3.663488e-34
4209.060000 nan 3.644722e-34
4211.060000 nan 3.699236e-34
4213.060000 nan 3.758074e-34
4215.060000 nan 3.668107e-34
4217.060000 nan 3.747203e-34
4219.060000 nan 3.867516e-34
4221.060000 nan 3.871291e-34
4223.060000 nan 3.772196e-34
4225.060000 nan 3.696689e-34
4227.060000 nan 3.783526e-34
4229.060000 nan 3.752554e-34
4231.060000 nan 3.698620e-34
4233.060000 nan 3.727466e-34
4235.060000 nan 3.760600e-34
4237.060000 nan 3.721347e-34
4239.060000 nan 3.609371e-34
4241.060000 nan 3.601588e-34
4243.060000 nan 3.588565e-34
4245.060000 nan 3.668740e-34
4247.060000 nan 3.700538e-34
4249.060000 nan 3.691613e-34
4251.060000 nan 3.687458e-34
4253.060000 nan 3.578157e-34
4255.060000 nan 3.536413e-34
4257.060000 nan 3.596481e-34
4259.060000 nan 3.612362e-34
4261.060000 nan 3.557849e-34
4263.060000 nan 3.493158e-34
4265.060000 nan 3.513790e-34
4267.060000 nan 3.481192e-34
4269.060000 nan 3.454958e-34
4271.060000 nan 3.426271e-34
4273.060000 nan 3.464191e-34
4275.060000 nan 3.546314e-34
4277.060000 nan 3.554403e-34
4279.060000 nan 3.553220e-34
4281.060000 nan 3.470979e-34
4283.060000 nan 3.410464e-34
4285.060000 nan 3.425630e-34
4287.060000 nan 3.475052e-34
4289.060000 nan 3.462223e-34
4291.060000 nan 3.345255e-34
4293.060000 nan 3.374254e-34
4295.060000 nan 3.310601e-34
4297.060000 nan 3.295771e-34
4299.060000 nan 3.299625e-34
4301.060000 nan 3.257162e-34
4303.060000 nan 3.267644e-34
4305.060000 nan 3.308525e-34
4307.060000 nan 3.320136e-34
4309.060000 nan 3.338604e-34
4311.060000 nan 3.358161e-34
4313.060000 nan 3.376485e-34
4315.060000 nan 3.413646e-34
4317.060000 nan 3.402437e-34
4319.060000 nan 3.445570e-34
4321.060000 nan 3.349621e-34
4323.060000 nan 3.249994e-34
4325.060000 nan 3.237829e-34
4327.060000 nan 3.258171e-34
4329.060000 nan 3.179196e-34
4331.060000 nan 3.232522e-34
4333.060000 nan 3.281005e-34
4335.060000 nan 3.238079e-34
4337.060000 nan 3.156105e-34
4339.060000 nan 3.137998e-34
4341.060000 nan 3.126953e-34
4343.060000 nan 3.200766e-34
4345.060000 nan 3.296178e-34
4347.060000 nan 3.310535e-34
4349.060000 nan 3.291048e-34
4351.060000 nan 3.326834e-34
4353.060000 nan 3.420273e-34
4355.060000 nan 3.394325e-34
4357.060000 nan 3.385626e-34
4359.060000 nan 3.390346e-34
4361.060000 nan 3.357014e-34
4363.060000 nan 3.278719e-34
4365.060000 nan 3.229133e-34
4367.060000 nan 3.245378e-34
4369.060000 nan 3.245060e-34
4371.060000 nan 3.210618e-34
4373.060000 nan 3.204608e-34
4375.060000 nan 3.253149e-34
4377.060000 nan 3.316031e-34
4379.060000 nan 3.291414e-34
4381.060000 nan 3.225956e-34
4383.060000 nan 3.201500e-34
4385.060000 nan 3.226433e-34
4387.060000 nan 3.251353e-34
4389.060000 nan 3.230026e-34
4391.060000 nan 3.223773e-34
4393.060000 nan 3.298659e-34
4395.060000 nan 3.260350e-34
4397.060000 nan 3.200072e-34
4399.060000 nan 3.169311e-34
4401.060000 nan 3.174669e-34
4403.060000 nan 3.186962e-34
4405.060000 nan 3.210394e-34
4407.060000 nan 3.220683e-34
4409.060000 nan 3.238343e-34
4411.060000 nan 3.250578e-34
4413.060000 nan 3.222277e-34
4415.060000 nan 3.125373e-34
4417.060000 nan 3.107873e-34
4419.060000 nan 3.135910e-34
4421.060000 nan 3.166607e-34
4423.060000 nan 3.164985e-34
4425.060000 nan 3.139896e-34
4427.060000 nan 3.132223e-34
4429.060000 nan 3.150634e-34
4431.060000 nan 3.147883e-34
4433.060000 nan 3.136861e-34
4435.060000 nan 3.122234e-34
4437.060000 nan 3.102409e-34
4439.060000 nan 3.087943e-34
4441.060000 nan 3.130303e-34
4443.060000 nan 3.151849e-34
4445.060000 nan 3.095278e-34
4447.060000 nan 3.035737e-34
4449.060000 nan 2.998716e-34
4451.060000 nan 2.986005e-34
4453.060000 nan 2.999390e-34
4455.060000 nan 3.013488e-34
4457.060000 nan 3.031762e-34
4459.060000 nan 3.052479e-34
4461.060000 nan 3.029195e-34
4463.060000 nan 2.955276e-34
4465.060000 nan 2.887761e-34
4467.060000 nan 2.885645e-34
4469.060000 nan 2.903296e-34
4471.060000 nan 2.890157e-34
4473.060000 nan 2.889756e-34
4475.060000 nan 2.920716e-34
4477.060000 nan 2.961206e-34
4479.060000 nan 2.970851e-34
4481.060000 nan 2.935306e-34
4483.060000 nan 2.904125e-34
4485.060000 nan 2.886105e-34
4487.060000 nan 2.886981e-34
4489.060000 nan 2.899375e-34
4491.060000 nan 2.887321e-34
4493.060000 nan 2.903113e-34
4495.060000 nan 2.945395e-34
4497.060000 nan 2.993569e-34
4499.060000 nan 3.008541e-34
4501.060000 nan 2.980756e-34
4503.060000 nan 2.959519e-34
4505.060000 nan 3.003056e-34
4507.060000 nan 2.991629e-34
4509.060000 nan 3.003485e-34
4511.060000 nan 3.029660e-34
4513.060000 nan 3.026680e-34
4515.060000 nan 2.961523e-34
4517.060000 nan 2.942079e-34
4519.060000 nan 2.993371e-34
4521.060000 nan 3.055841e-34
4523.060000 nan 3.075742e-34
4525.060000 nan 3.036740e-34
4527.060000 nan 2.970101e-34
4529.060000 nan 2.963681e-34
4531.060000 nan 2.994515e-34
4533.060000 nan 2.971877e-34
4535.060000 nan 2.945542e-34
4537.060000 nan 2.957058e-34
4539.060000 nan 2.993538e-34
4541.060000 nan 2.950972e-34
4543.060000 nan 2.929079e-34
4545.060000 nan 2.917721e-34
4547.060000 nan 2.891894e-34
4549.060000 nan 2.876417e-34
4551.060000 nan 2.887347e-34
4553.060000 nan 2.898952e-34
4555.060000 nan 2.888611e-34
4557.060000 nan 2.884291e-34
4559.060000 nan 2.844959e-34
4561.060000 nan 2.844336e-34
4563.060000 nan 2.899201e-34
4565.060000 nan 2.943262e-34
4567.060000 nan 2.945016e-34
4569.060000 nan 2.888612e-34
4571.060000 nan 2.895529e-34
4573.060000 nan 2.916314e-34
4575.060000 nan 2.927721e-34
4577.060000 nan 2.935127e-34
4579.060000 nan 2.918087e-34
4581.060000 nan 2.886286e-34
4583.060000 nan 2.922372e-34
4585.060000 nan 2.959234e-34
4587.060000 nan 2.970520e-34
4589.060000 nan 2.943022e-34
4591.060000 nan 2.845415e-34
4593.060000 nan 2.944771e-34
4595.060000 nan 2.949383e-34
4597.060000 nan 2.906976e-34
4599.060000 nan 2.857300e-34
4601.060000 nan 2.851455e-34
4603.060000 nan 2.933875e-34
4605.060000 nan 2.913458e-34
4607.060000 nan 2.914198e-34
4609.060000 nan 2.947234e-34
4611.060000 nan 2.942483e-34
4613.060000 nan 2.897139e-34
4615.060000 nan 2.873527e-34
4617.060000 nan 2.839438e-34
4619.060000 nan 2.878570e-34
4621.060000 nan 2.891764e-34
4623.060000 nan 2.880428e-34
4625.060000 nan 2.845040e-34
4627.060000 nan 2.792888e-34
4629.060000 nan 2.771923e-34
4631.060000 nan 2.786255e-34
4633.060000 nan 2.833135e-34
4635.060000 nan 2.797266e-34
4637.060000 nan 2.734881e-34
4639.060000 nan 2.723718e-34
4641.060000 nan 2.716998e-34
4643.060000 nan 2.639092e-34
4645.060000 nan 2.657245e-34
4647.060000 nan 2.697684e-34
4649.060000 nan 2.731293e-34
4651.060000 nan 2.726401e-34
4653.060000 nan 2.653879e-34
4655.060000 nan 2.673009e-34
4657.060000 nan 2.693167e-34
4659.060000 nan 2.652784e-34
4661.060000 nan 2.636489e-34
4663.060000 nan 2.633236e-34
4665.060000 nan 2.568354e-34
4667.060000 nan 2.589974e-34
4669.060000 nan 2.578767e-34
4671.060000 nan 2.564663e-34
4673.060000 nan 2.609245e-34
4675.060000 nan 2.692891e-34
4677.060000 nan 2.750852e-34
4679.060000 nan 2.748090e-34
4681.060000 nan 2.745916e-34
4683.060000 nan 2.765380e-34
4685.060000 nan 2.741762e-34
4687.060000 nan 2.719383e-34
4689.060000 nan 2.731029e-34
4691.060000 nan 2.708740e-34
4693.060000 nan 2.715504e-34
4695.060000 nan 2.733365e-34
4697.060000 nan 2.708920e-34
4699.060000 nan 2.692224e-34
4701.060000 nan 2.738847e-34
4703.060000 nan 2.841820e-34
4705.060000 nan 2.764053e-34
4707.060000 nan 2.731874e-34
4709.060000 nan 2.704660e-34
4711.060000 nan 2.728207e-34
4713.060000 nan 2.758732e-34
4715.060000 nan 2.703221e-34
4717.060000 nan 2.617027e-34
4719.060000 nan 2.608516e-34
4721.060000 nan 2.693129e-34
4723.060000 nan 2.777857e-34
4725.060000 nan 2.788757e-34
4727.060000 nan 2.728021e-34
4729.060000 nan 2.728465e-34
4731.060000 nan 2.722896e-34
4733.060000 nan 2.702934e-34
4735.060000 nan 2.715495e-34
4737.060000 nan 2.709891e-34
4739.060000 nan 2.651683e-34
4741.060000 nan 2.600432e-34
4743.060000 nan 2.642922e-34
4745.060000 nan 2.667810e-34
4747.060000 nan 2.685238e-34
4749.060000 nan 2.726039e-34
4751.060000 nan 2.767164e-34
4753.060000 nan 2.744068e-34
4755.060000 nan 2.747860e-34
4757.060000 nan 2.734748e-34
4759.060000 nan 2.738650e-34
4761.060000 nan 2.749137e-34
4763.060000 nan 2.757787e-34
4765.060000 nan 2.768486e-34
4767.060000 nan 2.804323e-34
4769.060000 nan 2.759886e-34
4771.060000 nan 2.773805e-34
4773.060000 nan 2.791899e-34
4775.060000 nan 2.799329e-34
4777.060000 nan 2.812992e-34
4779.060000 nan 2.852867e-34
4781.060000 nan 2.806805e-34
4783.060000 nan 2.763324e-34
4785.060000 nan 2.754722e-34
4787.060000 nan 2.763415e-34
4789.060000 nan 2.759669e-34
4791.060000 nan 2.732294e-34
4793.060000 nan 2.748457e-34
4795.060000 nan 2.799171e-34
4797.060000 nan 2.820162e-34
4799.060000 nan 2.825590e-34
4801.060000 nan 2.816032e-34
4803.060000 nan 2.771775e-34
4805.060000 nan 2.746470e-34
4807.060000 nan 2.776283e-34
4809.060000 nan 2.766428e-34
4811.060000 nan 2.724128e-34
4813.060000 nan 2.688199e-34
4815.060000 nan 2.699096e-34
4817.060000 nan 2.760812e-34
4819.060000 nan 2.784039e-34
4821.060000 nan 2.800958e-34
4823.060000 nan 2.769989e-34
4825.060000 nan 2.730644e-34
4827.060000 nan 2.732993e-34
4829.060000 nan 2.756443e-34
4831.060000 nan 2.736610e-34
4833.060000 nan 2.746942e-34
4835.060000 nan 2.769053e-34
4837.060000 nan 2.764163e-34
4839.060000 nan 2.724274e-34
4841.060000 nan 2.692890e-34
4843.060000 nan 2.704324e-34
4845.060000 nan 2.766018e-34
4847.060000 nan 2.752658e-34
4849.060000 nan 2.713107e-34
4851.060000 nan 2.684444e-34
4853.060000 nan 2.650492e-34
4855.060000 nan 2.573174e-34
4857.060000 nan 2.640296e-34
4859.060000 nan 2.704569e-34
4861.060000 nan 2.752076e-34
4863.060000 nan 2.811606e-34
4865.060000 nan 2.883864e-34
4867.060000 nan 2.829074e-34
4869.060000 nan 2.843318e-34
4871.060000 nan 2.880923e-34
4873.060000 nan 2.925360e-34
4875.060000 nan 2.974620e-34
4877.060000 nan 3.023605e-34
4879.060000 nan 3.048530e-34
4881.060000 nan 3.012350e-34
4883.060000 nan 3.071070e-34
4885.060000 nan 3.140773e-34
4887.060000 nan 3.144307e-34
4889.060000 nan 3.109212e-34
4891.060000 nan 3.163261e-34
4893.060000 nan 3.167823e-34
4895.060000 nan 3.129110e-34
4897.060000 nan 3.169895e-34
4899.060000 nan 3.235691e-34
4901.060000 nan 3.279798e-34
4903.060000 nan 3.298146e-34
4905.060000 nan 3.297450e-34
4907.060000 nan 3.362452e-34
4909.060000 nan 3.364290e-34
4911.060000 nan 3.328082e-34
4913.060000 nan 3.269693e-34
4915.060000 nan 3.209436e-34
4917.060000 nan 3.217668e-34
4919.060000 nan 3.244317e-34
4921.060000 nan 3.276769e-34
4923.060000 nan 3.295210e-34
4925.060000 nan 3.326774e-34
4927.060000 nan 3.380308e-34
4929.060000 nan 3.402925e-34
4931.060000 nan 3.467679e-34
4933.060000 nan 3.534688e-34
4935.060000 nan 3.565512e-34
4937.060000 nan 3.646949e-34
4939.060000 nan 3.802633e-34
4941.060000 nan 3.938070e-34
4943.060000 nan 3.974861e-34
4945.060000 nan 3.890506e-34
4947.060000 nan 3.853457e-34
4949.060000 nan 4.000428e-34
4951.060000 nan 4.241543e-34
4953.060000 nan 4.360994e-34
4955.060000 nan 4.391754e-34
4957.060000 nan 4.419514e-34
4959.060000 nan 4.403096e-34
4961.060000 nan 4.524008e-34
4963.060000 nan 4.740729e-34
4965.060000 nan 4.875417e-34
4967.060000 nan 4.787509e-34
4969.060000 nan 4.857196e-34
4971.060000 nan 5.008059e-34
4973.060000 nan 5.152742e-34
4975.060000 nan 5.259834e-34
4977.060000 nan 5.335923e-34
4979.060000 nan 5.405558e-34
4981.060000 nan 5.452650e-34
4983.060000 nan 5.452273e-34
4985.060000 nan 5.587751e-34
4987.060000 nan 5.778711e-34
4989.060000 nan 5.911637e-34
4991.060000 nan 5.960982e-34
4993.060000 nan 6.173110e-34
4995.060000 nan 6.353678e-34
4997.060000 nan 6.561413e-34
4999.060000 nan 6.850715e-34
5001.060000 nan 7.105301e-34
5003.060000 nan 7.178199e-34
5005.060000 nan 7.284156e-34
5007.060000 nan 7.396421e-34
5009.060000 nan 7.667706e-34
5011.060000 nan 7.794999e-34
5013.060000 nan 7.845491e-34
5015.060000 nan 7.954661e-34
5017.060000 nan 7.910862e-34
5019.060000 nan 7.768644e-34
5021.060000 nan 8.216710e-34
5023.060000 nan 8.452708e-34
5025.060000 nan 8.541462e-34
5027.060000 nan 8.693201e-34
5029.060000 nan 8.850429e-34
5031.060000 nan 9.327817e-34
5033.060000 nan 9.517350e-34
5035.060000 nan 9.560742e-34
5037.060000 nan 9.429017e-34
5039.060000 nan 9.378948e-34
5041.060000 nan 9.791233e-34
5043.060000 nan 9.915508e-34
5045.060000 nan 9.755831e-34
5047.060000 nan 9.691863e-34
5049.060000 nan 9.636869e-34
5051.060000 nan 9.504362e-34
5053.060000 nan 9.329908e-34
5055.060000 nan 9.395691e-34
5057.060000 nan 9.671010e-34
5059.060000 nan 9.677165e-34
5061.060000 nan 9.588677e-34
5063.060000 nan 9.479942e-34
5065.060000 nan 9.355622e-34
5067.060000 nan 9.222313e-34
5069.060000 nan 9.169510e-34
5071.060000 nan 9.292281e-34
5073.060000 nan 9.197903e-34
5075.060000 nan 9.007697e-34
5077.060000 nan 8.924479e-34
5079.060000 nan 8.993419e-34
5081.060000 nan 9.189519e-34
5083.060000 nan 9.150210e-34
5085.060000 nan 9.123639e-34
5087.060000 nan 9.063318e-34
5089.060000 nan 8.946754e-34
5091.060000 nan 8.831627e-34
5093.060000 nan 8.765359e-34
5095.060000 nan 8.846155e-34
5097.060000 nan 8.995512e-34
5099.060000 nan 9.106557e-34
5101.060000 nan 9.163810e-34
5103.060000 1.537297e-16 2.740721e-33
5105.060000 1.400955e-16 2.638820e-33
5107.060000 1.407125e-16 2.443995e-33
5109.060000 1.806643e-16 2.505719e-33
5111.060000 2.158958e-16 2.564225e-33
5113.060000 2.242430e-16 2.595804e-33
5115.060000 1.878795e-16 2.448017e-33
5117.060000 1.440136e-16 2.343565e-33
5119.060000 1.397625e-16 2.285764e-33
5121.060000 1.429661e-16 2.265895e-33
5123.060000 1.619291e-16 2.243565e-33
5125.060000 1.862039e-16 2.224167e-33
5127.060000 2.046915e-16 2.201392e-33
5129.060000 2.099211e-16 2.160095e-33
5131.060000 1.801315e-16 2.111425e-33
5133.060000 1.666624e-16 2.086866e-33
5135.060000 1.828958e-16 2.097336e-33
5137.060000 2.006564e-16 2.119297e-33
5139.060000 2.053502e-16 2.131323e-33
5141.060000 1.992325e-16 2.128681e-33
5143.060000 1.956598e-16 2.104869e-33
5145.060000 1.812519e-16 2.121116e-33
5147.060000 1.632197e-16 2.112953e-33
5149.060000 1.631004e-16 2.178772e-33
5151.060000 nan 1.166083e-33
5153.060000 nan 1.064726e-33
5155.060000 nan 9.748037e-34
5157.060000 nan 8.953134e-34
5159.060000 nan 8.335482e-34
5161.060000 nan 7.863477e-34
5163.060000 nan 7.463818e-34
5165.060000 nan 7.060055e-34
5167.060000 nan 6.550285e-34
5169.060000 nan 6.082003e-34
5171.060000 nan 5.829227e-34
5173.060000 nan 5.687985e-34
5175.060000 nan 5.519428e-34
5177.060000 nan 5.245402e-34
5179.060000 nan 5.123896e-34
5181.060000 nan 4.991393e-34
5183.060000 nan 4.811711e-34
5185.060000 nan 4.603959e-34
5187.060000 nan 4.449792e-34
5189.060000 nan 4.357931e-34
5191.060000 nan 4.429392e-34
5193.060000 nan 4.511514e-34
5195.060000 nan 4.586108e-34
5197.060000 nan 4.485765e-34
5199.060000 nan 4.402526e-34
5201.060000 nan 4.353716e-34
5203.060000 nan 4.435443e-34
5205.060000 nan 4.389241e-34
5207.060000 nan 4.300825e-34
5209.060000 nan 4.264972e-34
5211.060000 nan 4.215359e-34
5213.060000 nan 4.220279e-34
5215.060000 nan 4.365907e-34
5217.060000 nan 4.391964e-34
5219.060000 nan 4.332357e-34
5221.060000 nan 4.166326e-34
5223.060000 nan 4.060077e-34
5225.060000 nan 4.041998e-34
5227.060000 nan 4.129808e-34
5229.060000 nan 4.171200e-34
5231.060000 nan 4.193690e-34
5233.060000 nan 4.194968e-34
5235.060000 nan 4.098101e-34
5237.060000 nan 4.021547e-34
5239.060000 nan 3.979936e-34
5241.060000 nan 4.099577e-34
5243.060000 nan 4.155614e-34
5245.060000 nan 4.140708e-34
5247.060000 nan 3.962097e-34
5249.060000 nan 3.907283e-34
5251.060000 nan 3.908654e-34
5253.060000 nan 3.930541e-34
5255.060000 nan 3.918941e-34
5257.060000 nan 3.836312e-34
5259.060000 nan 3.622237e-34
5261.060000 nan 3.531011e-34
5263.060000 nan 3.493209e-34
5265.060000 nan 3.506379e-34
5267.060000 nan 3.463936e-34
5269.060000 nan 3.422824e-34
5271.060000 nan 3.388567e-34
5273.060000 nan 3.287564e-34
5275.060000 nan 3.255953e-34
5277.060000 nan 3.282689e-34
5279.060000 nan 3.259280e-34
5281.060000 nan 3.183339e-34
5283.060000 nan 3.071856e-34
5285.060000 nan 2.957039e-34
5287.060000 nan 2.902184e-34
5289.060000 nan 2.864184e-34
5291.060000 nan 2.777017e-34
5293.060000 nan 2.733268e-34
5295.060000 nan 2.710581e-34
5297.060000 nan 2.703205e-34
5299.060000 nan 2.700869e-34
5301.060000 nan 2.707983e-34
5303.060000 nan 2.730795e-34
5305.060000 nan 2.702489e-34
5307.060000 nan 2.648261e-34
5309.060000 nan 2.567316e-34
5311.060000 nan 2.546609e-34
5313.060000 nan 2.471156e-34
5315.060000 nan 2.337806e-34
5317.060000 nan 2.380904e-34
5319.060000 nan 2.418846e-34
5321.060000 nan 2.448225e-34
5323.060000 nan 2.432828e-34
5325.060000 nan 2.347598e-34
5327.060000 nan 2.244397e-34
5329.060000 nan 2.266816e-34
5331.060000 nan 2.292432e-34
5333.060000 nan 2.293387e-34
5335.060000 nan 2.207080e-34
5337.060000 nan 2.171732e-34
5339.060000 nan 2.163523e-34
5341.060000 nan 2.182113e-34
5343.060000 nan 2.174015e-34
5345.060000 nan 2.147374e-34
5347.060000 nan 2.098139e-34
5349.060000 nan 2.054120e-34
5351.060000 nan 2.007352e-34
5353.060000 nan 1.956387e-34
5355.060000 nan 1.949272e-34
5357.060000 nan 1.983084e-34
5359.060000 nan 2.049311e-34
5361.060000 nan 1.991869e-34
5363.060000 nan 1.961100e-34
5365.060000 nan 1.949487e-34
5367.060000 nan 1.936652e-34
5369.060000 nan 1.916513e-34
5371.060000 nan 1.892069e-34
5373.060000 nan 1.865990e-34
5375.060000 nan 1.862769e-34
5377.060000 nan 1.858633e-34
5379.060000 nan 1.825854e-34
5381.060000 nan 1.789892e-34
5383.060000 nan 1.761349e-34
5385.060000 nan 1.749972e-34
5387.060000 nan 1.787647e-34
5389.060000 nan 1.804261e-34
5391.060000 nan 1.776387e-34
5393.060000 nan 1.739134e-34
5395.060000 nan 1.706377e-34
5397.060000 nan 1.679604e-34
5399.060000 nan 1.622808e-34
5401.060000 nan 1.611990e-34
5403.060000 nan 1.640707e-34
5405.060000 nan 1.663751e-34
5407.060000 nan 1.672800e-34
5409.060000 nan 1.664221e-34
5411.060000 nan 1.603492e-34
5413.060000 nan 1.627169e-34
5415.060000 nan 1.675621e-34
5417.060000 nan 1.664391e-34
5419.060000 nan 1.624793e-34
5421.060000 nan 1.588396e-34
5423.060000 nan 1.585201e-34
5425.060000 nan 1.588947e-34
5427.060000 nan 1.595884e-34
5429.060000 nan 1.605821e-34
5431.060000 nan 1.590891e-34
5433.060000 nan 1.580777e-34
5435.060000 nan 1.581778e-34
5437.060000 nan 1.569547e-34
5439.060000 nan 1.574299e-34
5441.060000 nan 1.596804e-34
5443.060000 nan 1.597020e-34
5445.060000 nan 1.570103e-34
5447.060000 nan 1.524072e-34
5449.060000 nan 1.499047e-34
5451.060000 nan 1.484019e-34
5453.060000 nan 1.477643e-34
5455.060000 nan 1.485336e-34
5457.060000 nan 1.477756e-34
5459.060000 nan 1.460825e-34
5461.060000 nan 1.434768e-34
5463.060000 nan 1.451342e-34
5465.060000 nan 1.460939e-34
5467.060000 nan 1.425621e-34
5469.060000 nan 1.383729e-34
5471.060000 nan 1.359430e-34
5473.060000 nan 1.366540e-34
5475.060000 nan 1.379666e-34
5477.060000 nan 1.371707e-34
5479.060000 nan 1.336708e-34
5481.060000 nan 1.354918e-34
5483.060000 nan 1.353981e-34
5485.060000 nan 1.334607e-34
5487.060000 nan 1.326932e-34
5489.060000 nan 1.331956e-34
5491.060000 nan 1.345643e-34
5493.060000 nan 1.356806e-34
5495.060000 nan 1.363127e-34
5497.060000 nan 1.352750e-34
5499.060000 nan 1.282054e-34
5501.060000 nan 1.229743e-34
5503.060000 nan 1.210928e-34
5505.060000 nan 1.267604e-34
5507.060000 nan 1.294714e-34
5509.060000 nan 1.304275e-34
5511.060000 nan 1.293685e-34
5513.060000 nan 1.293113e-34
5515.060000 nan 1.291121e-34
5517.060000 nan 1.284652e-34
5519.060000 nan 1.252031e-34
5521.060000 nan 1.230259e-34
5523.060000 nan 1.222760e-34
5525.060000 nan 1.212891e-34
5527.060000 nan 1.229997e-34
5529.060000 nan 1.264846e-34
5531.060000 nan 1.235140e-34
5533.060000 nan 1.233272e-34
5535.060000 nan 1.241978e-34
5537.060000 nan 1.208091e-34
5539.060000 nan 1.192252e-34
5541.060000 nan 1.183239e-34
5543.060000 nan 1.168148e-34
5545.060000 nan 1.194159e-34
5547.060000 nan 1.226233e-34
5549.060000 nan 1.239147e-34
5551.060000 nan 1.239244e-34
5553.060000 nan 1.230706e-34
5555.060000 nan 1.211592e-34
5557.060000 nan 1.245851e-34
5559.060000 nan 1.264702e-34
5561.060000 nan 1.253784e-34
5563.060000 nan 1.234496e-34
5565.060000 nan 1.231736e-34
5567.060000 nan 1.250279e-34
5569.060000 nan 1.400947e-34
5571.060000 nan 1.573059e-34
5573.060000 nan 1.772353e-34
5575.060000 nan 2.067682e-34
5577.060000 nan 2.233438e-34
5579.060000 nan 2.256840e-34
5581.060000 nan 1.948846e-34
5583.060000 nan 1.621618e-34
5585.060000 nan 1.331248e-34
5587.060000 nan 1.183077e-34
5589.060000 nan 1.147593e-34
5591.060000 nan 1.141130e-34
5593.060000 nan 1.126444e-34
5595.060000 nan 1.111189e-34
5597.060000 nan 1.099654e-34
5599.060000 nan 1.094358e-34
5601.060000 nan 1.106190e-34
5603.060000 nan 1.111816e-34
5605.060000 nan 1.107912e-34
5607.060000 nan 1.091805e-34
5609.060000 nan 1.083178e-34
5611.060000 nan 1.081944e-34
5613.060000 nan 1.086105e-34
5615.060000 nan 1.081803e-34
5617.060000 nan 1.072153e-34
5619.060000 nan 1.066242e-34
5621.060000 nan 1.044249e-34
5623.060000 nan 1.022730e-34
5625.060000 nan 1.037374e-34
5627.060000 nan 1.034304e-34
5629.060000 nan 1.025368e-34
5631.060000 nan 1.018335e-34
5633.060000 nan 1.011493e-34
5635.060000 nan 9.990520e-35
5637.060000 nan 9.754006e-35
5639.060000 nan 9.542771e-35
5641.060000 nan 9.444797e-35
5643.060000 nan 9.507670e-35
5645.060000 nan 9.722076e-35
5647.060000 nan 9.818818e-35
5649.060000 nan 9.774590e-35
5651.060000 nan 9.707643e-35
5653.060000 nan 9.640976e-35
5655.060000 nan 9.570266e-35
5657.060000 nan 9.450364e-35
5659.060000 nan 9.631363e-35
5661.060000 nan 9.955218e-35
5663.060000 nan 1.002117e-34
5665.060000 nan 9.939392e-35
5667.060000 nan 9.782542e-35
5669.060000 nan 9.600359e-35
5671.060000 nan 9.644253e-35
5673.060000 nan 9.685797e-35
5675.060000 nan 9.541970e-35
5677.060000 nan 9.429932e-35
5679.060000 nan 9.386852e-35
5681.060000 nan 9.454374e-35
5683.060000 nan 9.488617e-35
5685.060000 nan 9.319157e-35
5687.060000 nan 8.884846e-35
5689.060000 nan 8.790838e-35
5691.060000 nan 8.861154e-35
5693.060000 nan 9.084875e-35
5695.060000 nan 9.347832e-35
5697.060000 nan 9.329388e-35
5699.060000 nan 9.124249e-35
5701.060000 nan 9.137247e-35
5703.060000 nan 9.082616e-35
5705.060000 nan 9.018596e-35
5707.060000 nan 9.089651e-35
5709.060000 nan 8.957627e-35
5711.060000 nan 8.799933e-35
5713.060000 nan 8.818750e-35
5715.060000 nan 8.628298e-35
5717.060000 nan 8.499364e-35
5719.060000 nan 8.632559e-35
5721.060000 nan 8.682012e-35
5723.060000 nan 8.655002e-35
5725.060000 nan 8.529457e-35
5727.060000 nan 8.307288e-35
5729.060000 nan 8.248949e-35
5731.060000 nan 8.396909e-35
5733.060000 nan 8.309630e-35
5735.060000 nan 8.295676e-35
5737.060000 nan 8.348925e-35
5739.060000 nan 8.381974e-35
5741.060000 nan 8.416425e-35
5743.060000 nan 8.431872e-35
5745.060000 nan 8.313753e-35
5747.060000 nan 8.188370e-35
5749.060000 nan 8.105153e-35
5751.060000 nan 8.205241e-35
5753.060000 nan 8.349673e-35
5755.060000 nan 8.430605e-35
5757.060000 nan 8.296625e-35
5759.060000 nan 8.204319e-35
5761.060000 nan 8.128776e-35
5763.060000 nan 8.066180e-35
5765.060000 nan 8.126140e-35
5767.060000 nan 8.130047e-35
5769.060000 nan 8.028095e-35
5771.060000 nan 7.844446e-35
5773.060000 nan 7.793926e-35
5775.060000 nan 7.891329e-35
5777.060000 nan 7.893288e-35
5779.060000 nan 7.827713e-35
5781.060000 nan 7.711457e-35
5783.060000 nan 7.644450e-35
5785.060000 nan 7.745880e-35
5787.060000 nan 7.930450e-35
5789.060000 nan 8.005466e-35
5791.060000 nan 7.923259e-35
5793.060000 nan 7.796438e-35
5795.060000 nan 7.759248e-35
5797.060000 nan 7.621915e-35
5799.060000 nan 7.537479e-35
5801.060000 nan 7.655031e-35
5803.060000 nan 7.852168e-35
5805.060000 nan 7.952165e-35
5807.060000 nan 7.854805e-35
5809.060000 nan 7.788900e-35
5811.060000 nan 7.759455e-35
5813.060000 nan 7.772826e-35
5815.060000 nan 7.599450e-35
5817.060000 nan 7.485868e-35
5819.060000 nan 7.442936e-35
5821.060000 nan 7.553051e-35
5823.060000 nan 7.682415e-35
5825.060000 nan 7.791941e-35
5827.060000 nan 7.625850e-35
5829.060000 nan 7.451400e-35
5831.060000 nan 7.283209e-35
5833.060000 nan 7.164494e-35
5835.060000 nan 7.164455e-35
5837.060000 nan 7.200562e-35
5839.060000 nan 7.203195e-35
5841.060000 nan 7.213538e-35
5843.060000 nan 7.248769e-35
5845.060000 nan 7.332400e-35
5847.060000 nan 7.214911e-35
5849.060000 nan 7.074069e-35
5851.060000 nan 6.950050e-35
5853.060000 nan 7.031321e-35
5855.060000 nan 7.270075e-35
5857.060000 nan 7.674159e-35
5859.060000 nan 7.504801e-35
5861.060000 nan 7.356470e-35
5863.060000 nan 7.231509e-35
5865.060000 nan 7.137735e-35
5867.060000 nan 7.095871e-35
5869.060000 nan 7.081611e-35
5871.060000 nan 7.022487e-35
5873.060000 nan 7.015723e-35
5875.060000 nan 7.031654e-35
5877.060000 nan 7.035587e-35
5879.060000 nan 7.049937e-35
5881.060000 nan 7.129090e-35
5883.060000 nan 7.369440e-35
5885.060000 nan 7.616927e-35
5887.060000 nan 7.761109e-35
5889.060000 nan 7.705983e-35
5891.060000 nan 7.623652e-35
5893.060000 nan 7.561850e-35
5895.060000 nan 7.534216e-35
5897.060000 nan 7.346372e-35
5899.060000 nan 7.211309e-35
5901.060000 nan 7.139854e-35
5903.060000 nan 7.000334e-35
5905.060000 nan 6.931649e-35
5907.060000 nan 6.925656e-35
5909.060000 nan 6.979288e-35
5911.060000 nan 7.028187e-35
5913.060000 nan 7.060749e-35
5915.060000 nan 7.022447e-35
5917.060000 nan 6.944877e-35
5919.060000 nan 6.838043e-35
5921.060000 nan 6.690933e-35
5923.060000 nan 6.717063e-35
5925.060000 nan 6.787234e-35
5927.060000 nan 6.835991e-35
5929.060000 nan 6.833592e-35
5931.060000 nan 6.831292e-35
5933.060000 nan 6.846376e-35
5935.060000 nan 6.771860e-35
5937.060000 nan 6.720309e-35
5939.060000 nan 6.709955e-35
5941.060000 nan 6.668617e-35
5943.060000 nan 6.639300e-35
5945.060000 nan 6.621448e-35
5947.060000 nan 6.585588e-35
5949.060000 nan 6.590507e-35
5951.060000 nan 6.599279e-35
5953.060000 nan 6.410454e-35
5955.060000 nan 6.325441e-35
5957.060000 nan 6.322189e-35
5959.060000 nan 6.432873e-35
5961.060000 nan 6.482710e-35
5963.060000 nan 6.498756e-35
5965.060000 nan 6.485209e-35
5967.060000 nan 6.490254e-35
5969.060000 nan 6.440488e-35
5971.060000 nan 6.266620e-35
5973.060000 nan 6.320217e-35
5975.060000 nan 6.414267e-35
5977.060000 nan 6.513559e-35
5979.060000 nan 6.371570e-35
5981.060000 nan 6.220690e-35
5983.060000 nan 6.080475e-35
5985.060000 nan 5.958181e-35
5987.060000 nan 6.029499e-35
5989.060000 nan 6.253718e-35
5991.060000 nan 6.273603e-35
5993.060000 nan 6.281977e-35
5995.060000 nan 6.257095e-35
5997.060000 nan 6.074099e-35
5999.060000 nan 5.941659e-35
6001.060000 nan 5.887752e-35
6003.060000 nan 6.037704e-35
6005.060000 nan 6.109541e-35
6007.060000 nan 6.127130e-35
6009.060000 nan 6.073977e-35
6011.060000 nan 5.969904e-35
6013.060000 nan 5.874365e-35
6015.060000 nan 5.816137e-35
6017.060000 nan 5.866670e-35
6019.060000 nan 5.888194e-35
6021.060000 nan 5.850139e-35
6023.060000 nan 5.822288e-35
6025.060000 nan 5.767698e-35
6027.060000 nan 5.688792e-35
6029.060000 nan 5.766413e-35
6031.060000 nan 5.795611e-35
6033.060000 nan 5.782923e-35
6035.060000 nan 5.733680e-35
6037.060000 nan 5.779869e-35
6039.060000 nan 5.835927e-35
6041.060000 nan 5.658304e-35
6043.060000 nan 5.668862e-35
6045.060000 nan 5.724059e-35
6047.060000 nan 5.662032e-35
6049.060000 nan 5.606768e-35
6051.060000 nan 5.579108e-35
6053.060000 nan 5.609747e-35
6055.060000 nan 5.616962e-35
6057.060000 nan 5.623311e-35
6059.060000 nan 5.635650e-35
6061.060000 nan 5.535823e-35
6063.060000 nan 5.516931e-35
6065.060000 nan 5.612815e-35
6067.060000 nan 5.592370e-35
6069.060000 nan 5.575543e-35
6071.060000 nan 5.562411e-35
6073.060000 nan 5.512257e-35
6075.060000 nan 5.522646e-35
6077.060000 nan 5.596568e-35
6079.060000 nan 5.821426e-35
6081.060000 nan 5.821595e-35
6083.060000 nan 5.686657e-35
6085.060000 nan 5.480271e-35
6087.060000 nan 5.450597e-35
6089.060000 nan 5.473703e-35
6091.060000 nan 5.456253e-35
6093.060000 nan 5.234486e-35
6095.060000 nan 5.128055e-35
6097.060000 nan 5.362759e-35
6099.060000 nan 5.426455e-35
6101.060000 nan 5.417857e-35
6103.060000 nan 5.340853e-35
6105.060000 nan 5.323617e-35
6107.060000 nan 5.375183e-35
6109.060000 nan 5.499574e-35
6111.060000 nan 5.609020e-35
6113.060000 nan 5.614019e-35
6115.060000 nan 5.536026e-35
6117.060000 nan 5.531800e-35
6119.060000 nan 5.625827e-35
6121.060000 nan 5.737551e-35
6123.060000 nan 5.583216e-35
6125.060000 nan 5.486896e-35
6127.060000 nan 5.401085e-35
6129.060000 nan 5.253961e-35
6131.060000 nan 5.202853e-35
6133.060000 nan 5.252969e-35
6135.060000 nan 5.476739e-35
6137.060000 nan 5.442727e-35
6139.060000 nan 5.341042e-35
6141.060000 nan 5.219214e-35
6143.060000 nan 5.289754e-35
6145.060000 nan 5.358560e-35
6147.060000 nan 5.392851e-35
6149.060000 nan 5.325120e-35
6151.060000 nan 5.294139e-35
6153.060000 nan 5.304904e-35
6155.060000 nan 5.312923e-35
6157.060000 nan 5.190260e-35
6159.060000 nan 4.985663e-35
6161.060000 nan 4.949197e-35
6163.060000 nan 4.988084e-35
6165.060000 nan 5.070975e-35
6167.060000 nan 5.157232e-35
6169.060000 nan 5.201258e-35
6171.060000 nan 5.211064e-35
6173.060000 nan 5.168464e-35
6175.060000 nan 5.145110e-35
6177.060000 nan 5.133639e-35
6179.060000 nan 5.136179e-35
6181.060000 nan 5.121238e-35
6183.060000 nan 5.082642e-35
6185.060000 nan 5.010683e-35
6187.060000 nan 4.898743e-35
6189.060000 nan 4.936957e-35
6191.060000 nan 5.163231e-35
6193.060000 nan 5.140582e-35
6195.060000 nan 5.085214e-35
6197.060000 nan 5.003104e-35
6199.060000 nan 4.920358e-35
6201.060000 nan 4.983269e-35
6203.060000 nan 5.121350e-35
6205.060000 nan 5.077087e-35
6207.060000 nan 5.061983e-35
6209.060000 nan 5.069546e-35
6211.060000 nan 5.108670e-35
6213.060000 nan 4.951693e-35
6215.060000 nan 4.796311e-35
6217.060000 nan 4.846523e-35
6219.060000 nan 4.961829e-35
6221.060000 nan 5.062313e-35
6223.060000 nan 5.101069e-35
6225.060000 nan 4.957253e-35
6227.060000 nan 4.858835e-35
6229.060000 nan 4.867193e-35
6231.060000 nan 5.032843e-35
6233.060000 nan 5.150587e-35
6235.060000 nan 5.203261e-35
6237.060000 nan 5.154673e-35
6239.060000 nan 5.104176e-35
6241.060000 nan 5.045454e-35
6243.060000 nan 4.910464e-35
6245.060000 nan 4.841798e-35
6247.060000 nan 4.825254e-35
6249.060000 nan 4.868780e-35
6251.060000 nan 4.947752e-35
6253.060000 nan 5.038259e-35
6255.060000 nan 5.111875e-35
6257.060000 nan 5.031367e-35
6259.060000 nan 4.911083e-35
6261.060000 nan 4.815867e-35
6263.060000 nan 4.804668e-35
6265.060000 nan 4.789935e-35
6267.060000 nan 4.737240e-35
6269.060000 nan 4.592468e-35
6271.060000 nan 4.507718e-35
6273.060000 nan 4.516853e-35
6275.060000 nan 4.534418e-35
6277.060000 nan 4.586262e-35
6279.060000 nan 4.670482e-35
6281.060000 nan 4.710656e-35
6283.060000 nan 4.748719e-35
6285.060000 nan 4.780870e-35
6287.060000 nan 4.776216e-35
6289.060000 nan 4.734900e-35
6291.060000 nan 4.717711e-35
6293.060000 nan 4.911481e-35
6295.060000 nan 5.260483e-35
6297.060000 nan 5.636702e-35
6299.060000 nan 5.901404e-35
6301.060000 nan 5.894678e-35
6303.060000 nan 5.737326e-35
6305.060000 nan 5.418902e-35
6307.060000 nan 5.164746e-35
6309.060000 nan 4.902514e-35
6311.060000 nan 4.609264e-35
6313.060000 nan 4.502577e-35
6315.060000 nan 4.536889e-35
6317.060000 nan 4.720658e-35
6319.060000 nan 4.752934e-35
6321.060000 nan 4.704354e-35
6323.060000 nan 4.596980e-35
6325.060000 nan 4.692876e-35
6327.060000 nan 4.738942e-35
6329.060000 nan 4.761450e-35
6331.060000 nan 4.853279e-35
6333.060000 nan 4.741938e-35
6335.060000 nan 4.549112e-35
6337.060000 nan 4.439735e-35
6339.060000 nan 4.479704e-35
6341.060000 nan 4.547379e-35
6343.060000 nan 4.544379e-35
6345.060000 nan 4.614219e-35
6347.060000 nan 4.671552e-35
6349.060000 nan 4.670354e-35
6351.060000 nan 4.628987e-35
6353.060000 nan 4.603991e-35
6355.060000 nan 4.610811e-35
6357.060000 nan 4.661722e-35
6359.060000 nan 4.779787e-35
6361.060000 nan 4.966619e-35
6363.060000 nan 5.074283e-35
6365.060000 nan 5.010135e-35
6367.060000 nan 4.806195e-35
6369.060000 nan 4.610665e-35
6371.060000 nan 4.520842e-35
6373.060000 nan 4.500768e-35
6375.060000 nan 4.507746e-35
6377.060000 nan 4.513851e-35
6379.060000 nan 4.517809e-35
6381.060000 nan 4.515725e-35
6383.060000 nan 4.497676e-35
6385.060000 nan 4.472231e-35
6387.060000 nan 4.441159e-35
6389.060000 nan 4.384280e-35
6391.060000 nan 4.357309e-35
6393.060000 nan 4.391568e-35
6395.060000 nan 4.371797e-35
6397.060000 nan 4.344651e-35
6399.060000 nan 4.315721e-35
6401.060000 nan 4.274970e-35
6403.060000 nan 4.291918e-35
6405.060000 nan 4.367171e-35
6407.060000 nan 4.475810e-35
6409.060000 nan 4.479959e-35
6411.060000 nan 4.410843e-35
6413.060000 nan 4.373820e-35
6415.060000 nan 4.346666e-35
6417.060000 nan 4.333419e-35
6419.060000 nan 4.358783e-35
6421.060000 nan 4.316303e-35
6423.060000 nan 4.269027e-35
6425.060000 nan 4.288486e-35
6427.060000 nan 4.274251e-35
6429.060000 nan 4.266106e-35
6431.060000 nan 4.290514e-35
6433.060000 nan 4.192133e-35
6435.060000 nan 4.133362e-35
6437.060000 nan 4.169113e-35
6439.060000 nan 4.224192e-35
6441.060000 nan 4.227436e-35
6443.060000 nan 4.167989e-35
6445.060000 nan 4.115528e-35
6447.060000 nan 4.082054e-35
6449.060000 nan 4.063649e-35
6451.060000 nan 4.020249e-35
6453.060000 nan 4.094672e-35
6455.060000 nan 4.228490e-35
6457.060000 nan 4.239586e-35
6459.060000 nan 4.263653e-35
6461.060000 nan 4.298537e-35
6463.060000 nan 4.350598e-35
6465.060000 nan 4.320822e-35
6467.060000 nan 4.293579e-35
6469.060000 nan 4.348819e-35
6471.060000 nan 4.342922e-35
6473.060000 nan 4.286972e-35
6475.060000 nan 4.163219e-35
6477.060000 nan 4.065176e-35
6479.060000 nan 4.049824e-35
6481.060000 nan 4.146094e-35
6483.060000 nan 4.203642e-35
6485.060000 nan 4.185903e-35
6487.060000 nan 4.091698e-35
6489.060000 nan 4.061821e-35
6491.060000 nan 4.127998e-35
6493.060000 nan 4.252204e-35
6495.060000 nan 4.184423e-35
6497.060000 nan 4.260200e-35
6499.060000 nan 4.398298e-35
6501.060000 nan 4.411366e-35
6503.060000 nan 4.280752e-35
6505.060000 nan 4.127023e-35
6507.060000 nan 4.107008e-35
6509.060000 nan 4.103404e-35
6511.060000 nan 4.087364e-35
6513.060000 nan 4.030544e-35
6515.060000 nan 4.063529e-35
6517.060000 nan 4.095962e-35
6519.060000 nan 4.097237e-35
6521.060000 nan 4.088290e-35
6523.060000 nan 4.016803e-35
6525.060000 nan 3.867085e-35
6527.060000 nan 4.005821e-35
6529.060000 nan 4.074770e-35
6531.060000 nan 4.067643e-35
6533.060000 nan 4.019759e-35
6535.060000 nan 4.036666e-35
6537.060000 nan 4.091865e-35
6539.060000 nan 4.080692e-35
6541.060000 nan 4.050646e-35
6543.060000 nan 3.997649e-35
6545.060000 nan 3.888308e-35
6547.060000 nan 3.842633e-35
6549.060000 nan 3.856060e-35
6551.060000 nan 3.969824e-35
6553.060000 nan 4.037855e-35
6555.060000 nan 4.076806e-35
6557.060000 nan 4.080606e-35
6559.060000 nan 4.072042e-35
6561.060000 nan 4.056946e-35
6563.060000 nan 4.034929e-35
6565.060000 nan 3.913029e-35
6567.060000 nan 3.803182e-35
6569.060000 nan 3.715852e-35
6571.060000 nan 3.807633e-35
6573.060000 nan 3.876888e-35
6575.060000 nan 3.920992e-35
6577.060000 nan 3.891070e-35
6579.060000 nan 3.934760e-35
6581.060000 nan 4.005051e-35
6583.060000 nan 3.943513e-35
6585.060000 nan 3.921481e-35
6587.060000 nan 3.923112e-35
6589.060000 nan 3.942201e-35
6591.060000 nan 4.034368e-35
6593.060000 nan 4.092925e-35
6595.060000 nan 4.000740e-35
6597.060000 nan 3.920606e-35
6599.060000 nan 3.884579e-35
6601.060000 nan 3.925383e-35
6603.060000 nan 3.892648e-35
6605.060000 nan 3.860718e-35
6607.060000 nan 3.843094e-35
6609.060000 nan 3.837767e-35
6611.060000 nan 3.777471e-35
6613.060000 nan 3.662923e-35
6615.060000 nan 3.687350e-35
6617.060000 nan 3.758380e-35
6619.060000 nan 3.856227e-35
6621.060000 nan 3.860724e-35
6623.060000 nan 3.821043e-35
6625.060000 nan 3.778704e-35
6627.060000 nan 3.854211e-35
6629.060000 nan 3.848674e-35
6631.060000 nan 3.822115e-35
6633.060000 nan 3.840190e-35
6635.060000 nan 3.829128e-35
6637.060000 nan 3.804014e-35
6639.060000 nan 3.766713e-35
6641.060000 nan 3.787129e-35
6643.060000 nan 3.791016e-35
6645.060000 nan 3.749027e-35
6647.060000 nan 3.732986e-35
6649.060000 nan 3.738470e-35
6651.060000 nan 3.767598e-35
6653.060000 nan 3.761855e-35
6655.060000 nan 3.739224e-35
6657.060000 nan 3.703503e-35
6659.060000 nan 3.708507e-35
6661.060000 nan 3.693922e-35
6663.060000 nan 3.680095e-35
6665.060000 nan 3.773753e-35
6667.060000 nan 3.767127e-35
6669.060000 nan 3.717010e-35
6671.060000 nan 3.706665e-35
6673.060000 nan 3.608268e-35
6675.060000 nan 3.503600e-35
6677.060000 nan 3.476147e-35
6679.060000 nan 3.548819e-35
6681.060000 nan 3.637680e-35
6683.060000 nan 3.706991e-35
6685.060000 nan 3.661939e-35
6687.060000 nan 3.640404e-35
6689.060000 nan 3.680917e-35
6691.060000 nan 3.667134e-35
6693.060000 nan 3.694155e-35
6695.060000 nan 3.770955e-35
6697.060000 nan 3.750168e-35
6699.060000 nan 3.729129e-35
6701.060000 nan 3.706477e-35
6703.060000 nan 3.666588e-35
6705.060000 nan 3.646065e-35
6707.060000 nan 3.634298e-35
6709.060000 nan 3.601157e-35
6711.060000 nan 3.613415e-35
6713.060000 nan 3.630722e-35
6715.060000 nan 3.588457e-35
6717.060000 nan 3.588946e-35
6719.060000 nan 3.595494e-35
6721.060000 nan 3.581492e-35
6723.060000 nan 3.621172e-35
6725.060000 nan 3.649543e-35
6727.060000 nan 3.635958e-35
6729.060000 nan 3.686688e-35
6731.060000 nan 3.696031e-35
6733.060000 nan 3.638628e-35
6735.060000 nan 3.548537e-35
6737.060000 nan 3.504609e-35
6739.060000 nan 3.511213e-35
6741.060000 nan 3.584033e-35
6743.060000 nan 3.595185e-35
6745.060000 nan 3.560548e-35
6747.060000 nan 3.541104e-35
6749.060000 nan 3.537508e-35
6751.060000 nan 3.550280e-35
6753.060000 nan 3.598489e-35
6755.060000 nan 3.586033e-35
6757.060000 nan 3.552418e-35
6759.060000 nan 3.532189e-35
6761.060000 nan 3.521174e-35
6763.060000 nan 3.494439e-35
6765.060000 nan 3.426759e-35
6767.060000 nan 3.439203e-35
6769.060000 nan 3.433610e-35
6771.060000 nan 3.374609e-35
6773.060000 nan 3.357898e-35
6775.060000 nan 3.392841e-35
6777.060000 nan 3.486116e-35
6779.060000 nan 3.582239e-35
6781.060000 nan 3.582110e-35
6783.060000 nan 3.499208e-35
6785.060000 nan 3.521361e-35
6787.060000 nan 3.506522e-35
6789.060000 nan 3.468207e-35
6791.060000 nan 3.445506e-35
6793.060000 nan 3.471184e-35
6795.060000 nan 3.507133e-35
6797.060000 nan 3.482601e-35
6799.060000 nan 3.439007e-35
6801.060000 nan 3.381735e-35
6803.060000 nan 3.306084e-35
6805.060000 nan 3.259911e-35
6807.060000 nan 3.253309e-35
6809.060000 nan 3.310628e-35
6811.060000 nan 3.376676e-35
6813.060000 nan 3.424595e-35
6815.060000 nan 3.443965e-35
6817.060000 nan 3.424420e-35
6819.060000 nan 3.430183e-35
6821.060000 nan 3.467052e-35
6823.060000 nan 3.542278e-35
6825.060000 nan 3.653929e-35
6827.060000 nan 3.791447e-35
6829.060000 nan 3.876706e-35
6831.060000 nan 3.897690e-35
6833.060000 nan 3.864556e-35
6835.060000 nan 3.752761e-35
6837.060000 nan 3.660632e-35
6839.060000 nan 3.585875e-35
6841.060000 nan 3.540647e-35
6843.060000 nan 3.498581e-35
6845.060000 nan 3.466316e-35
6847.060000 nan 3.455538e-35
6849.060000 nan 3.409836e-35
6851.060000 nan 3.387472e-35
6853.060000 nan 3.419766e-35
6855.060000 nan 3.512638e-35
6857.060000 nan 3.614719e-35
6859.060000 nan 3.719586e-35
6861.060000 nan 3.824918e-35
6863.060000 nan 3.905701e-35
6865.060000 nan 3.949259e-35
6867.060000 nan 3.643821e-35
6869.060000 nan 3.387650e-35
6871.060000 nan 3.186571e-35
6873.060000 nan 3.138284e-35
6875.060000 nan 3.112319e-35
6877.060000 nan 3.140832e-35
6879.060000 nan 3.366979e-35
6881.060000 nan 3.435448e-35
6883.060000 nan 3.459144e-35
6885.060000 nan 3.543336e-35
6887.060000 nan 3.673995e-35
6889.060000 nan 3.770125e-35
6891.060000 nan 3.762670e-35
6893.060000 nan 3.740225e-35
6895.060000 nan 3.743262e-35
6897.060000 nan 3.791228e-35
6899.060000 nan 3.722444e-35
6901.060000 nan 3.697794e-35
6903.060000 nan 3.738169e-35
6905.060000 nan 3.714595e-35
6907.060000 nan 3.729295e-35
6909.060000 nan 3.774834e-35
6911.060000 nan 3.751846e-35
6913.060000 nan 3.783279e-35
6915.060000 nan 3.853051e-35
6917.060000 nan 3.931483e-35
6919.060000 nan 3.994993e-35
6921.060000 nan 4.043866e-35
6923.060000 nan 4.064254e-35
6925.060000 nan 4.015934e-35
6927.060000 nan 3.941609e-35
6929.060000 nan 3.863949e-35
6931.060000 nan 3.811040e-35
6933.060000 nan 3.797290e-35
6935.060000 nan 3.847916e-35
6937.060000 nan 3.876615e-35
6939.060000 nan 3.904250e-35
6941.060000 nan 3.934862e-35
6943.060000 nan 4.023930e-35
6945.060000 nan 4.102188e-35
6947.060000 nan 4.164386e-35
6949.060000 nan 4.183003e-35
6951.060000 nan 4.094179e-35
6953.060000 nan 3.921986e-35
6955.060000 nan 3.798663e-35
6957.060000 nan 3.736921e-35
6959.060000 nan 3.722343e-35
6961.060000 nan 3.759128e-35
6963.060000 nan 3.834347e-35
6965.060000 nan 3.904972e-35
6967.060000 nan 3.900294e-35
6969.060000 nan 3.859909e-35
6971.060000 nan 3.817768e-35
6973.060000 nan 3.798375e-35
6975.060000 nan 3.875793e-35
6977.060000 nan 3.976642e-35
6979.060000 nan 4.083759e-35
6981.060000 nan 4.020966e-35
6983.060000 nan 3.923407e-35
6985.060000 nan 3.805211e-35
6987.060000 nan 3.787594e-35
6989.060000 nan 3.758563e-35
6991.060000 nan 3.715966e-35
6993.060000 nan 3.689499e-35
6995.060000 nan 3.665084e-35
6997.060000 nan 3.656077e-35
6999.060000 nan 3.759479e-35
7001.060000 nan 3.796859e-35
7003.060000 nan 3.806328e-35
7005.060000 nan 3.854184e-35
7007.060000 nan 3.893349e-35
7009.060000 nan 3.915577e-35
7011.060000 nan 3.897388e-35
7013.060000 nan 3.867393e-35
7015.060000 nan 3.835898e-35
7017.060000 nan 3.808086e-35
7019.060000 nan 3.723897e-35
7021.060000 nan 3.679938e-35
7023.060000 nan 3.713859e-35
7025.060000 nan 3.774552e-35
7027.060000 nan 3.798897e-35
7029.060000 nan 3.778024e-35
7031.060000 nan 3.872477e-35
7033.060000 nan 3.889933e-35
7035.060000 nan 3.839586e-35
7037.060000 nan 3.803480e-35
7039.060000 nan 3.785472e-35
7041.060000 nan 3.780711e-35
7043.060000 nan 3.783513e-35
7045.060000 nan 3.773975e-35
7047.060000 nan 3.773663e-35
7049.060000 nan 3.832698e-35
7051.060000 nan 3.899146e-35
7053.060000 nan 3.928784e-35
7055.060000 nan 3.854509e-35
7057.060000 nan 3.823415e-35
7059.060000 nan 3.809730e-35
7061.060000 nan 3.809866e-35
7063.060000 nan 3.802445e-35
7065.060000 nan 3.801611e-35
7067.060000 nan 3.811518e-35
7069.060000 nan 3.784100e-35
7071.060000 nan 3.746436e-35
7073.060000 nan 3.700919e-35
7075.060000 nan 3.701465e-35
7077.060000 nan 3.746128e-35
7079.060000 nan 3.825633e-35
7081.060000 nan 3.899736e-35
7083.060000 nan 3.914651e-35
7085.060000 nan 3.884076e-35
7087.060000 nan 3.801127e-35
7089.060000 nan 3.808631e-35
7091.060000 nan 3.840284e-35
7093.060000 nan 3.819889e-35
7095.060000 nan 3.742544e-35
7097.060000 nan 3.663745e-35
7099.060000 nan 3.622377e-35
7101.060000 nan 3.628520e-35
7103.060000 nan 3.639922e-35
7105.060000 nan 3.644290e-35
7107.060000 nan 3.668064e-35
7109.060000 nan 3.675834e-35
7111.060000 nan 3.660645e-35
7113.060000 nan 3.692346e-35
7115.060000 nan 3.732428e-35
7117.060000 nan 3.773834e-35
7119.060000 nan 3.696952e-35
7121.060000 nan 3.633674e-35
7123.060000 nan 3.583488e-35
7125.060000 nan 3.558248e-35
7127.060000 nan 3.534717e-35
7129.060000 nan 3.519461e-35
7131.060000 nan 3.536613e-35
7133.060000 nan 3.542862e-35
7135.060000 nan 3.568742e-35
7137.060000 nan 3.664361e-35
7139.060000 nan 3.637823e-35
7141.060000 nan 3.609500e-35
7143.060000 nan 3.644913e-35
7145.060000 nan 3.660852e-35
7147.060000 nan 3.640484e-35
7149.060000 nan 3.569363e-35
7151.060000 nan 3.555354e-35
7153.060000 nan 3.557649e-35
7155.060000 nan 3.573756e-35
7157.060000 nan 3.608794e-35
7159.060000 nan 3.574767e-35
7161.060000 nan 3.483139e-35
7163.060000 nan 3.423747e-35
7165.060000 nan 3.434724e-35
7167.060000 nan 3.479808e-35
7169.060000 nan 3.452179e-35
7171.060000 nan 3.425692e-35
7173.060000 nan 3.417738e-35
7175.060000 nan 3.477432e-35
7177.060000 nan 3.474162e-35
7179.060000 nan 3.438071e-35
7181.060000 nan 3.373007e-35
7183.060000 nan 3.337166e-35
7185.060000 nan 3.328989e-35
7187.060000 nan 3.359868e-35
7189.060000 nan 3.365683e-35
7191.060000 nan 3.361498e-35
7193.060000 nan 3.348001e-35
7195.060000 nan 3.279267e-35
7197.060000 nan 3.253561e-35
7199.060000 nan 3.275717e-35
7201.060000 nan 3.312206e-35
7203.060000 nan 3.307850e-35
7205.060000 nan 3.272285e-35
7207.060000 nan 3.245154e-35
7209.060000 nan 3.309178e-35
7211.060000 nan 3.407796e-35
7213.060000 nan 3.410572e-35
7215.060000 nan 3.385080e-35
7217.060000 nan 3.373857e-35
7219.060000 nan 3.448517e-35
7221.060000 nan 3.508842e-35
7223.060000 nan 3.545468e-35
7225.060000 nan 3.537847e-35
7227.060000 nan 3.516202e-35
7229.060000 nan 3.520651e-35
7231.060000 nan 3.573043e-35
7233.060000 nan 3.675094e-35
7235.060000 nan 3.876646e-35
7237.060000 nan 4.196170e-35
7239.060000 nan 4.677478e-35
7241.060000 nan 4.998656e-35
7243.060000 nan 5.144826e-35
7245.060000 nan 4.890128e-35
7247.060000 nan 4.530899e-35
7249.060000 nan 4.121523e-35
7251.060000 nan 3.888190e-35
7253.060000 nan 3.753754e-35
7255.060000 nan 3.668820e-35
7257.060000 nan 3.572847e-35
7259.060000 nan 3.517672e-35
7261.060000 nan 3.483502e-35
7263.060000 nan 3.465072e-35
7265.060000 nan 3.447587e-35
7267.060000 nan 3.468695e-35
7269.060000 nan 3.567661e-35
7271.060000 nan 3.945143e-35
7273.060000 nan 4.359565e-35
7275.060000 nan 4.764197e-35
7277.060000 nan 4.835921e-35
7279.060000 nan 4.767957e-35
7281.060000 nan 4.568351e-35
7283.060000 nan 4.325205e-35
7285.060000 nan 4.132415e-35
7287.060000 nan 3.981656e-35
7289.060000 nan 3.820225e-35
7291.060000 nan 3.743218e-35
7293.060000 nan 3.722284e-35
7295.060000 nan 3.713709e-35
7297.060000 nan 3.732681e-35
7299.060000 nan 3.763597e-35
7301.060000 nan 3.790787e-35
7303.060000 nan 3.879193e-35
7305.060000 nan 3.953207e-35
7307.060000 nan 3.939924e-35
7309.060000 nan 3.967771e-35
7311.060000 nan 4.086668e-35
7313.060000 nan 4.354590e-35
7315.060000 nan 4.618804e-35
7317.060000 nan 4.743166e-35
7319.060000 nan 4.678936e-35
7321.060000 nan 4.303500e-35
7323.060000 nan 4.025950e-35
7325.060000 nan 3.872659e-35
7327.060000 nan 4.080494e-35
7329.060000 nan 4.233566e-35
7331.060000 nan 4.337339e-35
7333.060000 nan 4.376895e-35
7335.060000 nan 4.478920e-35
7337.060000 nan 4.653299e-35
7339.060000 nan 5.005629e-35
7341.060000 nan 5.164438e-35
7343.060000 nan 5.113291e-35
7345.060000 nan 4.653714e-35
7347.060000 nan 4.254772e-35
7349.060000 nan 3.977331e-35
7351.060000 nan 3.931145e-35
7353.060000 nan 4.024483e-35
7355.060000 nan 4.174798e-35
7357.060000 nan 4.376318e-35
7359.060000 nan 4.405418e-35
7361.060000 nan 4.374809e-35
7363.060000 nan 4.290798e-35
7365.060000 nan 4.443984e-35
7367.060000 nan 4.671532e-35
7369.060000 nan 4.944913e-35
7371.060000 nan 4.883699e-35
7373.060000 nan 4.620826e-35
7375.060000 nan 4.235458e-35
7377.060000 nan 3.973583e-35
7379.060000 nan 3.827615e-35
7381.060000 nan 3.753058e-35
7383.060000 nan 3.726804e-35
7385.060000 nan 3.785217e-35
7387.060000 nan 3.886352e-35
7389.060000 nan 4.019121e-35
7391.060000 nan 4.068110e-35
7393.060000 nan 4.056809e-35
7395.060000 nan 3.967406e-35
7397.060000 nan 4.021895e-35
7399.060000 nan 4.121765e-35
7401.060000 nan 4.256720e-35
7403.060000 nan 4.247446e-35
7405.060000 nan 4.107827e-35
7407.060000 nan 3.835664e-35
7409.060000 nan 3.696751e-35
7411.060000 nan 3.627065e-35
7413.060000 nan 3.613533e-35
7415.060000 nan 3.581135e-35
7417.060000 nan 3.550599e-35
7419.060000 nan 3.531346e-35
7421.060000 nan 3.569418e-35
7423.060000 nan 3.599955e-35
7425.060000 nan 3.633339e-35
7427.060000 nan 3.689105e-35
7429.060000 nan 3.784597e-35
7431.060000 nan 3.860185e-35
7433.060000 nan 3.855480e-35
7435.060000 nan 3.899993e-35
7437.060000 nan 3.948527e-35
7439.060000 nan 3.985649e-35
7441.060000 nan 3.817122e-35
7443.060000 nan 3.688031e-35
7445.060000 nan 3.643196e-35
7447.060000 nan 3.699647e-35
7449.060000 nan 3.691316e-35
7451.060000 nan 3.615198e-35
7453.060000 nan 3.557528e-35
7455.060000 nan 3.522408e-35
7457.060000 nan 3.516123e-35
7459.060000 nan 3.610611e-35
7461.060000 nan 3.775924e-35
7463.060000 nan 3.940388e-35
7465.060000 nan 3.913039e-35
7467.060000 nan 3.907389e-35
7469.060000 nan 3.931463e-35
7471.060000 nan 4.019829e-35
7473.060000 nan 4.086298e-35
7475.060000 nan 4.120005e-35
7477.060000 nan 4.095898e-35
7479.060000 nan 4.155164e-35
7481.060000 nan 4.187758e-35
7483.060000 nan 4.154246e-35
7485.060000 nan 3.940413e-35
7487.060000 nan 3.790667e-35
7489.060000 nan 3.736467e-35
7491.060000 nan 3.768962e-35
7493.060000 nan 3.797252e-35
7495.060000 nan 3.816541e-35
7497.060000 nan 3.766858e-35
7499.060000 nan 3.738443e-35
7501.060000 nan 3.718193e-35
7503.060000 nan 3.655712e-35
7505.060000 nan 3.600281e-35
7507.060000 nan 3.561120e-35
7509.060000 nan 3.572825e-35
7511.060000 nan 3.619142e-35
7513.060000 nan 3.677757e-35
7515.060000 nan 3.735880e-35
7517.060000 nan 3.835629e-35
7519.060000 nan 3.984685e-35
7521.060000 nan 4.209879e-35
7523.060000 nan 4.424062e-35
7525.060000 nan 4.483455e-35
7527.060000 nan 4.322365e-35
7529.060000 nan 4.058138e-35
7531.060000 nan 3.864331e-35
7533.060000 nan 3.754365e-35
7535.060000 nan 3.713180e-35
7537.060000 nan 3.688313e-35
7539.060000 nan 3.678751e-35
7541.060000 nan 3.690213e-35
7543.060000 nan 3.639996e-35
7545.060000 nan 3.560184e-35
7547.060000 nan 3.525121e-35
7549.060000 nan 3.579331e-35
7551.060000 nan 3.671431e-35
7553.060000 nan 3.755888e-35
7555.060000 nan 3.760292e-35
7557.060000 nan 3.732317e-35
7559.060000 nan 3.687373e-35
7561.060000 nan 3.695824e-35
7563.060000 nan 3.719188e-35
7565.060000 nan 3.749472e-35
7567.060000 nan 3.877012e-35
7569.060000 nan 4.015953e-35
7571.060000 nan 4.155666e-35
7573.060000 nan 4.014261e-35
7575.060000 nan 3.857604e-35
7577.060000 nan 3.698506e-35
7579.060000 nan 3.635048e-35
7581.060000 nan 3.621425e-35
7583.060000 nan 3.639773e-35
7585.060000 nan 3.618750e-35
7587.060000 nan 3.554657e-35
7589.060000 nan 3.428803e-35
7591.060000 nan 3.129593e-35
7593.060000 nan 2.949614e-35
7595.060000 nan 2.820112e-35
7597.060000 nan 2.699460e-35
7599.060000 nan 2.584678e-35
7601.060000 nan 2.466763e-35
7603.060000 nan 2.338776e-35
7605.060000 nan 2.201993e-35
7607.060000 nan 2.111747e-35
7609.060000 nan 2.096624e-35
7611.060000 nan 2.231582e-35
7613.060000 nan 2.402233e-35
7615.060000 nan 2.600501e-35
7617.060000 nan 2.687717e-35
7619.060000 nan 2.737202e-35
7621.060000 nan 2.752249e-35
7623.060000 nan 2.746107e-35
7625.060000 nan 2.780184e-35
7627.060000 nan 2.828627e-35
7629.060000 nan 2.797320e-35
7631.060000 nan 2.735168e-35
7633.060000 nan 2.673389e-35
7635.060000 nan 2.671974e-35
7637.060000 nan 2.633127e-35
7639.060000 nan 2.601477e-35
7641.060000 nan 2.623470e-35
7643.060000 nan 2.747323e-35
7645.060000 nan 2.860604e-35
7647.060000 nan 2.908450e-35
7649.060000 nan 2.994156e-35
7651.060000 nan 3.034129e-35
7653.060000 nan 3.002358e-35
7655.060000 nan 3.105753e-35
7657.060000 nan 3.188910e-35
7659.060000 nan 3.242995e-35
7661.060000 nan 3.295743e-35
7663.060000 nan 3.315111e-35
7665.060000 nan 3.302559e-35
7667.060000 nan 3.237884e-35
7669.060000 nan 3.218286e-35
7671.060000 nan 3.222845e-35
7673.060000 nan 3.212238e-35
7675.060000 nan 3.281238e-35
7677.060000 nan 3.379982e-35
7679.060000 nan 3.461345e-35
7681.060000 nan 3.499823e-35
7683.060000 nan 3.564662e-35
7685.060000 nan 3.721749e-35
7687.060000 nan 3.726526e-35
7689.060000 nan 3.703604e-35
7691.060000 nan 3.684766e-35
7693.060000 nan 3.675606e-35
7695.060000 nan 3.706076e-35
7697.060000 nan 3.785692e-35
7699.060000 nan 3.798219e-35
7701.060000 nan 3.830805e-35
7703.060000 nan 3.891869e-35
7705.060000 nan 4.113230e-35
7707.060000 nan 4.488848e-35
7709.060000 nan 5.011475e-35
7711.060000 nan 5.805791e-35
7713.060000 nan 6.407725e-35
7715.060000 nan 6.785172e-35
7717.060000 nan 6.630013e-35
7719.060000 nan 6.131427e-35
7721.060000 nan 5.525108e-35
7723.060000 nan 4.994229e-35
7725.060000 nan 4.687110e-35
7727.060000 nan 4.502692e-35
7729.060000 nan 4.449573e-35
7731.060000 nan 4.493304e-35
7733.060000 nan 4.504963e-35
7735.060000 nan 4.443351e-35
7737.060000 nan 4.380002e-35
7739.060000 nan 4.352793e-35
7741.060000 nan 4.367315e-35
7743.060000 nan 4.610013e-35
7745.060000 nan 5.070192e-35
7747.060000 nan 5.722139e-35
7749.060000 nan 6.410511e-35
7751.060000 nan 6.619556e-35
7753.060000 nan 6.451114e-35
7755.060000 nan 5.886229e-35
7757.060000 nan 5.523590e-35
7759.060000 nan 5.304193e-35
7761.060000 nan 5.257336e-35
7763.060000 nan 4.964624e-35
7765.060000 nan 4.661097e-35
7767.060000 nan 4.546152e-35
7769.060000 nan 4.508308e-35
7771.060000 nan 4.511613e-35
7773.060000 nan 4.558830e-35
7775.060000 nan 4.543031e-35
7777.060000 nan 4.580443e-35
7779.060000 nan 4.702648e-35
7781.060000 nan 4.677124e-35
7783.060000 nan 4.639087e-35
7785.060000 nan 4.596065e-35
7787.060000 nan 4.583940e-35
7789.060000 nan 4.877988e-35
7791.060000 nan 5.411627e-35
7793.060000 nan 5.936002e-35
7795.060000 nan 5.980615e-35
7797.060000 nan 5.640930e-35
7799.060000 nan 4.782368e-35
7801.060000 nan 4.370320e-35
7803.060000 nan 4.232744e-35
7805.060000 nan 4.365714e-35
7807.060000 nan 4.720347e-35
7809.060000 nan 4.998699e-35
7811.060000 nan 4.952356e-35
7813.060000 nan 4.810648e-35
7815.060000 nan 4.795235e-35
7817.060000 nan 5.020589e-35
7819.060000 nan 5.710229e-35
7821.060000 nan 6.199139e-35
7823.060000 nan 6.380429e-35
7825.060000 nan 5.728755e-35
7827.060000 nan 5.144199e-35
7829.060000 nan 4.647606e-35
7831.060000 nan 4.317178e-35
7833.060000 nan 4.130397e-35
7835.060000 nan 4.072180e-35
7837.060000 nan 4.209480e-35
7839.060000 nan 4.396093e-35
7841.060000 nan 4.591553e-35
7843.060000 nan 4.713995e-35
7845.060000 nan 4.804451e-35
7847.060000 nan 4.988533e-35
7849.060000 nan 5.473620e-35
7851.060000 nan 6.126905e-35
7853.060000 nan 6.595914e-35
7855.060000 nan 6.602732e-35
7857.060000 nan 6.179401e-35
7859.060000 nan 5.744906e-35
7861.060000 nan 5.394364e-35
7863.060000 nan 5.222033e-35
7865.060000 nan 5.094837e-35
7867.060000 nan 5.005881e-35
7869.060000 nan 5.178010e-35
7871.060000 nan 5.187721e-35
7873.060000 nan 5.059642e-35
7875.060000 nan 4.938544e-35
7877.060000 nan 4.929771e-35
7879.060000 nan 4.985510e-35
7881.060000 nan 4.998187e-35
7883.060000 nan 5.046404e-35
7885.060000 nan 5.115969e-35
7887.060000 nan 5.202410e-35
7889.060000 nan 5.306869e-35
7891.060000 nan 5.268795e-35
7893.060000 nan 4.858072e-35
7895.060000 nan 4.532252e-35
7897.060000 nan 4.263099e-35
7899.060000 nan 4.063043e-35
7901.060000 nan 4.026235e-35
7903.060000 nan 4.069099e-35
7905.060000 nan 4.192458e-35
7907.060000 nan 4.680299e-35
7909.060000 nan 5.417366e-35
7911.060000 nan 6.387895e-35
7913.060000 nan 7.186963e-35
7915.060000 nan 7.311368e-35
7917.060000 nan 6.893090e-35
7919.060000 nan 6.265521e-35
7921.060000 nan 5.808528e-35
7923.060000 nan 5.457780e-35
7925.060000 nan 5.147054e-35
7927.060000 nan 5.080406e-35
7929.060000 nan 5.145664e-35
7931.060000 nan 5.305211e-35
7933.060000 nan 5.141561e-35
7935.060000 nan 4.865997e-35
7937.060000 nan 4.550182e-35
7939.060000 nan 4.403538e-35
7941.060000 nan 4.376747e-35
7943.060000 nan 4.494877e-35
7945.060000 nan 4.746080e-35
7947.060000 nan 4.923041e-35
7949.060000 nan 4.994155e-35
7951.060000 nan 4.803678e-35
7953.060000 nan 4.637502e-35
7955.060000 nan 4.511349e-35
7957.060000 nan 4.624304e-35
7959.060000 nan 4.984447e-35
7961.060000 nan 5.546302e-35
7963.060000 nan 6.317716e-35
7965.060000 nan 6.606209e-35
7967.060000 nan 6.484428e-35
7969.060000 nan 5.695953e-35
7971.060000 nan 5.176500e-35
7973.060000 nan 4.907281e-35
7975.060000 nan 5.056128e-35
7977.060000 nan 5.352590e-35
7979.060000 nan 5.514645e-35
7981.060000 nan 5.336634e-35
7983.060000 nan 5.050928e-35
7985.060000 nan 4.903878e-35
7987.060000 nan 4.984175e-35
7989.060000 nan 5.675062e-35
7991.060000 nan 6.385095e-35
7993.060000 nan 7.062266e-35
7995.060000 nan 6.655693e-35
7997.060000 nan 6.001241e-35
7999.060000 nan 5.183337e-35
8001.060000 nan 4.865594e-35
8003.060000 nan 4.691144e-35
8005.060000 nan 4.624598e-35
8007.060000 nan 4.661191e-35
8009.060000 nan 4.758084e-35
8011.060000 nan 4.891593e-35
8013.060000 nan 5.056606e-35
8015.060000 nan 5.126886e-35
8017.060000 nan 5.134118e-35
8019.060000 nan 5.062253e-35
8021.060000 nan 5.310835e-35
8023.060000 nan 5.721337e-35
8025.060000 nan 6.298853e-35
8027.060000 nan 6.328398e-35
8029.060000 nan 5.963158e-35
8031.060000 nan 5.159816e-35
8033.060000 nan 4.634918e-35
8035.060000 nan 4.315345e-35
8037.060000 nan 4.198614e-35
8039.060000 nan 4.291854e-35
8041.060000 nan 4.386815e-35
8043.060000 nan 4.476526e-35
8045.060000 nan 4.510397e-35
8047.060000 nan 4.542416e-35
8049.060000 nan 4.615369e-35
8051.060000 nan 4.886208e-35
8053.060000 nan 4.824056e-35
8055.060000 nan 4.698297e-35
8057.060000 nan 4.795654e-35
8059.060000 nan 5.002842e-35
8061.060000 nan 5.162333e-35
8063.060000 nan 5.150736e-35
8065.060000 nan 4.965793e-35
8067.060000 nan 4.695013e-35
8069.060000 nan 4.335981e-35
8071.060000 nan 4.256810e-35
8073.060000 nan 4.257446e-35
8075.060000 nan 4.324525e-35
8077.060000 nan 4.449430e-35
8079.060000 nan 4.427231e-35
8081.060000 nan 4.277637e-35
8083.060000 nan 4.225593e-35
8085.060000 nan 4.258002e-35
8087.060000 nan 4.345260e-35
8089.060000 nan 4.414888e-35
8091.060000 nan 4.507539e-35
8093.060000 nan 4.593712e-35
8095.060000 nan 4.607573e-35
8097.060000 nan 4.684947e-35
8099.060000 nan 4.746666e-35
8101.060000 nan 4.704149e-35
8103.060000 nan 4.715900e-35
8105.060000 nan 4.714568e-35
8107.060000 nan 4.662319e-35
8109.060000 nan 4.581367e-35
8111.060000 nan 4.565435e-35
8113.060000 nan 4.648970e-35
8115.060000 nan 4.543855e-35
8117.060000 nan 4.481735e-35
8119.060000 nan 4.476793e-35
8121.060000 nan 4.386839e-35
8123.060000 nan 4.359722e-35
8125.060000 nan 4.371206e-35
8127.060000 nan 4.244774e-35
8129.060000 nan 4.282087e-35
8131.060000 nan 4.402684e-35
8133.060000 nan 4.430181e-35
8135.060000 nan 4.396593e-35
8137.060000 nan 4.330014e-35
8139.060000 nan 4.244330e-35
8141.060000 nan 4.206291e-35
8143.060000 nan 4.253256e-35
8145.060000 nan 4.467404e-35
8147.060000 nan 4.443180e-35
8149.060000 nan 4.367519e-35
8151.060000 nan 4.287311e-35
8153.060000 nan 4.223597e-35
8155.060000 nan 4.187951e-35
8157.060000 nan 4.186384e-35
8159.060000 nan 4.107939e-35
8161.060000 nan 4.024882e-35
8163.060000 nan 3.945443e-35
8165.060000 nan 4.005436e-35
8167.060000 nan 4.003774e-35
8169.060000 nan 3.965567e-35
8171.060000 nan 4.000401e-35
8173.060000 nan 4.055963e-35
8175.060000 nan 4.093539e-35
8177.060000 nan 3.997205e-35
8179.060000 nan 3.971342e-35
8181.060000 nan 3.971675e-35
8183.060000 nan 3.966325e-35
8185.060000 nan 4.083314e-35
8187.060000 nan 4.236453e-35
8189.060000 nan 4.395210e-35
8191.060000 nan 4.386660e-35
8193.060000 nan 4.332126e-35
8195.060000 nan 4.250050e-35
8197.060000 nan 4.217599e-35
8199.060000 nan 4.189172e-35
8201.060000 nan 4.160744e-35
8203.060000 nan 4.334617e-35
8205.060000 nan 4.412868e-35
8207.060000 nan 4.405872e-35
8209.060000 nan 4.405353e-35
8211.060000 nan 4.404653e-35
8213.060000 nan 4.415071e-35
8215.060000 nan 4.497508e-35
8217.060000 nan 4.433772e-35
8219.060000 nan 4.289072e-35
8221.060000 nan 4.109599e-35
8223.060000 nan 3.973405e-35
8225.060000 nan 3.944690e-35
8227.060000 nan 4.159233e-35
8229.060000 nan 4.239535e-35
8231.060000 nan 4.259780e-35
8233.060000 nan 4.225786e-35
8235.060000 nan 4.205867e-35
8237.060000 nan 4.276684e-35
8239.060000 nan 4.472702e-35
8241.060000 nan 4.552999e-35
8243.060000 nan 4.582786e-35
8245.060000 nan 4.562985e-35
8247.060000 nan 4.424628e-35
8249.060000 nan 4.412114e-35
8251.060000 nan 4.487198e-35
8253.060000 nan 4.427784e-35
8255.060000 nan 4.399185e-35
8257.060000 nan 4.380252e-35
8259.060000 nan 4.314999e-35
8261.060000 nan 4.288487e-35
8263.060000 nan 4.291317e-35
8265.060000 nan 4.335458e-35
8267.060000 nan 4.446453e-35
8269.060000 nan 4.597891e-35
8271.060000 nan 4.795779e-35
8273.060000 nan 4.866103e-35
8275.060000 nan 5.091611e-35
8277.060000 nan 5.624271e-35
8279.060000 nan 6.099722e-35
8281.060000 nan 6.541301e-35
8283.060000 nan 6.947415e-35
8285.060000 nan 7.244628e-35
8287.060000 nan 7.422012e-35
8289.060000 nan 7.464589e-35
8291.060000 nan 7.032682e-35
8293.060000 nan 6.856878e-35
8295.060000 nan 6.974700e-35
8297.060000 nan 7.924981e-35
8299.060000 nan 8.083043e-35
8301.060000 nan 7.634696e-35
8303.060000 nan 6.394125e-35
8305.060000 nan 5.714640e-35
8307.060000 nan 5.417561e-35
8309.060000 nan 5.600215e-35
8311.060000 nan 5.679977e-35
8313.060000 nan 5.661474e-35
8315.060000 nan 5.495684e-35
8317.060000 nan 5.189925e-35
8319.060000 nan 4.938263e-35
8321.060000 nan 4.804358e-35
8323.060000 nan 4.850799e-35
8325.060000 nan 4.836024e-35
8327.060000 nan 4.735200e-35
8329.060000 nan 4.682328e-35
8331.060000 nan 4.719527e-35
8333.060000 nan 4.838833e-35
8335.060000 nan 5.008886e-35
8337.060000 nan 5.612470e-35
8339.060000 nan 6.692630e-35
8341.060000 nan 8.961594e-35
8343.060000 nan 1.066851e-34
8345.060000 nan 1.164770e-34
8347.060000 nan 1.090726e-34
8349.060000 nan 9.561853e-35
8351.060000 nan 8.275909e-35
8353.060000 nan 7.675323e-35
8355.060000 nan 7.067909e-35
8357.060000 nan 6.531856e-35
8359.060000 nan 6.131204e-35
8361.060000 nan 5.992066e-35
8363.060000 nan 5.972932e-35
8365.060000 nan 6.072590e-35
8367.060000 nan 5.811420e-35
8369.060000 nan 5.510370e-35
8371.060000 nan 5.192629e-35
8373.060000 nan 5.152605e-35
8375.060000 nan 5.288914e-35
8377.060000 nan 5.568874e-35
8379.060000 nan 5.897461e-35
8381.060000 nan 6.190031e-35
8383.060000 nan 6.357390e-35
8385.060000 nan 5.998150e-35
8387.060000 nan 5.716002e-35
8389.060000 nan 5.540021e-35
8391.060000 nan 5.602097e-35
8393.060000 nan 6.176781e-35
8395.060000 nan 7.279102e-35
8397.060000 nan 9.234841e-35
8399.060000 nan 1.021536e-34
8401.060000 nan 1.004395e-34
8403.060000 nan 8.262231e-35
8405.060000 nan 6.800662e-35
8407.060000 nan 5.921700e-35
8409.060000 nan 5.729870e-35
8411.060000 nan 6.250340e-35
8413.060000 nan 6.741003e-35
8415.060000 nan 7.152542e-35
8417.060000 nan 6.854207e-35
8419.060000 nan 6.355199e-35
8421.060000 nan 5.827864e-35
8423.060000 nan 6.136759e-35
8425.060000 nan 7.311480e-35
8427.060000 nan 8.978607e-35
8429.060000 nan 1.080075e-34
8431.060000 nan 1.064408e-34
8433.060000 nan 9.411022e-35
8435.060000 nan 7.250711e-35
8437.060000 nan 6.101755e-35
8439.060000 nan 5.433748e-35
8441.060000 nan 5.212726e-35
8443.060000 nan 5.349240e-35
8445.060000 nan 5.501238e-35
8447.060000 nan 5.592763e-35
8449.060000 nan 6.237541e-35
8451.060000 nan 6.742880e-35
8453.060000 nan 7.043749e-35
8455.060000 nan 6.576665e-35
8457.060000 nan 6.291431e-35
8459.060000 nan 6.240415e-35
8461.060000 nan 7.167556e-35
8463.060000 nan 8.283652e-35
8465.060000 nan 9.262514e-35
8467.060000 nan 8.719821e-35
8469.060000 nan 7.625246e-35
8471.060000 nan 6.413979e-35
8473.060000 nan 5.724895e-35
8475.060000 nan 5.463563e-35
8477.060000 nan 5.280109e-35
8479.060000 nan 4.934320e-35
8481.060000 nan 4.921400e-35
8483.060000 nan 4.963356e-35
8485.060000 nan 4.972260e-35
8487.060000 nan 5.393815e-35
8489.060000 nan 5.764965e-35
8491.060000 nan 5.998918e-35
8493.060000 nan 6.147832e-35
8495.060000 nan 6.171426e-35
8497.060000 nan 6.075216e-35
8499.060000 nan 6.122393e-35
8501.060000 nan 6.558467e-35
8503.060000 nan 7.208280e-35
8505.060000 nan 7.086997e-35
8507.060000 nan 6.645352e-35
8509.060000 nan 6.043659e-35
8511.060000 nan 5.559612e-35
8513.060000 nan 5.386837e-35
8515.060000 nan 5.364361e-35
8517.060000 nan 5.405374e-35
8519.060000 nan 5.384626e-35
8521.060000 nan 5.321032e-35
8523.060000 nan 5.201981e-35
8525.060000 nan 5.064176e-35
8527.060000 nan 5.031386e-35
8529.060000 nan 5.175550e-35
8531.060000 nan 5.267953e-35
8533.060000 nan 5.422380e-35
8535.060000 nan 5.658490e-35
8537.060000 nan 5.850760e-35
8539.060000 nan 5.945769e-35
8541.060000 nan 5.947720e-35
8543.060000 nan 5.882754e-35
8545.060000 nan 5.980958e-35
8547.060000 nan 6.169834e-35
8549.060000 nan 6.199681e-35
8551.060000 nan 6.158140e-35
8553.060000 nan 6.028267e-35
8555.060000 nan 5.685566e-35
8557.060000 nan 5.564873e-35
8559.060000 nan 5.534726e-35
8561.060000 nan 5.527964e-35
8563.060000 nan 5.636661e-35
8565.060000 nan 5.740991e-35
8567.060000 nan 5.779356e-35
8569.060000 nan 5.733251e-35
8571.060000 nan 5.632481e-35
8573.060000 nan 5.469944e-35
8575.060000 nan 5.409278e-35
8577.060000 nan 5.464946e-35
8579.060000 nan 5.641246e-35
8581.060000 nan 5.742006e-35
8583.060000 nan 5.688111e-35
8585.060000 nan 5.531494e-35
8587.060000 nan 5.678423e-35
8589.060000 nan 5.660630e-35
8591.060000 nan 5.557645e-35
8593.060000 nan 5.556243e-35
8595.060000 nan 5.562292e-35
8597.060000 nan 5.538624e-35
8599.060000 nan 5.397445e-35
8601.060000 nan 5.372532e-35
8603.060000 nan 5.391448e-35
8605.060000 nan 5.425302e-35
8607.060000 nan 5.332642e-35
8609.060000 nan 5.324548e-35
8611.060000 nan 5.514499e-35
8613.060000 nan 5.905944e-35
8615.060000 nan 6.268763e-35
8617.060000 nan 6.562302e-35
8619.060000 nan 7.017973e-35
8621.060000 nan 7.682065e-35
8623.060000 nan 8.532594e-35
8625.060000 nan 8.939144e-35
8627.060000 nan 9.113514e-35
8629.060000 nan 9.100414e-35
8631.060000 nan 8.982332e-35
8633.060000 nan 8.849166e-35
8635.060000 nan 8.647007e-35
8637.060000 nan 8.159599e-35
8639.060000 nan 7.556784e-35
8641.060000 nan 7.012915e-35
8643.060000 nan 6.795965e-35
8645.060000 nan 7.043496e-35
8647.060000 nan 7.456494e-35
8649.060000 nan 7.944428e-35
8651.060000 nan 8.670949e-35
8653.060000 nan 9.286310e-35
8655.060000 nan 9.656848e-35
8657.060000 nan 9.413316e-35
8659.060000 nan 9.246933e-35
8661.060000 nan 9.236917e-35
8663.060000 nan 9.036521e-35
8665.060000 nan 8.823884e-35
8667.060000 nan 8.591813e-35
8669.060000 nan 8.201556e-35
8671.060000 nan 7.965009e-35
8673.060000 nan 7.803279e-35
8675.060000 nan 7.442060e-35
8677.060000 nan 7.014665e-35
8679.060000 nan 6.628127e-35
8681.060000 nan 6.538364e-35
8683.060000 nan 6.466914e-35
8685.060000 nan 6.432566e-35
8687.060000 nan 6.480683e-35
8689.060000 nan 6.359190e-35
8691.060000 nan 6.177748e-35
8693.060000 nan 5.959691e-35
8695.060000 nan 5.910714e-35
8697.060000 nan 5.957805e-35
8699.060000 nan 6.108379e-35
8701.060000 nan 6.210569e-35
8703.060000 nan 6.142759e-35
8705.060000 nan 5.899330e-35
8707.060000 nan 6.016912e-35
8709.060000 nan 6.114830e-35
8711.060000 nan 6.184869e-35
8713.060000 nan 6.127999e-35
8715.060000 nan 6.069737e-35
8717.060000 nan 6.020936e-35
8719.060000 nan 6.028371e-35
8721.060000 nan 5.823399e-35
8723.060000 nan 5.559959e-35
8725.060000 nan 5.423830e-35
8727.060000 nan 5.442249e-35
8729.060000 nan 5.502126e-35
8731.060000 nan 5.544444e-35
8733.060000 nan 5.641852e-35
8735.060000 nan 5.778731e-35
8737.060000 nan 5.964651e-35
8739.060000 nan 5.971046e-35
8741.060000 nan 5.862484e-35
8743.060000 nan 5.630521e-35
8745.060000 nan 5.503442e-35
8747.060000 nan 5.443471e-35
8749.060000 nan 5.453204e-35
8751.060000 nan 5.633405e-35
8753.060000 nan 6.053417e-35
8755.060000 nan 6.745070e-35
8757.060000 nan 8.200404e-35
8759.060000 nan 9.521132e-35
8761.060000 nan 1.063899e-34
8763.060000 nan 1.117017e-34
8765.060000 nan 1.134287e-34
8767.060000 nan 1.120758e-34
8769.060000 nan 1.057701e-34
8771.060000 nan 1.001832e-34
8773.060000 nan 1.001611e-34
8775.060000 nan 1.115460e-34
8777.060000 nan 1.194991e-34
8779.060000 nan 1.177532e-34
8781.060000 nan 1.017471e-34
8783.060000 nan 8.291789e-35
8785.060000 nan 7.055931e-35
8787.060000 nan 6.606544e-35
8789.060000 nan 6.968420e-35
8791.060000 nan 7.160264e-35
8793.060000 nan 7.148751e-35
8795.060000 nan 6.432987e-35
8797.060000 nan 5.935043e-35
8799.060000 nan 5.639097e-35
8801.060000 nan 5.706998e-35
8803.060000 nan 5.786019e-35
8805.060000 nan 5.850980e-35
8807.060000 nan 5.840172e-35
8809.060000 nan 5.864042e-35
8811.060000 nan 5.835947e-35
8813.060000 nan 5.638729e-35
8815.060000 nan 5.712097e-35
8817.060000 nan 6.106491e-35
8819.060000 nan 6.989871e-35
8821.060000 nan 9.385944e-35
8823.060000 nan 1.283175e-34
8825.060000 nan 1.746654e-34
8827.060000 nan 1.879852e-34
8829.060000 nan 1.780038e-34
8831.060000 nan 1.453649e-34
8833.060000 nan 1.244421e-34
8835.060000 nan 1.125581e-34
8837.060000 nan 1.070095e-34
8839.060000 nan 9.224008e-35
8841.060000 nan 8.051337e-35
8843.060000 nan 7.213937e-35
8845.060000 nan 7.178254e-35
8847.060000 nan 7.424618e-35
8849.060000 nan 7.604357e-35
8851.060000 nan 7.146664e-35
8853.060000 nan 6.437192e-35
8855.060000 nan 5.818499e-35
8857.060000 nan 5.592096e-35
8859.060000 nan 5.784576e-35
8861.060000 nan 6.221956e-35
8863.060000 nan 6.935390e-35
8865.060000 nan 7.989602e-35
8867.060000 nan 8.642947e-35
8869.060000 nan 8.740571e-35
8871.060000 nan 7.814855e-35
8873.060000 nan 6.995805e-35
8875.060000 nan 6.331939e-35
8877.060000 nan 6.251458e-35
8879.060000 nan 7.134147e-35
8881.060000 nan 8.896660e-35
8883.060000 nan 1.206251e-34
8885.060000 nan 1.400842e-34
8887.060000 nan 1.463268e-34
8889.060000 nan 1.232847e-34
8891.060000 nan 9.796239e-35
8893.060000 nan 7.660144e-35
8895.060000 nan 6.940430e-35
8897.060000 nan 7.279136e-35
8899.060000 nan 8.050234e-35
8901.060000 nan 9.135030e-35
8903.060000 nan 9.567394e-35
8905.060000 nan 9.383973e-35
8907.060000 nan 8.420064e-35
8909.060000 nan 7.471817e-35
8911.060000 nan 7.221099e-35
8913.060000 nan 7.771558e-35
8915.060000 nan 1.079722e-34
8917.060000 nan 1.391962e-34
8919.060000 nan 1.682946e-34
8921.060000 nan 1.579831e-34
8923.060000 nan 1.318983e-34
8925.060000 nan 9.794011e-35
8927.060000 nan 7.887843e-35
8929.060000 nan 6.976767e-35
8931.060000 nan 6.602397e-35
8933.060000 nan 6.444666e-35
8935.060000 nan 6.443346e-35
8937.060000 nan 6.688599e-35
8939.060000 nan 7.430227e-35
8941.060000 nan 8.475983e-35
8943.060000 nan 9.235869e-35
8945.060000 nan 9.336645e-35
8947.060000 nan 8.201050e-35
8949.060000 nan 7.321461e-35
8951.060000 nan 7.017265e-35
8953.060000 nan 8.738317e-35
8955.060000 nan 1.088925e-34
8957.060000 nan 1.332065e-34
8959.060000 nan 1.311471e-34
8961.060000 nan 1.149089e-34
8963.060000 nan 8.871076e-35
8965.060000 nan 7.375846e-35
8967.060000 nan 6.581669e-35
8969.060000 nan 6.222270e-35
8971.060000 nan 5.979509e-35
8973.060000 nan 5.915019e-35
8975.060000 nan 5.951149e-35
8977.060000 nan 6.066114e-35
8979.060000 nan 6.225978e-35
8981.060000 nan 6.390172e-35
8983.060000 nan 6.533670e-35
8985.060000 nan 7.212598e-35
8987.060000 nan 7.742852e-35
8989.060000 nan 7.855339e-35
8991.060000 nan 7.528653e-35
8993.060000 nan 7.275909e-35
8995.060000 nan 7.169556e-35
8997.060000 nan 8.099386e-35
8999.060000 nan 9.102052e-35
9001.060000 nan 1.007359e-34
9003.060000 nan 9.528715e-35
9005.060000 nan 8.557061e-35
9007.060000 nan 7.379319e-35
9009.060000 nan 6.910517e-35
9011.060000 nan 6.580038e-35
9013.060000 nan 6.354044e-35
9015.060000 nan 6.262880e-35
9017.060000 nan 6.230386e-35
9019.060000 nan 6.213581e-35
9021.060000 nan 6.178091e-35
9023.060000 nan 6.225052e-35
9025.060000 nan 6.268198e-35
9027.060000 nan 6.260431e-35
9029.060000 nan 6.307147e-35
9031.060000 nan 6.410240e-35
9033.060000 nan 6.585144e-35
9035.060000 nan 7.023839e-35
9037.060000 nan 7.508229e-35
9039.060000 nan 8.019793e-35
9041.060000 nan 7.799811e-35
9043.060000 nan 7.609710e-35
9045.060000 nan 7.488737e-35
9047.060000 nan 7.906400e-35
9049.060000 nan 8.036757e-35
9051.060000 nan 7.908195e-35
9053.060000 nan 7.336030e-35
9055.060000 nan 6.989890e-35
9057.060000 nan 6.756644e-35
9059.060000 nan 6.547233e-35
9061.060000 nan 6.459223e-35
9063.060000 nan 6.454390e-35
9065.060000 nan 6.556709e-35
9067.060000 nan 6.420213e-35
9069.060000 nan 6.243788e-35
9071.060000 nan 6.090062e-35
9073.060000 nan 5.999699e-35
9075.060000 nan 6.041576e-35
9077.060000 nan 6.251772e-35
9079.060000 nan 6.368434e-35
9081.060000 nan 6.483296e-35
9083.060000 nan 6.600977e-35
9085.060000 nan 6.740684e-35
9087.060000 nan 7.030480e-35
9089.060000 nan 7.385065e-35
9091.060000 nan 7.282761e-35
9093.060000 nan 7.115302e-35
9095.060000 nan 6.930963e-35
9097.060000 nan 6.847055e-35
9099.060000 nan 7.036434e-35
9101.060000 nan 7.331515e-35
9103.060000 nan 7.599196e-35
9105.060000 nan 7.602820e-35
9107.060000 nan 7.534278e-35
9109.060000 nan 7.475744e-35
9111.060000 nan 7.516629e-35
9113.060000 nan 7.513802e-35
9115.060000 nan 7.409901e-35
9117.060000 nan 7.134994e-35
9119.060000 nan 6.800893e-35
9121.060000 nan 6.413859e-35
9123.060000 nan 6.457494e-35
9125.060000 nan 6.586206e-35
9127.060000 nan 6.791190e-35
9129.060000 nan 7.061326e-35
9131.060000 nan 7.246384e-35
9133.060000 nan 7.336115e-35
9135.060000 nan 7.172402e-35
9137.060000 nan 7.180283e-35
9139.060000 nan 7.260483e-35
9141.060000 nan 7.274312e-35
9143.060000 nan 7.070148e-35
9145.060000 nan 6.865689e-35
9147.060000 nan 6.884041e-35
9149.060000 nan 6.995146e-35
9151.060000 nan 7.187874e-35
9153.060000 nan 7.496598e-35
9155.060000 nan 7.683561e-35
9157.060000 nan 7.798523e-35
9159.060000 nan 7.834435e-35
9161.060000 nan 7.862611e-35
9163.060000 nan 7.840659e-35
9165.060000 nan 7.761038e-35
9167.060000 nan 7.403115e-35
9169.060000 nan 6.988647e-35
9171.060000 nan 6.545153e-35
9173.060000 nan 6.310737e-35
9175.060000 nan 6.433245e-35
9177.060000 nan 6.769086e-35
9179.060000 nan 7.047651e-35
9181.060000 nan 7.328814e-35
9183.060000 nan 7.568017e-35
9185.060000 nan 7.654222e-35
9187.060000 nan 7.686334e-35
9189.060000 nan 7.666510e-35
9191.060000 nan 7.562501e-35
9193.060000 nan 7.337471e-35
9195.060000 nan 7.138811e-35
9197.060000 nan 7.032665e-35
9199.060000 nan 7.109667e-35
9201.060000 nan 7.131078e-35
9203.060000 nan 7.050315e-35
9205.060000 nan 7.497912e-35
9207.060000 nan 7.936086e-35
9209.060000 nan 8.340621e-35
9211.060000 nan 8.605886e-35
9213.060000 nan 8.929880e-35
9215.060000 nan 9.245183e-35
9217.060000 nan 9.108780e-35
9219.060000 nan 8.903465e-35
9221.060000 nan 8.706595e-35
9223.060000 nan 8.732278e-35
9225.060000 nan 8.720802e-35
9227.060000 nan 8.657302e-35
9229.060000 nan 8.480257e-35
9231.060000 nan 8.149434e-35
9233.060000 nan 7.923518e-35
9235.060000 nan 8.020058e-35
9237.060000 nan 8.079681e-35
9239.060000 nan 8.005512e-35
9241.060000 nan 7.728030e-35
9243.060000 nan 7.599477e-35
9245.060000 nan 7.607992e-35
9247.060000 nan 7.765175e-35
9249.060000 nan 7.570968e-35
9251.060000 nan 7.611085e-35
9253.060000 nan 7.852667e-35
9255.060000 nan 7.878778e-35
9257.060000 nan 8.003177e-35
9259.060000 nan 8.164706e-35
9261.060000 nan 8.127000e-35
9263.060000 nan 8.126945e-35
9265.060000 nan 8.071885e-35
9267.060000 nan 7.720932e-35
9269.060000 nan 7.451661e-35
9271.060000 nan 7.280263e-35
9273.060000 nan 7.293864e-35
9275.060000 nan 7.210035e-35
9277.060000 nan 7.219926e-35
9279.060000 nan 7.457556e-35
9281.060000 nan 7.790441e-35
9283.060000 nan 8.144589e-35
9285.060000 nan 8.509755e-35
9287.060000 nan 8.836799e-35
9289.060000 nan 9.006081e-35
9291.060000 nan 8.997961e-35
9293.060000 nan 8.405674e-35
9295.060000 nan 8.133692e-35
9297.060000 nan 8.163998e-35
9299.060000 nan 8.627252e-35
9301.060000 nan 9.886548e-35
9303.060000 nan 1.197544e-34
9305.060000 nan 1.592718e-34
9307.060000 nan 1.958887e-34
9309.060000 nan 2.274998e-34
9311.060000 nan 2.463568e-34
9313.060000 nan 2.446434e-34
9315.060000 nan 2.272772e-34
9317.060000 nan 1.880277e-34
9319.060000 nan 1.709521e-34
9321.060000 nan 1.650826e-34
9323.060000 nan 1.708078e-34
9325.060000 nan 1.573889e-34
9327.060000 nan 1.376498e-34
9329.060000 nan 1.124645e-34
9331.060000 nan 1.026672e-34
9333.060000 nan 9.774452e-35
9335.060000 nan 9.728547e-35
9337.060000 nan 1.004727e-34
9339.060000 nan 9.422083e-35
9341.060000 nan 8.145119e-35
9343.060000 nan 7.239558e-35
9345.060000 nan 6.954086e-35
9347.060000 nan 7.025342e-35
9349.060000 nan 7.166931e-35
9351.060000 nan 6.954106e-35
9353.060000 nan 6.616123e-35
9355.060000 nan 6.326477e-35
9357.060000 nan 6.427263e-35
9359.060000 nan 6.737092e-35
9361.060000 nan 7.263904e-35
9363.060000 nan 7.726898e-35
9365.060000 nan 8.292671e-35
9367.060000 nan 9.036128e-35
9369.060000 nan 1.163548e-34
9371.060000 nan 1.621393e-34
9373.060000 nan 2.293903e-34
9375.060000 nan 2.758026e-34
9377.060000 nan 2.767733e-34
9379.060000 nan 2.360698e-34
9381.060000 nan 1.742214e-34
9383.060000 nan 1.324364e-34
9385.060000 nan 1.072531e-34
9387.060000 nan 1.027393e-34
9389.060000 nan 1.019558e-34
9391.060000 nan 1.031516e-34
9393.060000 nan 1.048974e-34
9395.060000 nan 1.081522e-34
9397.060000 nan 1.132883e-34
9399.060000 nan 1.219868e-34
9401.060000 nan 1.270757e-34
9403.060000 nan 1.275035e-34
9405.060000 nan 1.206897e-34
9407.060000 nan 1.109627e-34
9409.060000 nan 1.046393e-34
9411.060000 nan 1.036738e-34
9413.060000 nan 1.124727e-34
9415.060000 nan 1.281036e-34
9417.060000 nan 1.503777e-34
9419.060000 nan 1.694355e-34
9421.060000 nan 1.727708e-34
9423.060000 nan 1.619613e-34
9425.060000 nan 1.355979e-34
9427.060000 nan 1.178066e-34
9429.060000 nan 1.077863e-34
9431.060000 nan 1.115618e-34
9433.060000 nan 1.302783e-34
9435.060000 nan 1.631942e-34
9437.060000 nan 2.216956e-34
9439.060000 nan 2.568748e-34
9441.060000 nan 2.661044e-34
9443.060000 nan 2.315018e-34
9445.060000 nan 1.883994e-34
9447.060000 nan 1.553163e-34
9449.060000 nan 1.421532e-34
9451.060000 nan 1.413301e-34
9453.060000 nan 1.481259e-34
9455.060000 nan 1.629698e-34
9457.060000 nan 1.753385e-34
9459.060000 nan 1.749681e-34
9461.060000 nan 1.621825e-34
9463.060000 nan 1.443731e-34
9465.060000 nan 1.283222e-34
9467.060000 nan 1.162060e-34
9469.060000 nan 1.245691e-34
9471.060000 nan 1.510566e-34
9473.060000 nan 1.903635e-34
9475.060000 nan 2.431513e-34
9477.060000 nan 2.584091e-34
9479.060000 nan 2.444607e-34
9481.060000 nan 1.878245e-34
9483.060000 nan 1.478277e-34
9485.060000 nan 1.213833e-34
9487.060000 nan 1.138994e-34
9489.060000 nan 1.186683e-34
9491.060000 nan 1.238669e-34
9493.060000 nan 1.266686e-34
9495.060000 nan 1.369776e-34
9497.060000 nan 1.527458e-34
9499.060000 nan 1.741450e-34
9501.060000 nan 1.953877e-34
9503.060000 nan 2.061096e-34
9505.060000 nan 2.057518e-34
9507.060000 nan 1.796802e-34
9509.060000 nan 1.528365e-34
9511.060000 nan 1.298207e-34
9513.060000 nan 1.334156e-34
9515.060000 nan 1.481959e-34
9517.060000 nan 1.679790e-34
9519.060000 nan 1.863212e-34
9521.060000 nan 1.841780e-34
9523.060000 nan 1.735323e-34
9525.060000 nan 1.590533e-34
9527.060000 nan 1.514161e-34
9529.060000 nan 1.449510e-34
9531.060000 nan 1.377788e-34
9533.060000 nan 1.371265e-34
9535.060000 nan 1.369243e-34
9537.060000 nan 1.361738e-34
9539.060000 nan 1.348362e-34
9541.060000 nan 1.333414e-34
9543.060000 nan 1.318918e-34
9545.060000 nan 1.374674e-34
9547.060000 nan 1.465155e-34
9549.060000 nan 1.591563e-34
9551.060000 nan 1.800312e-34
9553.060000 nan 1.919186e-34
9555.060000 nan 1.941014e-34
9557.060000 nan 1.738843e-34
9559.060000 nan 1.604209e-34
9561.060000 nan 1.568066e-34
9563.060000 nan 1.758318e-34
9565.060000 nan 2.031462e-34
9567.060000 nan 2.259473e-34
9569.060000 nan 2.328219e-34
9571.060000 nan 2.140631e-34
9573.060000 nan 1.914713e-34
9575.060000 nan 1.706287e-34
9577.060000 nan 1.649333e-34
9579.060000 nan 1.634587e-34
9581.060000 nan 1.653797e-34
9583.060000 nan 1.667228e-34
9585.060000 nan 1.632757e-34
9587.060000 nan 1.556287e-34
9589.060000 nan 1.536795e-34
9591.060000 nan 1.549335e-34
9593.060000 nan 1.579101e-34
9595.060000 nan 1.568539e-34
9597.060000 nan 1.568922e-34
9599.060000 nan 1.598501e-34
9601.060000 nan 1.727971e-34
9603.060000 nan 1.860972e-34
9605.060000 nan 1.992322e-34
9607.060000 nan 2.115160e-34
9609.060000 nan 2.136711e-34
9611.060000 nan 2.100264e-34
9613.060000 nan 1.999094e-34
9615.060000 nan 1.951131e-34
9617.060000 nan 1.953765e-34
9619.060000 nan 2.019837e-34
9621.060000 nan 2.143823e-34
9623.060000 nan 2.164926e-34
9625.060000 nan 2.065248e-34
9627.060000 nan 1.921055e-34
9629.060000 nan 1.856297e-34
9631.060000 nan 1.861922e-34
9633.060000 nan 1.901015e-34
9635.060000 nan 1.882673e-34
9637.060000 nan 1.829281e-34
9639.060000 nan 1.785746e-34
9641.060000 nan 1.697221e-34
9643.060000 nan 1.627416e-34
9645.060000 nan 1.703262e-34
9647.060000 nan 1.769674e-34
9649.060000 nan 1.833237e-34
9651.060000 nan 1.897539e-34
9653.060000 nan 1.918105e-34
9655.060000 nan 1.926407e-34
9657.060000 nan 1.929870e-34
9659.060000 nan 1.910595e-34
9661.060000 nan 1.894700e-34
9663.060000 nan 1.887181e-34
9665.060000 nan 1.972244e-34
9667.060000 nan 2.059514e-34
9669.060000 nan 2.142922e-34
9671.060000 nan 2.155829e-34
9673.060000 nan 2.156454e-34
9675.060000 nan 2.156271e-34
9677.060000 nan 2.233914e-34
9679.060000 nan 2.369875e-34
9681.060000 nan 2.520812e-34
9683.060000 nan 2.581204e-34
9685.060000 nan 2.493085e-34
9687.060000 nan 2.360598e-34
9689.060000 nan 2.284399e-34
9691.060000 nan 2.294529e-34
9693.060000 nan 2.350713e-34
