#OBJECT = ATLAS18tvc
#MJD-OBS = 58348.423391
#DATE-OBS = 2018-08-18T10:09:41
#EXPTIME = 1820.000000
#AIRMASS = 1.268000
#TELESCOPE = UH88
#INSTRUMENT = SNIFS
#WL FL ERR
#[Ang] [erg/s/cm2/A] [erg/s/cm2/A]
3307.060000 nan 4.354331e-33
3309.060000 nan 4.149608e-33
3311.060000 nan 3.999858e-33
3313.060000 nan 3.926105e-33
3315.060000 nan 3.776461e-33
3317.060000 nan 3.725394e-33
3319.060000 nan 3.767790e-33
3321.060000 nan 3.879701e-33
3323.060000 nan 3.915790e-33
3325.060000 nan 3.698056e-33
3327.060000 nan 3.615773e-33
3329.060000 nan 3.775318e-33
3331.060000 nan 3.650282e-33
3333.060000 nan 3.452176e-33
3335.060000 nan 3.387051e-33
3337.060000 nan 3.459557e-33
3339.060000 nan 3.306694e-33
3341.060000 nan 3.224419e-33
3343.060000 nan 3.179963e-33
3345.060000 nan 3.142344e-33
3347.060000 nan 3.080937e-33
3349.060000 nan 2.981176e-33
3351.060000 nan 2.860978e-33
3353.060000 nan 2.778595e-33
3355.060000 nan 2.738148e-33
3357.060000 nan 2.666097e-33
3359.060000 nan 2.585870e-33
3361.060000 nan 2.545301e-33
3363.060000 nan 2.562233e-33
3365.060000 nan 2.560564e-33
3367.060000 nan 2.515783e-33
3369.060000 nan 2.586955e-33
3371.060000 nan 2.641073e-33
3373.060000 nan 2.602309e-33
3375.060000 nan 2.524258e-33
3377.060000 nan 2.414960e-33
3379.060000 nan 2.374121e-33
3381.060000 nan 2.356939e-33
3383.060000 nan 2.300482e-33
3385.060000 nan 2.216527e-33
3387.060000 nan 2.161408e-33
3389.060000 nan 2.145204e-33
3391.060000 nan 2.135649e-33
3393.060000 nan 2.115366e-33
3395.060000 nan 2.148716e-33
3397.060000 nan 2.182853e-33
3399.060000 nan 2.154255e-33
3401.060000 nan 2.106689e-33
3403.060000 nan 2.013674e-33
3405.060000 nan 1.941742e-33
3407.060000 nan 1.921098e-33
3409.060000 nan 1.904725e-33
3411.060000 nan 1.858068e-33
3413.060000 nan 1.803650e-33
3415.060000 nan 1.767443e-33
3417.060000 nan 1.743613e-33
3419.060000 nan 1.738503e-33
3421.060000 nan 1.738342e-33
3423.060000 nan 1.720120e-33
3425.060000 nan 1.669114e-33
3427.060000 nan 1.628358e-33
3429.060000 nan 1.600524e-33
3431.060000 nan 1.598997e-33
3433.060000 nan 1.579412e-33
3435.060000 nan 1.535233e-33
3437.060000 nan 1.489839e-33
3439.060000 nan 1.460527e-33
3441.060000 nan 1.425377e-33
3443.060000 nan 1.413812e-33
3445.060000 nan 1.393009e-33
3447.060000 nan 1.384248e-33
3449.060000 nan 1.405515e-33
3451.060000 nan 1.418210e-33
3453.060000 nan 1.406715e-33
3455.060000 nan 1.362578e-33
3457.060000 nan 1.346201e-33
3459.060000 nan 1.332835e-33
3461.060000 nan 1.302871e-33
3463.060000 nan 1.277265e-33
3465.060000 nan 1.259965e-33
3467.060000 nan 1.243972e-33
3469.060000 nan 1.223381e-33
3471.060000 nan 1.202985e-33
3473.060000 nan 1.190413e-33
3475.060000 nan 1.195388e-33
3477.060000 nan 1.237065e-33
3479.060000 nan 1.224568e-33
3481.060000 nan 1.199102e-33
3483.060000 nan 1.184183e-33
3485.060000 nan 1.169291e-33
3487.060000 nan 1.140443e-33
3489.060000 nan 1.131397e-33
3491.060000 nan 1.112174e-33
3493.060000 nan 1.106462e-33
3495.060000 nan 1.095752e-33
3497.060000 nan 1.069201e-33
3499.060000 nan 1.037262e-33
3501.060000 nan 1.034437e-33
3503.060000 nan 1.001534e-33
3505.060000 nan 1.011511e-33
3507.060000 nan 1.010606e-33
3509.060000 nan 9.972071e-34
3511.060000 nan 9.865731e-34
3513.060000 nan 9.900527e-34
3515.060000 nan 9.767508e-34
3517.060000 nan 9.720676e-34
3519.060000 nan 9.460604e-34
3521.060000 nan 9.402774e-34
3523.060000 nan 9.571806e-34
3525.060000 nan 9.612341e-34
3527.060000 nan 9.410168e-34
3529.060000 nan 9.524601e-34
3531.060000 nan 9.505811e-34
3533.060000 nan 9.308872e-34
3535.060000 nan 9.070755e-34
3537.060000 nan 8.990071e-34
3539.060000 nan 9.180532e-34
3541.060000 nan 9.243082e-34
3543.060000 nan 9.113031e-34
3545.060000 nan 9.076676e-34
3547.060000 nan 9.102719e-34
3549.060000 nan 9.051948e-34
3551.060000 nan 8.870308e-34
3553.060000 nan 9.011788e-34
3555.060000 nan 8.967000e-34
3557.060000 nan 8.809063e-34
3559.060000 nan 8.640223e-34
3561.060000 nan 8.513975e-34
3563.060000 nan 8.409734e-34
3565.060000 nan 8.278629e-34
3567.060000 nan 8.120534e-34
3569.060000 nan 8.037547e-34
3571.060000 nan 7.975294e-34
3573.060000 nan 7.892361e-34
3575.060000 nan 7.783532e-34
3577.060000 nan 7.662636e-34
3579.060000 nan 7.479427e-34
3581.060000 nan 7.454915e-34
3583.060000 nan 7.426588e-34
3585.060000 nan 7.352811e-34
3587.060000 nan 7.286624e-34
3589.060000 nan 7.297522e-34
3591.060000 nan 7.102683e-34
3593.060000 nan 7.023336e-34
3595.060000 nan 7.043402e-34
3597.060000 nan 6.903617e-34
3599.060000 nan 6.603468e-34
3601.060000 nan 6.603134e-34
3603.060000 nan 6.673245e-34
3605.060000 nan 6.621958e-34
3607.060000 nan 6.522901e-34
3609.060000 nan 6.542114e-34
3611.060000 nan 6.648975e-34
3613.060000 nan 6.629414e-34
3615.060000 nan 6.530287e-34
3617.060000 nan 6.409952e-34
3619.060000 nan 6.482262e-34
3621.060000 nan 6.522543e-34
3623.060000 nan 6.454997e-34
3625.060000 nan 6.364625e-34
3627.060000 nan 6.342244e-34
3629.060000 nan 6.904698e-34
3631.060000 nan 6.967192e-34
3633.060000 nan 6.824730e-34
3635.060000 nan 6.670175e-34
3637.060000 nan 6.556269e-34
3639.060000 nan 6.435403e-34
3641.060000 nan 6.442268e-34
3643.060000 nan 6.393258e-34
3645.060000 nan 6.287941e-34
3647.060000 nan 6.223247e-34
3649.060000 nan 6.209497e-34
3651.060000 nan 6.105583e-34
3653.060000 nan 5.921106e-34
3655.060000 nan 5.823375e-34
3657.060000 nan 5.781987e-34
3659.060000 nan 5.759217e-34
3661.060000 nan 5.759573e-34
3663.060000 nan 5.791782e-34
3665.060000 nan 5.657530e-34
3667.060000 nan 5.580841e-34
3669.060000 nan 5.542230e-34
3671.060000 nan 5.476018e-34
3673.060000 nan 5.347312e-34
3675.060000 nan 5.173510e-34
3677.060000 nan 5.041758e-34
3679.060000 nan 5.010534e-34
3681.060000 nan 5.001952e-34
3683.060000 nan 4.973156e-34
3685.060000 nan 4.908161e-34
3687.060000 nan 4.843977e-34
3689.060000 nan 4.880476e-34
3691.060000 nan 4.932904e-34
3693.060000 nan 4.932047e-34
3695.060000 nan 4.877394e-34
3697.060000 nan 4.843627e-34
3699.060000 nan 4.855146e-34
3701.060000 nan 4.841274e-34
3703.060000 nan 4.747558e-34
3705.060000 nan 4.676488e-34
3707.060000 nan 4.668047e-34
3709.060000 nan 4.668515e-34
3711.060000 nan 4.677179e-34
3713.060000 nan 4.716254e-34
3715.060000 nan 4.613648e-34
3717.060000 nan 4.585798e-34
3719.060000 nan 4.614948e-34
3721.060000 nan 4.612483e-34
3723.060000 nan 4.564022e-34
3725.060000 nan 4.513899e-34
3727.060000 nan 4.514192e-34
3729.060000 nan 4.418238e-34
3731.060000 nan 4.471191e-34
3733.060000 nan 4.526522e-34
3735.060000 nan 4.566613e-34
3737.060000 nan 4.630918e-34
3739.060000 nan 4.731769e-34
3741.060000 nan 4.562901e-34
3743.060000 nan 4.403489e-34
3745.060000 nan 4.383561e-34
3747.060000 nan 4.365052e-34
3749.060000 nan 4.271993e-34
3751.060000 nan 4.198659e-34
3753.060000 nan 4.223141e-34
3755.060000 nan 4.261766e-34
3757.060000 nan 4.235796e-34
3759.060000 nan 4.171470e-34
3761.060000 nan 4.127710e-34
3763.060000 nan 4.135846e-34
3765.060000 nan 4.075839e-34
3767.060000 nan 4.044356e-34
3769.060000 nan 4.073800e-34
3771.060000 nan 4.054731e-34
3773.060000 nan 3.960729e-34
3775.060000 nan 3.863867e-34
3777.060000 nan 3.923003e-34
3779.060000 nan 3.952383e-34
3781.060000 nan 3.913519e-34
3783.060000 nan 3.859724e-34
3785.060000 nan 3.801539e-34
3787.060000 nan 3.750106e-34
3789.060000 nan 3.739586e-34
3791.060000 nan 3.697486e-34
3793.060000 nan 3.619518e-34
3795.060000 nan 3.535182e-34
3797.060000 nan 3.527219e-34
3799.060000 nan 3.590936e-34
3801.060000 nan 3.613171e-34
3803.060000 nan 3.511957e-34
3805.060000 nan 3.455163e-34
3807.060000 nan 3.461325e-34
3809.060000 nan 3.453951e-34
3811.060000 nan 3.415088e-34
3813.060000 nan 3.381119e-34
3815.060000 nan 3.367081e-34
3817.060000 nan 3.416130e-34
3819.060000 nan 3.454856e-34
3821.060000 nan 3.461239e-34
3823.060000 nan 3.440712e-34
3825.060000 nan 3.432452e-34
3827.060000 nan 3.511828e-34
3829.060000 nan 3.513899e-34
3831.060000 nan 3.540919e-34
3833.060000 nan 3.593490e-34
3835.060000 nan 3.609670e-34
3837.060000 nan 3.572461e-34
3839.060000 nan 3.562686e-34
3841.060000 nan 3.609858e-34
3843.060000 nan 3.555258e-34
3845.060000 nan 3.504102e-34
3847.060000 nan 3.479174e-34
3849.060000 nan 3.435798e-34
3851.060000 nan 3.322288e-34
3853.060000 nan 3.332483e-34
3855.060000 nan 3.353056e-34
3857.060000 nan 3.349873e-34
3859.060000 nan 3.320618e-34
3861.060000 nan 3.276840e-34
3863.060000 nan 3.229632e-34
3865.060000 nan 3.165222e-34
3867.060000 nan 3.154686e-34
3869.060000 nan 3.087466e-34
3871.060000 nan 3.025452e-34
3873.060000 nan 2.981121e-34
3875.060000 nan 2.942509e-34
3877.060000 nan 2.911983e-34
3879.060000 nan 2.949469e-34
3881.060000 nan 2.972121e-34
3883.060000 nan 2.975422e-34
3885.060000 nan 2.981322e-34
3887.060000 nan 2.986354e-34
3889.060000 nan 2.951156e-34
3891.060000 nan 2.958562e-34
3893.060000 nan 2.967787e-34
3895.060000 nan 2.943665e-34
3897.060000 nan 2.884620e-34
3899.060000 nan 2.816823e-34
3901.060000 nan 2.782133e-34
3903.060000 nan 2.809458e-34
3905.060000 nan 2.827908e-34
3907.060000 nan 2.861943e-34
3909.060000 nan 2.869709e-34
3911.060000 nan 2.854873e-34
3913.060000 nan 2.844397e-34
3915.060000 nan 2.824262e-34
3917.060000 nan 2.817678e-34
3919.060000 nan 2.835007e-34
3921.060000 nan 2.801331e-34
3923.060000 nan 2.741901e-34
3925.060000 nan 2.699021e-34
3927.060000 nan 2.655212e-34
3929.060000 nan 2.735991e-34
3931.060000 nan 2.794445e-34
3933.060000 nan 2.804159e-34
3935.060000 nan 2.826220e-34
3937.060000 nan 2.868987e-34
3939.060000 nan 2.853568e-34
3941.060000 nan 2.850239e-34
3943.060000 nan 2.820805e-34
3945.060000 nan 2.817627e-34
3947.060000 nan 2.847552e-34
3949.060000 nan 2.885151e-34
3951.060000 nan 2.896212e-34
3953.060000 nan 2.900216e-34
3955.060000 nan 2.883081e-34
3957.060000 nan 2.918008e-34
3959.060000 nan 2.983321e-34
3961.060000 nan 3.018469e-34
3963.060000 nan 2.986881e-34
3965.060000 nan 2.961958e-34
3967.060000 nan 3.005346e-34
3969.060000 nan 3.018195e-34
3971.060000 nan 3.038488e-34
3973.060000 nan 3.077389e-34
3975.060000 nan 3.131932e-34
3977.060000 nan 3.193316e-34
3979.060000 nan 3.144918e-34
3981.060000 nan 3.028367e-34
3983.060000 nan 3.020740e-34
3985.060000 nan 3.050447e-34
3987.060000 nan 3.029739e-34
3989.060000 nan 2.951980e-34
3991.060000 nan 2.876068e-34
3993.060000 nan 2.841609e-34
3995.060000 nan 2.810489e-34
3997.060000 nan 2.767622e-34
3999.060000 nan 2.714185e-34
4001.060000 nan 2.661152e-34
4003.060000 nan 2.613159e-34
4005.060000 nan 2.591754e-34
4007.060000 nan 2.582157e-34
4009.060000 nan 2.564108e-34
4011.060000 nan 2.526346e-34
4013.060000 nan 2.470235e-34
4015.060000 nan 2.411403e-34
4017.060000 nan 2.380099e-34
4019.060000 nan 2.359794e-34
4021.060000 nan 2.334844e-34
4023.060000 nan 2.319142e-34
4025.060000 nan 2.330116e-34
4027.060000 nan 2.368111e-34
4029.060000 nan 2.405149e-34
4031.060000 nan 2.407604e-34
4033.060000 nan 2.375362e-34
4035.060000 nan 2.341487e-34
4037.060000 nan 2.318358e-34
4039.060000 nan 2.291407e-34
4041.060000 nan 2.296014e-34
4043.060000 nan 2.328082e-34
4045.060000 nan 2.313603e-34
4047.060000 nan 2.280838e-34
4049.060000 nan 2.254294e-34
4051.060000 nan 2.240690e-34
4053.060000 nan 2.240494e-34
4055.060000 nan 2.198499e-34
4057.060000 nan 2.202365e-34
4059.060000 nan 2.243127e-34
4061.060000 nan 2.305452e-34
4063.060000 nan 2.370945e-34
4065.060000 nan 2.416270e-34
4067.060000 nan 2.396290e-34
4069.060000 nan 2.463094e-34
4071.060000 nan 2.506857e-34
4073.060000 nan 2.512096e-34
4075.060000 nan 2.492326e-34
4077.060000 nan 2.455519e-34
4079.060000 nan 2.501634e-34
4081.060000 nan 2.581815e-34
4083.060000 nan 2.601329e-34
4085.060000 nan 2.583945e-34
4087.060000 nan 2.560419e-34
4089.060000 nan 2.535588e-34
4091.060000 nan 2.499162e-34
4093.060000 nan 2.497250e-34
4095.060000 nan 2.473419e-34
4097.060000 nan 2.445222e-34
4099.060000 nan 2.431232e-34
4101.060000 nan 2.437337e-34
4103.060000 nan 2.450705e-34
4105.060000 nan 2.429603e-34
4107.060000 nan 2.409663e-34
4109.060000 nan 2.386679e-34
4111.060000 nan 2.337805e-34
4113.060000 nan 2.267887e-34
4115.060000 nan 2.250611e-34
4117.060000 nan 2.239033e-34
4119.060000 nan 2.236129e-34
4121.060000 nan 2.241856e-34
4123.060000 nan 2.243497e-34
4125.060000 nan 2.220424e-34
4127.060000 nan 2.156180e-34
4129.060000 nan 2.112399e-34
4131.060000 nan 2.067956e-34
4133.060000 nan 2.022384e-34
4135.060000 nan 1.989876e-34
4137.060000 nan 1.984894e-34
4139.060000 nan 2.010789e-34
4141.060000 nan 2.034654e-34
4143.060000 nan 2.021343e-34
4145.060000 nan 1.988119e-34
4147.060000 nan 1.959657e-34
4149.060000 nan 1.944568e-34
4151.060000 nan 1.939737e-34
4153.060000 nan 1.945419e-34
4155.060000 nan 1.919883e-34
4157.060000 nan 1.903470e-34
4159.060000 nan 1.865796e-34
4161.060000 nan 1.857491e-34
4163.060000 nan 1.908520e-34
4165.060000 nan 1.936376e-34
4167.060000 nan 1.881689e-34
4169.060000 nan 1.862015e-34
4171.060000 nan 1.867275e-34
4173.060000 nan 1.860531e-34
4175.060000 nan 1.831209e-34
4177.060000 nan 1.816700e-34
4179.060000 nan 1.877414e-34
4181.060000 nan 1.904277e-34
4183.060000 nan 1.871739e-34
4185.060000 nan 1.827837e-34
4187.060000 nan 1.804500e-34
4189.060000 nan 1.801369e-34
4191.060000 nan 1.809096e-34
4193.060000 nan 1.792925e-34
4195.060000 nan 1.812128e-34
4197.060000 nan 1.813868e-34
4199.060000 nan 1.806376e-34
4201.060000 nan 1.824545e-34
4203.060000 nan 1.849823e-34
4205.060000 nan 1.815801e-34
4207.060000 nan 1.778647e-34
4209.060000 nan 1.746689e-34
4211.060000 nan 1.731640e-34
4213.060000 nan 1.745017e-34
4215.060000 nan 1.790664e-34
4217.060000 nan 1.789446e-34
4219.060000 nan 1.794692e-34
4221.060000 nan 1.785468e-34
4223.060000 nan 1.785259e-34
4225.060000 nan 1.803950e-34
4227.060000 nan 1.820666e-34
4229.060000 nan 1.826156e-34
4231.060000 nan 1.796279e-34
4233.060000 nan 1.796205e-34
4235.060000 nan 1.795591e-34
4237.060000 nan 1.783378e-34
4239.060000 nan 1.777515e-34
4241.060000 nan 1.790496e-34
4243.060000 nan 1.770496e-34
4245.060000 nan 1.737041e-34
4247.060000 nan 1.717989e-34
4249.060000 nan 1.707813e-34
4251.060000 nan 1.700655e-34
4253.060000 nan 1.739627e-34
4255.060000 nan 1.768886e-34
4257.060000 nan 1.744489e-34
4259.060000 nan 1.738217e-34
4261.060000 nan 1.721969e-34
4263.060000 nan 1.677082e-34
4265.060000 nan 1.664042e-34
4267.060000 nan 1.682437e-34
4269.060000 nan 1.707408e-34
4271.060000 nan 1.698697e-34
4273.060000 nan 1.692283e-34
4275.060000 nan 1.703263e-34
4277.060000 nan 1.704451e-34
4279.060000 nan 1.697700e-34
4281.060000 nan 1.697081e-34
4283.060000 nan 1.665294e-34
4285.060000 nan 1.644289e-34
4287.060000 nan 1.644688e-34
4289.060000 nan 1.648848e-34
4291.060000 nan 1.664567e-34
4293.060000 nan 1.662494e-34
4295.060000 nan 1.650394e-34
4297.060000 nan 1.651350e-34
4299.060000 nan 1.661003e-34
4301.060000 nan 1.661800e-34
4303.060000 nan 1.645474e-34
4305.060000 nan 1.727630e-34
4307.060000 nan 1.745620e-34
4309.060000 nan 1.745844e-34
4311.060000 nan 1.735382e-34
4313.060000 nan 1.722603e-34
4315.060000 nan 1.734911e-34
4317.060000 nan 1.739328e-34
4319.060000 nan 1.685507e-34
4321.060000 nan 1.627210e-34
4323.060000 nan 1.604555e-34
4325.060000 nan 1.619186e-34
4327.060000 nan 1.637548e-34
4329.060000 nan 1.643430e-34
4331.060000 nan 1.658497e-34
4333.060000 nan 1.667692e-34
4335.060000 nan 1.670805e-34
4337.060000 nan 1.669190e-34
4339.060000 nan 1.671804e-34
4341.060000 nan 1.712687e-34
4343.060000 nan 1.726607e-34
4345.060000 nan 1.744147e-34
4347.060000 nan 1.765125e-34
4349.060000 nan 1.769820e-34
4351.060000 nan 1.750548e-34
4353.060000 nan 1.742423e-34
4355.060000 nan 1.777142e-34
4357.060000 nan 1.782108e-34
4359.060000 nan 1.764603e-34
4361.060000 nan 1.714815e-34
4363.060000 nan 1.659902e-34
4365.060000 nan 1.673029e-34
4367.060000 nan 1.717650e-34
4369.060000 nan 1.699308e-34
4371.060000 nan 1.689274e-34
4373.060000 nan 1.679982e-34
4375.060000 nan 1.657092e-34
4377.060000 nan 1.624398e-34
4379.060000 nan 1.629924e-34
4381.060000 nan 1.633047e-34
4383.060000 nan 1.614430e-34
4385.060000 nan 1.601172e-34
4387.060000 nan 1.606411e-34
4389.060000 nan 1.631756e-34
4391.060000 nan 1.686588e-34
4393.060000 nan 1.701149e-34
4395.060000 nan 1.688485e-34
4397.060000 nan 1.657627e-34
4399.060000 nan 1.631137e-34
4401.060000 nan 1.628422e-34
4403.060000 nan 1.648803e-34
4405.060000 nan 1.640281e-34
4407.060000 nan 1.620496e-34
4409.060000 nan 1.590396e-34
4411.060000 nan 1.569629e-34
4413.060000 nan 1.570445e-34
4415.060000 nan 1.583370e-34
4417.060000 nan 1.565764e-34
4419.060000 nan 1.567605e-34
4421.060000 nan 1.582718e-34
4423.060000 nan 1.587985e-34
4425.060000 nan 1.587440e-34
4427.060000 nan 1.599240e-34
4429.060000 nan 1.578134e-34
4431.060000 nan 1.607104e-34
4433.060000 nan 1.611600e-34
4435.060000 nan 1.609846e-34
4437.060000 nan 1.604600e-34
4439.060000 nan 1.590663e-34
4441.060000 nan 1.582360e-34
4443.060000 nan 1.561693e-34
4445.060000 nan 1.547137e-34
4447.060000 nan 1.550604e-34
4449.060000 nan 1.545803e-34
4451.060000 nan 1.512403e-34
4453.060000 nan 1.472165e-34
4455.060000 nan 1.480663e-34
4457.060000 nan 1.493338e-34
4459.060000 nan 1.513803e-34
4461.060000 nan 1.524338e-34
4463.060000 nan 1.512705e-34
4465.060000 nan 1.486838e-34
4467.060000 nan 1.495737e-34
4469.060000 nan 1.518461e-34
4471.060000 nan 1.503233e-34
4473.060000 nan 1.464268e-34
4475.060000 nan 1.432716e-34
4477.060000 nan 1.433215e-34
4479.060000 nan 1.450570e-34
4481.060000 nan 1.470639e-34
4483.060000 nan 1.478152e-34
4485.060000 nan 1.466437e-34
4487.060000 nan 1.454821e-34
4489.060000 nan 1.458013e-34
4491.060000 nan 1.443782e-34
4493.060000 nan 1.438922e-34
4495.060000 nan 1.458393e-34
4497.060000 nan 1.484728e-34
4499.060000 nan 1.497400e-34
4501.060000 nan 1.492704e-34
4503.060000 nan 1.492631e-34
4505.060000 nan 1.479087e-34
4507.060000 nan 1.474515e-34
4509.060000 nan 1.475060e-34
4511.060000 nan 1.475372e-34
4513.060000 nan 1.481708e-34
4515.060000 nan 1.506157e-34
4517.060000 nan 1.512330e-34
4519.060000 nan 1.506797e-34
4521.060000 nan 1.512601e-34
4523.060000 nan 1.516593e-34
4525.060000 nan 1.509790e-34
4527.060000 nan 1.495739e-34
4529.060000 nan 1.494275e-34
4531.060000 nan 1.510240e-34
4533.060000 nan 1.487847e-34
4535.060000 nan 1.482141e-34
4537.060000 nan 1.485773e-34
4539.060000 nan 1.472054e-34
4541.060000 nan 1.459364e-34
4543.060000 nan 1.482840e-34
4545.060000 nan 1.499005e-34
4547.060000 nan 1.501787e-34
4549.060000 nan 1.498030e-34
4551.060000 nan 1.497559e-34
4553.060000 nan 1.504643e-34
4555.060000 nan 1.498341e-34
4557.060000 nan 1.481466e-34
4559.060000 nan 1.456572e-34
4561.060000 nan 1.429614e-34
4563.060000 nan 1.422685e-34
4565.060000 nan 1.459849e-34
4567.060000 nan 1.494556e-34
4569.060000 nan 1.484824e-34
4571.060000 nan 1.461216e-34
4573.060000 nan 1.457915e-34
4575.060000 nan 1.471509e-34
4577.060000 nan 1.483667e-34
4579.060000 nan 1.522980e-34
4581.060000 nan 1.565392e-34
4583.060000 nan 1.530474e-34
4585.060000 nan 1.500571e-34
4587.060000 nan 1.502727e-34
4589.060000 nan 1.518708e-34
4591.060000 nan 1.510721e-34
4593.060000 nan 1.484008e-34
4595.060000 nan 1.465876e-34
4597.060000 nan 1.467913e-34
4599.060000 nan 1.473967e-34
4601.060000 nan 1.468165e-34
4603.060000 nan 1.451640e-34
4605.060000 nan 1.447968e-34
4607.060000 nan 1.470690e-34
4609.060000 nan 1.493661e-34
4611.060000 nan 1.503124e-34
4613.060000 nan 1.500583e-34
4615.060000 nan 1.494323e-34
4617.060000 nan 1.460781e-34
4619.060000 nan 1.446267e-34
4621.060000 nan 1.459546e-34
4623.060000 nan 1.475225e-34
4625.060000 nan 1.478350e-34
4627.060000 nan 1.470415e-34
4629.060000 nan 1.468691e-34
4631.060000 nan 1.475653e-34
4633.060000 nan 1.451633e-34
4635.060000 nan 1.435946e-34
4637.060000 nan 1.419499e-34
4639.060000 nan 1.395044e-34
4641.060000 nan 1.401526e-34
4643.060000 nan 1.373410e-34
4645.060000 nan 1.365373e-34
4647.060000 nan 1.351437e-34
4649.060000 nan 1.344752e-34
4651.060000 nan 1.352367e-34
4653.060000 nan 1.361543e-34
4655.060000 nan 1.399813e-34
4657.060000 nan 1.403443e-34
4659.060000 nan 1.399518e-34
4661.060000 nan 1.375605e-34
4663.060000 nan 1.348607e-34
4665.060000 nan 1.356244e-34
4667.060000 nan 1.385643e-34
4669.060000 nan 1.378071e-34
4671.060000 nan 1.365371e-34
4673.060000 nan 1.387132e-34
4675.060000 nan 1.415388e-34
4677.060000 nan 1.412156e-34
4679.060000 nan 1.430751e-34
4681.060000 nan 1.419631e-34
4683.060000 nan 1.394545e-34
4685.060000 nan 1.369764e-34
4687.060000 nan 1.354062e-34
4689.060000 nan 1.365976e-34
4691.060000 nan 1.435467e-34
4693.060000 nan 1.411293e-34
4695.060000 nan 1.406759e-34
4697.060000 nan 1.401808e-34
4699.060000 nan 1.416275e-34
4701.060000 nan 1.441811e-34
4703.060000 nan 1.435825e-34
4705.060000 nan 1.451342e-34
4707.060000 nan 1.462724e-34
4709.060000 nan 1.455291e-34
4711.060000 nan 1.436110e-34
4713.060000 nan 1.421793e-34
4715.060000 nan 1.423137e-34
4717.060000 nan 1.411114e-34
4719.060000 nan 1.426441e-34
4721.060000 nan 1.428643e-34
4723.060000 nan 1.428535e-34
4725.060000 nan 1.418950e-34
4727.060000 nan 1.393919e-34
4729.060000 nan 1.380975e-34
4731.060000 nan 1.378144e-34
4733.060000 nan 1.399764e-34
4735.060000 nan 1.412878e-34
4737.060000 nan 1.404015e-34
4739.060000 nan 1.385826e-34
4741.060000 nan 1.394835e-34
4743.060000 nan 1.425138e-34
4745.060000 nan 1.440906e-34
4747.060000 nan 1.446422e-34
4749.060000 nan 1.449253e-34
4751.060000 nan 1.452282e-34
4753.060000 nan 1.452539e-34
4755.060000 nan 1.452133e-34
4757.060000 nan 1.466812e-34
4759.060000 nan 1.474751e-34
4761.060000 nan 1.467342e-34
4763.060000 nan 1.439277e-34
4765.060000 nan 1.401155e-34
4767.060000 nan 1.414772e-34
4769.060000 nan 1.421045e-34
4771.060000 nan 1.438724e-34
4773.060000 nan 1.450742e-34
4775.060000 nan 1.458814e-34
4777.060000 nan 1.469237e-34
4779.060000 nan 1.472085e-34
4781.060000 nan 1.458563e-34
4783.060000 nan 1.415087e-34
4785.060000 nan 1.400780e-34
4787.060000 nan 1.416388e-34
4789.060000 nan 1.431433e-34
4791.060000 nan 1.411032e-34
4793.060000 nan 1.395472e-34
4795.060000 nan 1.375403e-34
4797.060000 nan 1.381034e-34
4799.060000 nan 1.402131e-34
4801.060000 nan 1.417447e-34
4803.060000 nan 1.411709e-34
4805.060000 nan 1.404724e-34
4807.060000 nan 1.409966e-34
4809.060000 nan 1.419529e-34
4811.060000 nan 1.417478e-34
4813.060000 nan 1.414178e-34
4815.060000 nan 1.427070e-34
4817.060000 nan 1.430671e-34
4819.060000 nan 1.436585e-34
4821.060000 nan 1.443050e-34
4823.060000 nan 1.431536e-34
4825.060000 nan 1.407853e-34
4827.060000 nan 1.392621e-34
4829.060000 nan 1.406571e-34
4831.060000 nan 1.408609e-34
4833.060000 nan 1.400725e-34
4835.060000 nan 1.422664e-34
4837.060000 nan 1.441461e-34
4839.060000 nan 1.432173e-34
4841.060000 nan 1.417785e-34
4843.060000 nan 1.424281e-34
4845.060000 nan 1.429362e-34
4847.060000 nan 1.430377e-34
4849.060000 nan 1.422743e-34
4851.060000 nan 1.416501e-34
4853.060000 nan 1.431772e-34
4855.060000 nan 1.469348e-34
4857.060000 nan 1.532771e-34
4859.060000 nan 1.528139e-34
4861.060000 nan 1.503762e-34
4863.060000 nan 1.505056e-34
4865.060000 nan 1.544970e-34
4867.060000 nan 1.585069e-34
4869.060000 nan 1.609184e-34
4871.060000 nan 1.582708e-34
4873.060000 nan 1.562842e-34
4875.060000 nan 1.565317e-34
4877.060000 nan 1.583128e-34
4879.060000 nan 1.609451e-34
4881.060000 nan 1.642065e-34
4883.060000 nan 1.647418e-34
4885.060000 nan 1.628360e-34
4887.060000 nan 1.630508e-34
4889.060000 nan 1.662428e-34
4891.060000 nan 1.673849e-34
4893.060000 nan 1.675617e-34
4895.060000 nan 1.686641e-34
4897.060000 nan 1.715655e-34
4899.060000 nan 1.732375e-34
4901.060000 nan 1.727352e-34
4903.060000 nan 1.721683e-34
4905.060000 nan 1.754304e-34
4907.060000 nan 1.764752e-34
4909.060000 nan 1.769936e-34
4911.060000 nan 1.769214e-34
4913.060000 nan 1.777402e-34
4915.060000 nan 1.812997e-34
4917.060000 nan 1.876145e-34
4919.060000 nan 1.834308e-34
4921.060000 nan 1.794516e-34
4923.060000 nan 1.783838e-34
4925.060000 nan 1.812816e-34
4927.060000 nan 1.859683e-34
4929.060000 nan 1.866862e-34
4931.060000 nan 1.873653e-34
4933.060000 nan 1.886737e-34
4935.060000 nan 1.898609e-34
4937.060000 nan 1.937779e-34
4939.060000 nan 2.010288e-34
4941.060000 nan 2.077339e-34
4943.060000 nan 2.057933e-34
4945.060000 nan 2.075855e-34
4947.060000 nan 2.105347e-34
4949.060000 nan 2.214042e-34
4951.060000 nan 2.345082e-34
4953.060000 nan 2.369226e-34
4955.060000 nan 2.334923e-34
4957.060000 nan 2.425894e-34
4959.060000 nan 2.421972e-34
4961.060000 nan 2.450543e-34
4963.060000 nan 2.530190e-34
4965.060000 nan 2.611915e-34
4967.060000 nan 2.685897e-34
4969.060000 nan 2.722560e-34
4971.060000 nan 2.735230e-34
4973.060000 nan 2.803177e-34
4975.060000 nan 2.854431e-34
4977.060000 nan 2.858666e-34
4979.060000 nan 2.944483e-34
4981.060000 nan 3.100622e-34
4983.060000 nan 3.256901e-34
4985.060000 nan 3.364347e-34
4987.060000 nan 3.376347e-34
4989.060000 nan 3.353809e-34
4991.060000 nan 3.444766e-34
4993.060000 nan 3.614216e-34
4995.060000 nan 3.734742e-34
4997.060000 nan 3.805534e-34
4999.060000 nan 3.856236e-34
5001.060000 nan 3.915758e-34
5003.060000 nan 3.992994e-34
5005.060000 nan 4.047926e-34
5007.060000 nan 4.195048e-34
5009.060000 nan 4.329458e-34
5011.060000 nan 4.397695e-34
5013.060000 nan 4.440339e-34
5015.060000 nan 4.523614e-34
5017.060000 nan 4.651149e-34
5019.060000 nan 4.680465e-34
5021.060000 nan 4.731922e-34
5023.060000 nan 4.877988e-34
5025.060000 nan 5.061324e-34
5027.060000 nan 5.191762e-34
5029.060000 nan 5.234089e-34
5031.060000 nan 5.458519e-34
5033.060000 nan 5.399029e-34
5035.060000 nan 5.377277e-34
5037.060000 nan 5.422258e-34
5039.060000 nan 5.495995e-34
5041.060000 nan 5.558277e-34
5043.060000 nan 5.555075e-34
5045.060000 nan 5.611625e-34
5047.060000 nan 5.658060e-34
5049.060000 nan 5.587555e-34
5051.060000 nan 5.505546e-34
5053.060000 nan 5.558144e-34
5055.060000 nan 5.505367e-34
5057.060000 nan 5.393555e-34
5059.060000 nan 5.394225e-34
5061.060000 nan 5.454616e-34
5063.060000 nan 5.547662e-34
5065.060000 nan 5.616682e-34
5067.060000 nan 5.519860e-34
5069.060000 nan 5.474367e-34
5071.060000 nan 5.428006e-34
5073.060000 nan 5.312874e-34
5075.060000 nan 5.222891e-34
5077.060000 nan 5.202311e-34
5079.060000 nan 5.176796e-34
5081.060000 nan 5.406798e-34
5083.060000 nan 5.498874e-34
5085.060000 nan 5.464493e-34
5087.060000 nan 5.401524e-34
5089.060000 nan 5.356179e-34
5091.060000 nan 5.298295e-34
5093.060000 nan 5.183596e-34
5095.060000 nan 5.127380e-34
5097.060000 nan 5.166948e-34
5099.060000 nan 5.224949e-34
5101.060000 nan 5.283638e-34
5103.060000 4.485731e-18 5.632822e-34
5105.060000 9.158661e-18 5.641671e-34
5107.060000 2.293151e-17 5.799888e-34
5109.060000 2.399042e-17 5.902566e-34
5111.060000 2.317866e-17 5.969757e-34
5113.060000 2.081671e-17 6.016660e-34
5115.060000 1.921697e-17 6.072789e-34
5117.060000 1.317421e-17 6.158599e-34
5119.060000 6.321252e-18 6.403297e-34
5121.060000 6.355506e-18 6.604881e-34
5123.060000 1.106892e-17 6.647551e-34
5125.060000 1.632275e-17 6.623706e-34
5127.060000 1.901323e-17 6.685607e-34
5129.060000 1.454664e-17 6.953400e-34
5131.060000 8.777581e-18 7.423398e-34
5133.060000 1.606228e-18 7.760243e-34
5135.060000 -1.809401e-18 8.101473e-34
5137.060000 -4.692840e-18 8.433652e-34
5139.060000 -7.870773e-18 8.820554e-34
5141.060000 -7.776414e-18 9.312326e-34
5143.060000 -5.397393e-18 9.487107e-34
5145.060000 -5.497374e-19 1.003422e-33
5147.060000 -3.875613e-19 1.051126e-33
5149.060000 1.449019e-18 1.129585e-33
5151.060000 nan 6.301350e-35
5153.060000 nan 5.846651e-35
5155.060000 nan 5.406652e-35
5157.060000 nan 4.991262e-35
5159.060000 nan 4.673592e-35
5161.060000 nan 4.244124e-35
5163.060000 nan 3.880298e-35
5165.060000 nan 4.004315e-35
5167.060000 nan 4.146142e-35
5169.060000 nan 4.148124e-35
5171.060000 nan 3.754644e-35
5173.060000 nan 3.491960e-35
5175.060000 nan 3.252958e-35
5177.060000 nan 2.998423e-35
5179.060000 nan 3.179483e-35
5181.060000 nan 3.324173e-35
5183.060000 nan 3.326979e-35
5185.060000 nan 3.053287e-35
5187.060000 nan 2.962169e-35
5189.060000 nan 3.082038e-35
5191.060000 nan 2.923711e-35
5193.060000 nan 2.784834e-35
5195.060000 nan 2.676407e-35
5197.060000 nan 2.724473e-35
5199.060000 nan 2.846787e-35
5201.060000 nan 3.007312e-35
5203.060000 nan 3.128053e-35
5205.060000 nan 3.072145e-35
5207.060000 nan 2.881208e-35
5209.060000 nan 2.498540e-35
5211.060000 nan 2.440886e-35
5213.060000 nan 2.516511e-35
5215.060000 nan 2.665371e-35
5217.060000 nan 2.742908e-35
5219.060000 nan 2.841723e-35
5221.060000 nan 3.002972e-35
5223.060000 nan 2.941955e-35
5225.060000 nan 2.799635e-35
5227.060000 nan 2.583793e-35
5229.060000 nan 2.475261e-35
5231.060000 nan 2.350282e-35
5233.060000 nan 2.207082e-35
5235.060000 nan 2.091546e-35
5237.060000 nan 2.017350e-35
5239.060000 nan 2.005769e-35
5241.060000 nan 2.253570e-35
5243.060000 nan 2.409094e-35
5245.060000 nan 2.482370e-35
5247.060000 nan 2.412322e-35
5249.060000 nan 2.402441e-35
5251.060000 nan 2.407784e-35
5253.060000 nan 2.386853e-35
5255.060000 nan 2.248906e-35
5257.060000 nan 2.092898e-35
5259.060000 nan 1.966615e-35
5261.060000 nan 2.040832e-35
5263.060000 nan 2.080885e-35
5265.060000 nan 2.014317e-35
5267.060000 nan 1.938696e-35
5269.060000 nan 1.891550e-35
5271.060000 nan 1.878693e-35
5273.060000 nan 1.694215e-35
5275.060000 nan 1.662057e-35
5277.060000 nan 1.763844e-35
5279.060000 nan 1.838352e-35
5281.060000 nan 1.689776e-35
5283.060000 nan 1.429702e-35
5285.060000 nan 1.408148e-35
5287.060000 nan 1.395393e-35
5289.060000 nan 1.400270e-35
5291.060000 nan 1.456724e-35
5293.060000 nan 1.575385e-35
5295.060000 nan 1.649858e-35
5297.060000 nan 1.550218e-35
5299.060000 nan 1.455368e-35
5301.060000 nan 1.428961e-35
5303.060000 nan 1.530362e-35
5305.060000 nan 1.560428e-35
5307.060000 nan 1.555071e-35
5309.060000 nan 1.513493e-35
5311.060000 nan 1.464823e-35
5313.060000 nan 1.392811e-35
5315.060000 nan 1.297625e-35
5317.060000 nan 1.262043e-35
5319.060000 nan 1.270497e-35
5321.060000 nan 1.306679e-35
5323.060000 nan 1.266208e-35
5325.060000 nan 1.175304e-35
5327.060000 nan 1.083281e-35
5329.060000 nan 1.144244e-35
5331.060000 nan 1.218835e-35
5333.060000 nan 1.262930e-35
5335.060000 nan 1.184905e-35
5337.060000 nan 1.128668e-35
5339.060000 nan 1.117791e-35
5341.060000 nan 1.197139e-35
5343.060000 nan 1.264020e-35
5345.060000 nan 1.292673e-35
5347.060000 nan 1.260432e-35
5349.060000 nan 1.215387e-35
5351.060000 nan 1.182348e-35
5353.060000 nan 1.166300e-35
5355.060000 nan 1.151344e-35
5357.060000 nan 1.115511e-35
5359.060000 nan 1.059907e-35
5361.060000 nan 1.010969e-35
5363.060000 nan 1.008830e-35
5365.060000 nan 1.051578e-35
5367.060000 nan 1.178951e-35
5369.060000 nan 1.212541e-35
5371.060000 nan 1.174281e-35
5373.060000 nan 1.041953e-35
5375.060000 nan 9.327762e-36
5377.060000 nan 8.566287e-36
5379.060000 nan 8.506753e-36
5381.060000 nan 8.600521e-36
5383.060000 nan 8.697241e-36
5385.060000 nan 8.715455e-36
5387.060000 nan 8.960035e-36
5389.060000 nan 9.337800e-36
5391.060000 nan 9.863115e-36
5393.060000 nan 9.959168e-36
5395.060000 nan 9.751049e-36
5397.060000 nan 9.230142e-36
5399.060000 nan 8.755191e-36
5401.060000 nan 8.145808e-36
5403.060000 nan 7.513990e-36
5405.060000 nan 8.136475e-36
5407.060000 nan 8.311132e-36
5409.060000 nan 8.183231e-36
5411.060000 nan 7.992819e-36
5413.060000 nan 8.057230e-36
5415.060000 nan 8.256141e-36
5417.060000 nan 8.499470e-36
5419.060000 nan 9.057125e-36
5421.060000 nan 9.445439e-36
5423.060000 nan 9.121648e-36
5425.060000 nan 8.968592e-36
5427.060000 nan 8.775253e-36
5429.060000 nan 8.435130e-36
5431.060000 nan 8.281202e-36
5433.060000 nan 8.293480e-36
5435.060000 nan 8.501867e-36
5437.060000 nan 8.196685e-36
5439.060000 nan 8.090844e-36
5441.060000 nan 8.223888e-36
5443.060000 nan 8.599448e-36
5445.060000 nan 8.759637e-36
5447.060000 nan 8.785281e-36
5449.060000 nan 9.141262e-36
5451.060000 nan 9.320312e-36
5453.060000 nan 9.268121e-36
5455.060000 nan 8.571571e-36
5457.060000 nan 7.887320e-36
5459.060000 nan 7.544603e-36
5461.060000 nan 8.296521e-36
5463.060000 nan 8.800826e-36
5465.060000 nan 8.838930e-36
5467.060000 nan 7.983249e-36
5469.060000 nan 7.469632e-36
5471.060000 nan 7.114597e-36
5473.060000 nan 6.915277e-36
5475.060000 nan 6.605556e-36
5477.060000 nan 6.424827e-36
5479.060000 nan 6.418592e-36
5481.060000 nan 6.634378e-36
5483.060000 nan 6.654570e-36
5485.060000 nan 6.488783e-36
5487.060000 nan 6.370231e-36
5489.060000 nan 6.499655e-36
5491.060000 nan 6.791126e-36
5493.060000 nan 6.980890e-36
5495.060000 nan 7.110451e-36
5497.060000 nan 7.053237e-36
5499.060000 nan 6.334956e-36
5501.060000 nan 5.934253e-36
5503.060000 nan 8.025232e-36
5505.060000 nan 1.686507e-35
5507.060000 nan 2.540683e-35
5509.060000 nan 3.376728e-35
5511.060000 nan 4.191568e-35
5513.060000 nan 5.013422e-35
5515.060000 nan 5.842017e-35
5517.060000 nan 6.679082e-35
5519.060000 nan 7.551108e-35
5521.060000 nan 8.408970e-35
5523.060000 nan 9.248062e-35
5525.060000 nan 1.007572e-34
5527.060000 nan 1.089227e-34
5529.060000 nan 1.170291e-34
5531.060000 nan 1.255740e-34
5533.060000 nan 1.342261e-34
5535.060000 nan 1.428795e-34
5537.060000 nan 1.511364e-34
5539.060000 nan 1.594594e-34
5541.060000 nan 1.677061e-34
5543.060000 nan 1.755601e-34
5545.060000 nan 1.836947e-34
5547.060000 nan 1.921273e-34
5549.060000 nan 2.010730e-34
5551.060000 nan 2.095425e-34
5553.060000 nan 2.178362e-34
5555.060000 nan 2.260008e-34
5557.060000 nan 2.341908e-34
5559.060000 nan 2.443154e-34
5561.060000 nan 2.570530e-34
5563.060000 nan 2.565464e-34
5565.060000 nan 2.555726e-34
5567.060000 nan 2.547128e-34
5569.060000 nan 2.547381e-34
5571.060000 nan 2.550570e-34
5573.060000 nan 2.556709e-34
5575.060000 nan 2.569055e-34
5577.060000 nan 2.574732e-34
5579.060000 nan 2.570878e-34
5581.060000 nan 2.539215e-34
5583.060000 nan 2.503144e-34
5585.060000 nan 2.470230e-34
5587.060000 nan 2.453150e-34
5589.060000 nan 2.434365e-34
5591.060000 nan 2.417465e-34
5593.060000 nan 2.405861e-34
5595.060000 nan 2.394948e-34
5597.060000 nan 2.385578e-34
5599.060000 nan 2.378518e-34
5601.060000 nan 2.369985e-34
5603.060000 nan 2.360307e-34
5605.060000 nan 2.349396e-34
5607.060000 nan 2.335861e-34
5609.060000 nan 2.324807e-34
5611.060000 nan 2.315969e-34
5613.060000 nan 2.305212e-34
5615.060000 nan 2.294502e-34
5617.060000 nan 2.284275e-34
5619.060000 nan 2.277199e-34
5621.060000 nan 2.266221e-34
5623.060000 nan 2.253034e-34
5625.060000 nan 2.239019e-34
5627.060000 nan 2.227501e-34
5629.060000 nan 2.218160e-34
5631.060000 nan 2.212295e-34
5633.060000 nan 2.202064e-34
5635.060000 nan 2.190409e-34
5637.060000 nan 2.178094e-34
5639.060000 nan 2.167729e-34
5641.060000 nan 2.157077e-34
5643.060000 nan 2.145574e-34
5645.060000 nan 2.133279e-34
5647.060000 nan 2.120749e-34
5649.060000 nan 2.108029e-34
5651.060000 nan 2.096917e-34
5653.060000 nan 2.087953e-34
5655.060000 nan 2.080610e-34
5657.060000 nan 2.071282e-34
5659.060000 nan 2.060882e-34
5661.060000 nan 2.049913e-34
5663.060000 nan 2.039519e-34
5665.060000 nan 2.029754e-34
5667.060000 nan 2.019448e-34
5669.060000 nan 2.006206e-34
5671.060000 nan 1.996220e-34
5673.060000 nan 1.987005e-34
5675.060000 nan 1.977092e-34
5677.060000 nan 1.968073e-34
5679.060000 nan 1.958979e-34
5681.060000 nan 1.949414e-34
5683.060000 nan 1.762753e-34
5685.060000 nan 1.771481e-34
5687.060000 nan 2.066754e-34
5689.060000 nan 2.297962e-34
5691.060000 nan 2.354545e-34
5693.060000 nan 2.240164e-34
5695.060000 nan 2.162677e-34
5697.060000 nan 2.126523e-34
5699.060000 nan 2.120947e-34
5701.060000 nan 2.110244e-34
5703.060000 nan 2.102110e-34
5705.060000 nan 2.095174e-34
5707.060000 nan 2.087067e-34
5709.060000 nan 2.078916e-34
5711.060000 nan 2.071288e-34
5713.060000 nan 2.065327e-34
5715.060000 nan 2.059207e-34
5717.060000 nan 2.052586e-34
5719.060000 nan 2.044969e-34
5721.060000 nan 2.036241e-34
5723.060000 nan 2.027792e-34
5725.060000 nan 2.020103e-34
5727.060000 nan 2.011333e-34
5729.060000 nan 2.003346e-34
5731.060000 nan 1.996409e-34
5733.060000 nan 1.989325e-34
5735.060000 nan 1.982636e-34
5737.060000 nan 1.976146e-34
5739.060000 nan 1.967185e-34
5741.060000 nan 1.958626e-34
5743.060000 nan 1.950526e-34
5745.060000 nan 1.943664e-34
5747.060000 nan 1.934496e-34
5749.060000 nan 1.924955e-34
5751.060000 nan 1.918570e-34
5753.060000 nan 1.911837e-34
5755.060000 nan 1.903991e-34
5757.060000 nan 1.893473e-34
5759.060000 nan 1.888645e-34
5761.060000 nan 1.883055e-34
5763.060000 nan 1.873311e-34
5765.060000 nan 1.866153e-34
5767.060000 nan 1.858522e-34
5769.060000 nan 1.849677e-34
5771.060000 nan 1.840298e-34
5773.060000 nan 1.832686e-34
5775.060000 nan 1.826977e-34
5777.060000 nan 1.818174e-34
5779.060000 nan 1.810891e-34
5781.060000 nan 1.804609e-34
5783.060000 nan 1.795729e-34
5785.060000 nan 1.787783e-34
5787.060000 nan 1.780266e-34
5789.060000 nan 1.771963e-34
5791.060000 nan 1.764368e-34
5793.060000 nan 1.757845e-34
5795.060000 nan 1.753916e-34
5797.060000 nan 1.748098e-34
5799.060000 nan 1.741003e-34
5801.060000 nan 1.732279e-34
5803.060000 nan 1.722586e-34
5805.060000 nan 1.713291e-34
5807.060000 nan 1.705030e-34
5809.060000 nan 1.699052e-34
5811.060000 nan 1.692808e-34
5813.060000 nan 1.685889e-34
5815.060000 nan 1.678271e-34
5817.060000 nan 1.669482e-34
5819.060000 nan 1.659641e-34
5821.060000 nan 1.651580e-34
5823.060000 nan 1.643551e-34
5825.060000 nan 1.635348e-34
5827.060000 nan 1.625563e-34
5829.060000 nan 1.618606e-34
5831.060000 nan 1.613279e-34
5833.060000 nan 1.608285e-34
5835.060000 nan 1.601022e-34
5837.060000 nan 1.592928e-34
5839.060000 nan 1.585054e-34
5841.060000 nan 1.576574e-34
5843.060000 nan 1.568569e-34
5845.060000 nan 1.561925e-34
5847.060000 nan 1.554555e-34
5849.060000 nan 1.546841e-34
5851.060000 nan 1.538784e-34
5853.060000 nan 1.531792e-34
5855.060000 nan 1.513969e-34
5857.060000 nan 1.483331e-34
5859.060000 nan 1.455203e-34
5861.060000 nan 1.428230e-34
5863.060000 nan 1.402280e-34
5865.060000 nan 1.376465e-34
5867.060000 nan 1.349341e-34
5869.060000 nan 1.321296e-34
5871.060000 nan 1.292936e-34
5873.060000 nan 1.265171e-34
5875.060000 nan 1.236946e-34
5877.060000 nan 1.205804e-34
5879.060000 nan 1.176359e-34
5881.060000 nan 1.148700e-34
5883.060000 nan 1.124173e-34
5885.060000 nan 1.098427e-34
5887.060000 nan 1.071734e-34
5889.060000 nan 1.043789e-34
5891.060000 nan 1.016128e-34
5893.060000 nan 9.874322e-35
5895.060000 nan 9.572236e-35
5897.060000 nan 9.265197e-35
5899.060000 nan 8.968725e-35
5901.060000 nan 8.683673e-35
5903.060000 nan 8.394796e-35
5905.060000 nan 8.108086e-35
5907.060000 nan 7.823010e-35
5909.060000 nan 7.536881e-35
5911.060000 nan 7.252954e-35
5913.060000 nan 6.967668e-35
5915.060000 nan 6.668311e-35
5917.060000 nan 6.398028e-35
5919.060000 nan 6.135315e-35
5921.060000 nan 5.855227e-35
5923.060000 nan 5.583427e-35
5925.060000 nan 5.301803e-35
5927.060000 nan 4.991315e-35
5929.060000 nan 4.713702e-35
5931.060000 nan 4.441388e-35
5933.060000 nan 4.167037e-35
5935.060000 nan 3.878385e-35
5937.060000 nan 3.603206e-35
5939.060000 nan 3.347085e-35
5941.060000 nan 3.069580e-35
5943.060000 nan 2.787036e-35
5945.060000 nan 2.499689e-35
5947.060000 nan 2.201928e-35
5949.060000 nan 1.902106e-35
5951.060000 nan 1.603115e-35
5953.060000 nan 1.322014e-35
5955.060000 nan 1.042157e-35
5957.060000 nan 7.594688e-36
5959.060000 nan 4.613587e-36
5961.060000 nan 3.850924e-36
5963.060000 nan 3.904100e-36
5965.060000 nan 3.820295e-36
5967.060000 nan 3.887071e-36
5969.060000 nan 3.932389e-36
5971.060000 nan 3.850007e-36
5973.060000 nan 3.969932e-36
5975.060000 nan 4.013187e-36
5977.060000 nan 3.888570e-36
5979.060000 nan 4.063228e-36
5981.060000 nan 4.162852e-36
5983.060000 nan 4.150231e-36
5985.060000 nan 4.448252e-36
5987.060000 nan 4.625875e-36
5989.060000 nan 4.690909e-36
5991.060000 nan 4.650391e-36
5993.060000 nan 4.939162e-36
5995.060000 nan 5.361925e-36
5997.060000 nan 5.287119e-36
5999.060000 nan 5.236923e-36
6001.060000 nan 5.025604e-36
6003.060000 nan 4.163573e-36
6005.060000 nan 4.172460e-36
6007.060000 nan 4.320077e-36
6009.060000 nan 4.057883e-36
6011.060000 nan 3.984332e-36
6013.060000 nan 3.890454e-36
6015.060000 nan 3.679304e-36
6017.060000 nan 3.625708e-36
6019.060000 nan 3.606819e-36
6021.060000 nan 3.607586e-36
6023.060000 nan 3.317251e-36
6025.060000 nan 3.183509e-36
6027.060000 nan 3.232103e-36
6029.060000 nan 3.478641e-36
6031.060000 nan 3.449537e-36
6033.060000 nan 3.243170e-36
6035.060000 nan 3.411311e-36
6037.060000 nan 3.506410e-36
6039.060000 nan 3.521106e-36
6041.060000 nan 3.346006e-36
6043.060000 nan 3.496064e-36
6045.060000 nan 3.655288e-36
6047.060000 nan 3.390712e-36
6049.060000 nan 3.359603e-36
6051.060000 nan 3.387191e-36
6053.060000 nan 3.389623e-36
6055.060000 nan 3.475488e-36
6057.060000 nan 3.518222e-36
6059.060000 nan 3.462584e-36
6061.060000 nan 3.526175e-36
6063.060000 nan 3.464348e-36
6065.060000 nan 3.231391e-36
6067.060000 nan 3.557111e-36
6069.060000 nan 3.649148e-36
6071.060000 nan 3.515228e-36
6073.060000 nan 3.473487e-36
6075.060000 nan 3.455164e-36
6077.060000 nan 3.410766e-36
6079.060000 nan 3.053327e-36
6081.060000 nan 3.193588e-36
6083.060000 nan 3.522678e-36
6085.060000 nan 3.539200e-36
6087.060000 nan 3.394334e-36
6089.060000 nan 3.208881e-36
6091.060000 nan 3.082137e-36
6093.060000 nan 3.182582e-36
6095.060000 nan 3.330189e-36
6097.060000 nan 3.454610e-36
6099.060000 nan 3.572616e-36
6101.060000 nan 3.618424e-36
6103.060000 nan 3.557438e-36
6105.060000 nan 3.903800e-36
6107.060000 nan 3.950434e-36
6109.060000 nan 3.630777e-36
6111.060000 nan 4.034124e-36
6113.060000 nan 4.235533e-36
6115.060000 nan 4.232837e-36
6117.060000 nan 3.834433e-36
6119.060000 nan 3.688482e-36
6121.060000 nan 3.747651e-36
6123.060000 nan 4.064589e-36
6125.060000 nan 3.876225e-36
6127.060000 nan 3.538066e-36
6129.060000 nan 3.521187e-36
6131.060000 nan 3.610706e-36
6133.060000 nan 3.674716e-36
6135.060000 nan 3.585758e-36
6137.060000 nan 3.467368e-36
6139.060000 nan 3.403595e-36
6141.060000 nan 3.450795e-36
6143.060000 nan 3.593024e-36
6145.060000 nan 3.628574e-36
6147.060000 nan 3.503906e-36
6149.060000 nan 3.376771e-36
6151.060000 nan 3.316161e-36
6153.060000 nan 3.328920e-36
6155.060000 nan 3.516192e-36
6157.060000 nan 3.616270e-36
6159.060000 nan 3.618082e-36
6161.060000 nan 3.339690e-36
6163.060000 nan 3.141235e-36
6165.060000 nan 3.007533e-36
6167.060000 nan 2.965641e-36
6169.060000 nan 3.188677e-36
6171.060000 nan 3.459001e-36
6173.060000 nan 3.528018e-36
6175.060000 nan 3.690794e-36
6177.060000 nan 3.672466e-36
6179.060000 nan 3.190453e-36
6181.060000 nan 2.989056e-36
6183.060000 nan 2.848352e-36
6185.060000 nan 2.722686e-36
6187.060000 nan 2.867308e-36
6189.060000 nan 3.010911e-36
6191.060000 nan 3.122580e-36
6193.060000 nan 3.331819e-36
6195.060000 nan 3.332485e-36
6197.060000 nan 3.146293e-36
6199.060000 nan 3.081111e-36
6201.060000 nan 3.182349e-36
6203.060000 nan 3.409130e-36
6205.060000 nan 3.705173e-36
6207.060000 nan 3.769354e-36
6209.060000 nan 3.678033e-36
6211.060000 nan 3.437857e-36
6213.060000 nan 3.313130e-36
6215.060000 nan 3.296147e-36
6217.060000 nan 3.459574e-36
6219.060000 nan 3.582641e-36
6221.060000 nan 3.669620e-36
6223.060000 nan 3.704989e-36
6225.060000 nan 3.516284e-36
6227.060000 nan 3.332888e-36
6229.060000 nan 3.206484e-36
6231.060000 nan 3.507948e-36
6233.060000 nan 3.761891e-36
6235.060000 nan 3.928368e-36
6237.060000 nan 3.624047e-36
6239.060000 nan 3.524291e-36
6241.060000 nan 3.601735e-36
6243.060000 nan 3.752989e-36
6245.060000 nan 3.595267e-36
6247.060000 nan 3.255105e-36
6249.060000 nan 2.977185e-36
6251.060000 nan 2.964525e-36
6253.060000 nan 3.075556e-36
6255.060000 nan 3.192647e-36
6257.060000 nan 3.154850e-36
6259.060000 nan 3.125423e-36
6261.060000 nan 3.239547e-36
6263.060000 nan 3.260680e-36
6265.060000 nan 3.280245e-36
6267.060000 nan 3.332091e-36
6269.060000 nan 3.259121e-36
6271.060000 nan 3.271508e-36
6273.060000 nan 3.416455e-36
6275.060000 nan 3.093971e-36
6277.060000 nan 2.938473e-36
6279.060000 nan 2.969845e-36
6281.060000 nan 3.081997e-36
6283.060000 nan 3.087358e-36
6285.060000 nan 3.035758e-36
6287.060000 nan 3.185323e-36
6289.060000 nan 3.368978e-36
6291.060000 nan 3.562135e-36
6293.060000 nan 3.709690e-36
6295.060000 nan 3.983102e-36
6297.060000 nan 4.292161e-36
6299.060000 nan 4.552656e-36
6301.060000 nan 4.771836e-36
6303.060000 nan 4.811696e-36
6305.060000 nan 4.486947e-36
6307.060000 nan 4.234977e-36
6309.060000 nan 4.017161e-36
6311.060000 nan 3.833383e-36
6313.060000 nan 3.638215e-36
6315.060000 nan 3.551845e-36
6317.060000 nan 3.596979e-36
6319.060000 nan 3.444435e-36
6321.060000 nan 3.387026e-36
6323.060000 nan 3.422991e-36
6325.060000 nan 3.545015e-36
6327.060000 nan 3.566290e-36
6329.060000 nan 3.536336e-36
6331.060000 nan 3.622482e-36
6333.060000 nan 3.641108e-36
6335.060000 nan 3.600702e-36
6337.060000 nan 3.460218e-36
6339.060000 nan 3.462367e-36
6341.060000 nan 3.473804e-36
6343.060000 nan 3.371314e-36
6345.060000 nan 3.205983e-36
6347.060000 nan 3.119382e-36
6349.060000 nan 3.215159e-36
6351.060000 nan 3.304247e-36
6353.060000 nan 3.374457e-36
6355.060000 nan 3.418876e-36
6357.060000 nan 3.470924e-36
6359.060000 nan 3.468873e-36
6361.060000 nan 3.411141e-36
6363.060000 nan 3.577197e-36
6365.060000 nan 3.566102e-36
6367.060000 nan 3.427424e-36
6369.060000 nan 3.475597e-36
6371.060000 nan 3.507688e-36
6373.060000 nan 3.513624e-36
6375.060000 nan 3.430712e-36
6377.060000 nan 3.418837e-36
6379.060000 nan 3.454660e-36
6381.060000 nan 3.544843e-36
6383.060000 nan 3.580980e-36
6385.060000 nan 3.552449e-36
6387.060000 nan 3.410162e-36
6389.060000 nan 3.331759e-36
6391.060000 nan 3.245462e-36
6393.060000 nan 3.122666e-36
6395.060000 nan 3.072586e-36
6397.060000 nan 3.008617e-36
6399.060000 nan 2.916114e-36
6401.060000 nan 2.983166e-36
6403.060000 nan 2.978373e-36
6405.060000 nan 2.904786e-36
6407.060000 nan 2.986360e-36
6409.060000 nan 3.173823e-36
6411.060000 nan 3.403241e-36
6413.060000 nan 3.338862e-36
6415.060000 nan 3.330363e-36
6417.060000 nan 3.308571e-36
6419.060000 nan 3.086113e-36
6421.060000 nan 2.965697e-36
6423.060000 nan 2.873212e-36
6425.060000 nan 2.742497e-36
6427.060000 nan 2.780868e-36
6429.060000 nan 2.963120e-36
6431.060000 nan 3.352707e-36
6433.060000 nan 3.303998e-36
6435.060000 nan 3.208178e-36
6437.060000 nan 3.154934e-36
6439.060000 nan 3.121387e-36
6441.060000 nan 3.107648e-36
6443.060000 nan 3.115286e-36
6445.060000 nan 3.141898e-36
6447.060000 nan 3.208008e-36
6449.060000 nan 3.290662e-36
6451.060000 nan 3.108679e-36
6453.060000 nan 3.058718e-36
6455.060000 nan 3.106751e-36
6457.060000 nan 3.218732e-36
6459.060000 nan 3.269301e-36
6461.060000 nan 3.254345e-36
6463.060000 nan 3.102582e-36
6465.060000 nan 3.168900e-36
6467.060000 nan 3.266872e-36
6469.060000 nan 3.246292e-36
6471.060000 nan 3.370286e-36
6473.060000 nan 3.401858e-36
6475.060000 nan 3.193574e-36
6477.060000 nan 3.022420e-36
6479.060000 nan 3.000200e-36
6481.060000 nan 3.180788e-36
6483.060000 nan 3.167397e-36
6485.060000 nan 3.140956e-36
6487.060000 nan 3.115508e-36
6489.060000 nan 3.286523e-36
6491.060000 nan 3.294877e-36
6493.060000 nan 3.182984e-36
6495.060000 nan 3.173985e-36
6497.060000 nan 3.235799e-36
6499.060000 nan 3.334102e-36
6501.060000 nan 3.400907e-36
6503.060000 nan 3.349557e-36
6505.060000 nan 3.250334e-36
6507.060000 nan 3.164428e-36
6509.060000 nan 3.106991e-36
6511.060000 nan 3.083846e-36
6513.060000 nan 3.120315e-36
6515.060000 nan 3.005652e-36
6517.060000 nan 2.881744e-36
6519.060000 nan 2.792947e-36
6521.060000 nan 2.755084e-36
6523.060000 nan 2.671104e-36
6525.060000 nan 2.521623e-36
6527.060000 nan 2.611201e-36
6529.060000 nan 2.793854e-36
6531.060000 nan 3.047385e-36
6533.060000 nan 3.032305e-36
6535.060000 nan 3.189019e-36
6537.060000 nan 3.422876e-36
6539.060000 nan 3.293058e-36
6541.060000 nan 3.089359e-36
6543.060000 nan 2.865619e-36
6545.060000 nan 2.728846e-36
6547.060000 nan 2.866460e-36
6549.060000 nan 3.048799e-36
6551.060000 nan 3.050054e-36
6553.060000 nan 2.948654e-36
6555.060000 nan 2.837040e-36
6557.060000 nan 2.760889e-36
6559.060000 nan 2.809320e-36
6561.060000 nan 2.871342e-36
6563.060000 nan 2.923119e-36
6565.060000 nan 2.967135e-36
6567.060000 nan 3.005867e-36
6569.060000 nan 3.039191e-36
6571.060000 nan 3.062323e-36
6573.060000 nan 2.984041e-36
6575.060000 nan 2.822979e-36
6577.060000 nan 2.733218e-36
6579.060000 nan 2.676983e-36
6581.060000 nan 2.675681e-36
6583.060000 nan 2.877369e-36
6585.060000 nan 2.959830e-36
6587.060000 nan 2.969296e-36
6589.060000 nan 2.920124e-36
6591.060000 nan 2.820083e-36
6593.060000 nan 2.739083e-36
6595.060000 nan 2.751819e-36
6597.060000 nan 2.794322e-36
6599.060000 nan 2.790961e-36
6601.060000 nan 2.689875e-36
6603.060000 nan 2.962610e-36
6605.060000 nan 3.093320e-36
6607.060000 nan 2.960819e-36
6609.060000 nan 2.833681e-36
6611.060000 nan 2.780111e-36
6613.060000 nan 2.800806e-36
6615.060000 nan 2.741842e-36
6617.060000 nan 2.681287e-36
6619.060000 nan 2.627686e-36
6621.060000 nan 2.652227e-36
6623.060000 nan 2.782257e-36
6625.060000 nan 2.927521e-36
6627.060000 nan 2.836359e-36
6629.060000 nan 2.770046e-36
6631.060000 nan 2.690360e-36
6633.060000 nan 2.532468e-36
6635.060000 nan 2.501960e-36
6637.060000 nan 2.588460e-36
6639.060000 nan 2.854882e-36
6641.060000 nan 2.815585e-36
6643.060000 nan 2.754147e-36
6645.060000 nan 2.752865e-36
6647.060000 nan 2.751178e-36
6649.060000 nan 2.715979e-36
6651.060000 nan 2.639033e-36
6653.060000 nan 2.701015e-36
6655.060000 nan 2.735470e-36
6657.060000 nan 2.737846e-36
6659.060000 nan 2.674005e-36
6661.060000 nan 2.670449e-36
6663.060000 nan 2.706950e-36
6665.060000 nan 2.723585e-36
6667.060000 nan 2.791615e-36
6669.060000 nan 2.829540e-36
6671.060000 nan 2.623715e-36
6673.060000 nan 2.603885e-36
6675.060000 nan 2.667563e-36
6677.060000 nan 2.768126e-36
6679.060000 nan 2.709446e-36
6681.060000 nan 2.587687e-36
6683.060000 nan 2.421229e-36
6685.060000 nan 2.502797e-36
6687.060000 nan 2.642923e-36
6689.060000 nan 2.812822e-36
6691.060000 nan 2.899548e-36
6693.060000 nan 2.813068e-36
6695.060000 nan 2.539136e-36
6697.060000 nan 2.533317e-36
6699.060000 nan 2.584084e-36
6701.060000 nan 2.672094e-36
6703.060000 nan 2.624946e-36
6705.060000 nan 2.545583e-36
6707.060000 nan 2.437073e-36
6709.060000 nan 2.278132e-36
6711.060000 nan 2.210719e-36
6713.060000 nan 2.197579e-36
6715.060000 nan 2.225334e-36
6717.060000 nan 2.426279e-36
6719.060000 nan 2.609029e-36
6721.060000 nan 2.601304e-36
6723.060000 nan 2.595715e-36
6725.060000 nan 2.602302e-36
6727.060000 nan 2.630160e-36
6729.060000 nan 2.728615e-36
6731.060000 nan 2.739355e-36
6733.060000 nan 2.619617e-36
6735.060000 nan 2.537688e-36
6737.060000 nan 2.495015e-36
6739.060000 nan 2.492606e-36
6741.060000 nan 2.549148e-36
6743.060000 nan 2.604767e-36
6745.060000 nan 2.661071e-36
6747.060000 nan 2.729929e-36
6749.060000 nan 2.712065e-36
6751.060000 nan 2.639538e-36
6753.060000 nan 2.543505e-36
6755.060000 nan 2.529303e-36
6757.060000 nan 2.517815e-36
6759.060000 nan 2.406489e-36
6761.060000 nan 2.447556e-36
6763.060000 nan 2.538205e-36
6765.060000 nan 2.640737e-36
6767.060000 nan 2.582141e-36
6769.060000 nan 2.492432e-36
6771.060000 nan 2.400182e-36
6773.060000 nan 2.395768e-36
6775.060000 nan 2.399730e-36
6777.060000 nan 2.403955e-36
6779.060000 nan 2.484899e-36
6781.060000 nan 2.480689e-36
6783.060000 nan 2.396373e-36
6785.060000 nan 2.304788e-36
6787.060000 nan 2.347403e-36
6789.060000 nan 2.478909e-36
6791.060000 nan 2.579848e-36
6793.060000 nan 2.604317e-36
6795.060000 nan 2.585578e-36
6797.060000 nan 2.551091e-36
6799.060000 nan 2.500830e-36
6801.060000 nan 2.425785e-36
6803.060000 nan 2.298181e-36
6805.060000 nan 2.193737e-36
6807.060000 nan 2.166826e-36
6809.060000 nan 2.282328e-36
6811.060000 nan 2.389496e-36
6813.060000 nan 2.465862e-36
6815.060000 nan 2.498808e-36
6817.060000 nan 2.484100e-36
6819.060000 nan 2.486128e-36
6821.060000 nan 2.510276e-36
6823.060000 nan 2.559973e-36
6825.060000 nan 2.634035e-36
6827.060000 nan 2.734221e-36
6829.060000 nan 2.900904e-36
6831.060000 nan 2.929950e-36
6833.060000 nan 2.867518e-36
6835.060000 nan 2.774965e-36
6837.060000 nan 2.782511e-36
6839.060000 nan 2.799093e-36
6841.060000 nan 2.684517e-36
6843.060000 nan 2.549363e-36
6845.060000 nan 2.457049e-36
6847.060000 nan 2.485968e-36
6849.060000 nan 2.417467e-36
6851.060000 nan 2.314315e-36
6853.060000 nan 2.186301e-36
6855.060000 nan 2.311776e-36
6857.060000 nan 2.455075e-36
6859.060000 nan 2.582580e-36
6861.060000 nan 2.702034e-36
6863.060000 nan 2.854002e-36
6865.060000 nan 3.028064e-36
6867.060000 nan 2.906774e-36
6869.060000 nan 2.694574e-36
6871.060000 nan 2.446146e-36
6873.060000 nan 2.473488e-36
6875.060000 nan 2.530568e-36
6877.060000 nan 2.585610e-36
6879.060000 nan 2.552191e-36
6881.060000 nan 2.582655e-36
6883.060000 nan 2.654491e-36
6885.060000 nan 2.773411e-36
6887.060000 nan 2.750353e-36
6889.060000 nan 2.697855e-36
6891.060000 nan 2.668419e-36
6893.060000 nan 2.657354e-36
6895.060000 nan 2.702596e-36
6897.060000 nan 2.832606e-36
6899.060000 nan 2.927627e-36
6901.060000 nan 2.944007e-36
6903.060000 nan 2.869836e-36
6905.060000 nan 2.739144e-36
6907.060000 nan 2.705377e-36
6909.060000 nan 2.768370e-36
6911.060000 nan 2.965308e-36
6913.060000 nan 3.088891e-36
6915.060000 nan 3.150087e-36
6917.060000 nan 3.127931e-36
6919.060000 nan 3.039735e-36
6921.060000 nan 2.972287e-36
6923.060000 nan 3.120907e-36
6925.060000 nan 3.137190e-36
6927.060000 nan 3.080260e-36
6929.060000 nan 2.954389e-36
6931.060000 nan 2.953062e-36
6933.060000 nan 2.944388e-36
6935.060000 nan 2.862887e-36
6937.060000 nan 2.859577e-36
6939.060000 nan 2.896753e-36
6941.060000 nan 2.976115e-36
6943.060000 nan 3.118545e-36
6945.060000 nan 3.205815e-36
6947.060000 nan 3.229048e-36
6949.060000 nan 3.232384e-36
6951.060000 nan 3.284125e-36
6953.060000 nan 3.343335e-36
6955.060000 nan 3.056622e-36
6957.060000 nan 2.908669e-36
6959.060000 nan 2.865650e-36
6961.060000 nan 2.931056e-36
6963.060000 nan 2.847561e-36
6965.060000 nan 2.713098e-36
6967.060000 nan 2.633503e-36
6969.060000 nan 2.763976e-36
6971.060000 nan 2.939497e-36
6973.060000 nan 3.064141e-36
6975.060000 nan 3.055064e-36
6977.060000 nan 3.047477e-36
6979.060000 nan 3.090131e-36
6981.060000 nan 2.989405e-36
6983.060000 nan 2.886570e-36
6985.060000 nan 2.801687e-36
6987.060000 nan 2.774342e-36
6989.060000 nan 2.629940e-36
6991.060000 nan 2.377429e-36
6993.060000 nan 2.325915e-36
6995.060000 nan 2.463187e-36
6997.060000 nan 2.728407e-36
6999.060000 nan 2.899853e-36
7001.060000 nan 2.842266e-36
7003.060000 nan 2.676470e-36
7005.060000 nan 2.591984e-36
7007.060000 nan 2.655398e-36
7009.060000 nan 2.791832e-36
7011.060000 nan 2.970467e-36
7013.060000 nan 3.125312e-36
7015.060000 nan 3.187804e-36
7017.060000 nan 3.067893e-36
7019.060000 nan 3.011302e-36
7021.060000 nan 3.003502e-36
7023.060000 nan 3.055220e-36
7025.060000 nan 3.130703e-36
7027.060000 nan 3.130222e-36
7029.060000 nan 3.038304e-36
7031.060000 nan 2.757978e-36
7033.060000 nan 2.602282e-36
7035.060000 nan 2.564544e-36
7037.060000 nan 2.621710e-36
7039.060000 nan 2.708411e-36
7041.060000 nan 2.823682e-36
7043.060000 nan 2.995853e-36
7045.060000 nan 3.115299e-36
7047.060000 nan 3.178685e-36
7049.060000 nan 3.125374e-36
7051.060000 nan 3.138032e-36
7053.060000 nan 3.140121e-36
7055.060000 nan 3.053237e-36
7057.060000 nan 2.905372e-36
7059.060000 nan 2.849295e-36
7061.060000 nan 2.994640e-36
7063.060000 nan 3.005502e-36
7065.060000 nan 2.968536e-36
7067.060000 nan 2.890000e-36
7069.060000 nan 2.973692e-36
7071.060000 nan 3.005831e-36
7073.060000 nan 2.971289e-36
7075.060000 nan 2.795955e-36
7077.060000 nan 2.766144e-36
7079.060000 nan 2.867387e-36
7081.060000 nan 3.113966e-36
7083.060000 nan 3.101073e-36
7085.060000 nan 2.939821e-36
7087.060000 nan 2.817026e-36
7089.060000 nan 2.844894e-36
7091.060000 nan 2.880186e-36
7093.060000 nan 2.718980e-36
7095.060000 nan 2.544038e-36
7097.060000 nan 2.438723e-36
7099.060000 nan 2.505715e-36
7101.060000 nan 2.657719e-36
7103.060000 nan 2.762679e-36
7105.060000 nan 2.758935e-36
7107.060000 nan 2.711464e-36
7109.060000 nan 2.644153e-36
7111.060000 nan 2.557436e-36
7113.060000 nan 2.576244e-36
7115.060000 nan 2.586018e-36
7117.060000 nan 2.585158e-36
7119.060000 nan 2.597967e-36
7121.060000 nan 2.653822e-36
7123.060000 nan 2.722351e-36
7125.060000 nan 2.648537e-36
7127.060000 nan 2.614004e-36
7129.060000 nan 2.614477e-36
7131.060000 nan 2.675982e-36
7133.060000 nan 2.774098e-36
7135.060000 nan 2.852867e-36
7137.060000 nan 2.833516e-36
7139.060000 nan 2.905209e-36
7141.060000 nan 3.011382e-36
7143.060000 nan 3.138903e-36
7145.060000 nan 3.027464e-36
7147.060000 nan 2.894385e-36
7149.060000 nan 2.787743e-36
7151.060000 nan 2.850741e-36
7153.060000 nan 2.841567e-36
7155.060000 nan 2.734664e-36
7157.060000 nan 2.637228e-36
7159.060000 nan 2.622687e-36
7161.060000 nan 2.680860e-36
7163.060000 nan 2.747899e-36
7165.060000 nan 2.763940e-36
7167.060000 nan 2.730917e-36
7169.060000 nan 2.601047e-36
7171.060000 nan 2.431580e-36
7173.060000 nan 2.272747e-36
7175.060000 nan 2.225640e-36
7177.060000 nan 2.291560e-36
7179.060000 nan 2.427141e-36
7181.060000 nan 2.642373e-36
7183.060000 nan 2.656643e-36
7185.060000 nan 2.666806e-36
7187.060000 nan 2.754059e-36
7189.060000 nan 2.676423e-36
7191.060000 nan 2.538303e-36
7193.060000 nan 2.346246e-36
7195.060000 nan 2.523125e-36
7197.060000 nan 2.780711e-36
7199.060000 nan 3.093965e-36
7201.060000 nan 3.007783e-36
7203.060000 nan 2.829271e-36
7205.060000 nan 2.591814e-36
7207.060000 nan 2.483934e-36
7209.060000 nan 2.462093e-36
7211.060000 nan 2.481033e-36
7213.060000 nan 2.450634e-36
7215.060000 nan 2.520085e-36
7217.060000 nan 2.617691e-36
7219.060000 nan 2.667653e-36
7221.060000 nan 2.728632e-36
7223.060000 nan 2.731326e-36
7225.060000 nan 2.593707e-36
7227.060000 nan 2.563151e-36
7229.060000 nan 2.583903e-36
7231.060000 nan 2.656176e-36
7233.060000 nan 2.789259e-36
7235.060000 nan 2.990066e-36
7237.060000 nan 3.267836e-36
7239.060000 nan 3.721429e-36
7241.060000 nan 4.196152e-36
7243.060000 nan 4.657924e-36
7245.060000 nan 4.559763e-36
7247.060000 nan 4.307686e-36
7249.060000 nan 3.937350e-36
7251.060000 nan 3.500504e-36
7253.060000 nan 3.159635e-36
7255.060000 nan 2.900617e-36
7257.060000 nan 2.775033e-36
7259.060000 nan 2.673945e-36
7261.060000 nan 2.582922e-36
7263.060000 nan 2.494102e-36
7265.060000 nan 2.598004e-36
7267.060000 nan 2.769377e-36
7269.060000 nan 2.976837e-36
7271.060000 nan 3.418137e-36
7273.060000 nan 3.898472e-36
7275.060000 nan 4.382618e-36
7277.060000 nan 4.634994e-36
7279.060000 nan 4.655909e-36
7281.060000 nan 4.433317e-36
7283.060000 nan 4.077584e-36
7285.060000 nan 3.870369e-36
7287.060000 nan 3.777573e-36
7289.060000 nan 3.535604e-36
7291.060000 nan 3.350084e-36
7293.060000 nan 3.221816e-36
7295.060000 nan 3.218334e-36
7297.060000 nan 3.384942e-36
7299.060000 nan 3.576427e-36
7301.060000 nan 3.566495e-36
7303.060000 nan 3.484546e-36
7305.060000 nan 3.423561e-36
7307.060000 nan 3.475390e-36
7309.060000 nan 3.765994e-36
7311.060000 nan 4.046151e-36
7313.060000 nan 4.212094e-36
7315.060000 nan 4.297723e-36
7317.060000 nan 4.294742e-36
7319.060000 nan 4.185308e-36
7321.060000 nan 3.842198e-36
7323.060000 nan 3.706994e-36
7325.060000 nan 3.794367e-36
7327.060000 nan 3.899118e-36
7329.060000 nan 3.888302e-36
7331.060000 nan 3.814196e-36
7333.060000 nan 3.971261e-36
7335.060000 nan 4.028376e-36
7337.060000 nan 3.994651e-36
7339.060000 nan 3.797918e-36
7341.060000 nan 3.846180e-36
7343.060000 nan 3.837624e-36
7345.060000 nan 3.324512e-36
7347.060000 nan 2.787604e-36
7349.060000 nan 2.390796e-36
7351.060000 nan 2.321198e-36
7353.060000 nan 2.391837e-36
7355.060000 nan 2.528757e-36
7357.060000 nan 2.731849e-36
7359.060000 nan 2.742138e-36
7361.060000 nan 2.747217e-36
7363.060000 nan 2.767819e-36
7365.060000 nan 2.908107e-36
7367.060000 nan 3.123799e-36
7369.060000 nan 3.385358e-36
7371.060000 nan 3.267978e-36
7373.060000 nan 2.918109e-36
7375.060000 nan 2.419490e-36
7377.060000 nan 2.010553e-36
7379.060000 nan 2.020483e-36
7381.060000 nan 2.202757e-36
7383.060000 nan 2.205711e-36
7385.060000 nan 2.201188e-36
7387.060000 nan 2.266093e-36
7389.060000 nan 2.531235e-36
7391.060000 nan 2.738025e-36
7393.060000 nan 2.818816e-36
7395.060000 nan 2.678449e-36
7397.060000 nan 2.659820e-36
7399.060000 nan 2.656209e-36
7401.060000 nan 2.647937e-36
7403.060000 nan 2.614860e-36
7405.060000 nan 2.519878e-36
7407.060000 nan 2.358561e-36
7409.060000 nan 2.230490e-36
7411.060000 nan 2.170231e-36
7413.060000 nan 2.154675e-36
7415.060000 nan 2.002160e-36
7417.060000 nan 1.989530e-36
7419.060000 nan 2.054869e-36
7421.060000 nan 2.065802e-36
7423.060000 nan 2.052307e-36
7425.060000 nan 2.050614e-36
7427.060000 nan 2.130592e-36
7429.060000 nan 2.265506e-36
7431.060000 nan 2.347601e-36
7433.060000 nan 2.256734e-36
7435.060000 nan 2.300150e-36
7437.060000 nan 2.380242e-36
7439.060000 nan 2.474898e-36
7441.060000 nan 2.407765e-36
7443.060000 nan 2.348459e-36
7445.060000 nan 2.324690e-36
7447.060000 nan 2.284851e-36
7449.060000 nan 2.190292e-36
7451.060000 nan 2.046682e-36
7453.060000 nan 2.043327e-36
7455.060000 nan 2.027303e-36
7457.060000 nan 2.007023e-36
7459.060000 nan 2.031933e-36
7461.060000 nan 2.101717e-36
7463.060000 nan 2.206051e-36
7465.060000 nan 2.354270e-36
7467.060000 nan 2.394527e-36
7469.060000 nan 2.404628e-36
7471.060000 nan 2.457691e-36
7473.060000 nan 2.528586e-36
7475.060000 nan 2.609327e-36
7477.060000 nan 2.700541e-36
7479.060000 nan 2.687519e-36
7481.060000 nan 2.694076e-36
7483.060000 nan 2.761294e-36
7485.060000 nan 2.596287e-36
7487.060000 nan 2.390674e-36
7489.060000 nan 2.160611e-36
7491.060000 nan 2.116547e-36
7493.060000 nan 2.144510e-36
7495.060000 nan 2.231707e-36
7497.060000 nan 2.252558e-36
7499.060000 nan 2.145268e-36
7501.060000 nan 1.988625e-36
7503.060000 nan 2.085406e-36
7505.060000 nan 2.103131e-36
7507.060000 nan 2.086968e-36
7509.060000 nan 2.094553e-36
7511.060000 nan 2.220862e-36
7513.060000 nan 2.359813e-36
7515.060000 nan 2.417215e-36
7517.060000 nan 2.445380e-36
7519.060000 nan 2.574969e-36
7521.060000 nan 2.915188e-36
7523.060000 nan 3.040219e-36
7525.060000 nan 3.043397e-36
7527.060000 nan 2.915461e-36
7529.060000 nan 2.909987e-36
7531.060000 nan 2.822064e-36
7533.060000 nan 2.638174e-36
7535.060000 nan 2.524705e-36
7537.060000 nan 2.437766e-36
7539.060000 nan 2.364630e-36
7541.060000 nan 2.206430e-36
7543.060000 nan 2.061422e-36
7545.060000 nan 1.952960e-36
7547.060000 nan 1.999653e-36
7549.060000 nan 2.021850e-36
7551.060000 nan 2.026216e-36
7553.060000 nan 2.007068e-36
7555.060000 nan 2.120604e-36
7557.060000 nan 2.266040e-36
7559.060000 nan 2.387579e-36
7561.060000 nan 2.474253e-36
7563.060000 nan 2.466169e-36
7565.060000 nan 2.305656e-36
7567.060000 nan 2.374401e-36
7569.060000 nan 2.507511e-36
7571.060000 nan 2.691136e-36
7573.060000 nan 2.653887e-36
7575.060000 nan 2.494648e-36
7577.060000 nan 2.229045e-36
7579.060000 nan 2.119772e-36
7581.060000 nan 2.138187e-36
7583.060000 nan 2.250584e-36
7585.060000 nan 2.359775e-36
7587.060000 nan 2.269055e-36
7589.060000 nan 2.059998e-36
7591.060000 nan 1.813092e-36
7593.060000 nan 1.767056e-36
7595.060000 nan 1.818036e-36
7597.060000 nan 1.919863e-36
7599.060000 nan 1.780133e-36
7601.060000 nan 1.601627e-36
7603.060000 nan 1.481307e-36
7605.060000 nan 1.498833e-36
7607.060000 nan 1.552498e-36
7609.060000 nan 1.626125e-36
7611.060000 nan 1.584818e-36
7613.060000 nan 1.528048e-36
7615.060000 nan 1.464067e-36
7617.060000 nan 1.681504e-36
7619.060000 nan 1.812908e-36
7621.060000 nan 1.860131e-36
7623.060000 nan 1.811932e-36
7625.060000 nan 1.717060e-36
7627.060000 nan 1.623879e-36
7629.060000 nan 1.740901e-36
7631.060000 nan 1.775866e-36
7633.060000 nan 1.799458e-36
7635.060000 nan 1.935685e-36
7637.060000 nan 1.946291e-36
7639.060000 nan 1.878048e-36
7641.060000 nan 1.718293e-36
7643.060000 nan 1.656303e-36
7645.060000 nan 1.698783e-36
7647.060000 nan 1.896062e-36
7649.060000 nan 1.946397e-36
7651.060000 nan 2.000377e-36
7653.060000 nan 2.087741e-36
7655.060000 nan 2.153886e-36
7657.060000 nan 2.193142e-36
7659.060000 nan 2.203967e-36
7661.060000 nan 2.162689e-36
7663.060000 nan 2.088325e-36
7665.060000 nan 1.995766e-36
7667.060000 nan 1.987471e-36
7669.060000 nan 2.050418e-36
7671.060000 nan 2.147883e-36
7673.060000 nan 2.202162e-36
7675.060000 nan 2.184382e-36
7677.060000 nan 2.139557e-36
7679.060000 nan 2.110058e-36
7681.060000 nan 2.143831e-36
7683.060000 nan 2.199010e-36
7685.060000 nan 2.258785e-36
7687.060000 nan 2.381515e-36
7689.060000 nan 2.490863e-36
7691.060000 nan 2.556243e-36
7693.060000 nan 2.475944e-36
7695.060000 nan 2.414514e-36
7697.060000 nan 2.396562e-36
7699.060000 nan 2.505929e-36
7701.060000 nan 2.544536e-36
7703.060000 nan 2.513406e-36
7705.060000 nan 2.511634e-36
7707.060000 nan 2.807605e-36
7709.060000 nan 3.345203e-36
7711.060000 nan 4.083051e-36
7713.060000 nan 4.750996e-36
7715.060000 nan 5.266723e-36
7717.060000 nan 5.277683e-36
7719.060000 nan 4.836738e-36
7721.060000 nan 4.199852e-36
7723.060000 nan 3.503946e-36
7725.060000 nan 3.147902e-36
7727.060000 nan 2.948833e-36
7729.060000 nan 2.888153e-36
7731.060000 nan 2.761862e-36
7733.060000 nan 2.692385e-36
7735.060000 nan 2.726284e-36
7737.060000 nan 2.758016e-36
7739.060000 nan 2.758999e-36
7741.060000 nan 2.724791e-36
7743.060000 nan 3.061788e-36
7745.060000 nan 3.555998e-36
7747.060000 nan 4.196011e-36
7749.060000 nan 4.957721e-36
7751.060000 nan 5.275938e-36
7753.060000 nan 5.175093e-36
7755.060000 nan 4.278688e-36
7757.060000 nan 3.797990e-36
7759.060000 nan 3.593224e-36
7761.060000 nan 3.673525e-36
7763.060000 nan 3.421729e-36
7765.060000 nan 3.094063e-36
7767.060000 nan 2.863598e-36
7769.060000 nan 2.986703e-36
7771.060000 nan 3.112101e-36
7773.060000 nan 3.092704e-36
7775.060000 nan 3.198699e-36
7777.060000 nan 3.237951e-36
7779.060000 nan 3.162533e-36
7781.060000 nan 3.260210e-36
7783.060000 nan 3.278406e-36
7785.060000 nan 3.206579e-36
7787.060000 nan 3.181236e-36
7789.060000 nan 3.250106e-36
7791.060000 nan 3.435525e-36
7793.060000 nan 4.026036e-36
7795.060000 nan 4.050341e-36
7797.060000 nan 3.678752e-36
7799.060000 nan 2.986522e-36
7801.060000 nan 2.618769e-36
7803.060000 nan 2.505770e-36
7805.060000 nan 2.769384e-36
7807.060000 nan 3.091967e-36
7809.060000 nan 3.364111e-36
7811.060000 nan 3.481185e-36
7813.060000 nan 3.028886e-36
7815.060000 nan 2.867628e-36
7817.060000 nan 3.372191e-36
7819.060000 nan 4.002979e-36
7821.060000 nan 4.537840e-36
7823.060000 nan 4.937489e-36
7825.060000 nan 3.928805e-36
7827.060000 nan 3.132214e-36
7829.060000 nan 2.583604e-36
7831.060000 nan 2.437339e-36
7833.060000 nan 2.403337e-36
7835.060000 nan 2.481951e-36
7837.060000 nan 2.802405e-36
7839.060000 nan 2.893824e-36
7841.060000 nan 2.906475e-36
7843.060000 nan 3.097621e-36
7845.060000 nan 3.093023e-36
7847.060000 nan 3.305998e-36
7849.060000 nan 4.349539e-36
7851.060000 nan 4.879933e-36
7853.060000 nan 5.218283e-36
7855.060000 nan 5.435375e-36
7857.060000 nan 4.865084e-36
7859.060000 nan 4.476894e-36
7861.060000 nan 4.546187e-36
7863.060000 nan 4.086999e-36
7865.060000 nan 3.796543e-36
7867.060000 nan 3.739067e-36
7869.060000 nan 3.936103e-36
7871.060000 nan 4.004485e-36
7873.060000 nan 3.942021e-36
7875.060000 nan 3.617427e-36
7877.060000 nan 3.560272e-36
7879.060000 nan 3.668246e-36
7881.060000 nan 3.741679e-36
7883.060000 nan 3.728366e-36
7885.060000 nan 3.693666e-36
7887.060000 nan 3.729920e-36
7889.060000 nan 3.850847e-36
7891.060000 nan 3.885368e-36
7893.060000 nan 3.632311e-36
7895.060000 nan 3.149468e-36
7897.060000 nan 2.738395e-36
7899.060000 nan 2.549364e-36
7901.060000 nan 2.384200e-36
7903.060000 nan 2.333063e-36
7905.060000 nan 2.432205e-36
7907.060000 nan 2.816674e-36
7909.060000 nan 3.714915e-36
7911.060000 nan 5.099145e-36
7913.060000 nan 5.641603e-36
7915.060000 nan 5.683134e-36
7917.060000 nan 5.330040e-36
7919.060000 nan 4.896342e-36
7921.060000 nan 4.451132e-36
7923.060000 nan 4.032038e-36
7925.060000 nan 3.772757e-36
7927.060000 nan 3.410101e-36
7929.060000 nan 3.122845e-36
7931.060000 nan 3.211337e-36
7933.060000 nan 3.370402e-36
7935.060000 nan 3.343074e-36
7937.060000 nan 2.855268e-36
7939.060000 nan 2.737383e-36
7941.060000 nan 2.813833e-36
7943.060000 nan 3.096645e-36
7945.060000 nan 3.050889e-36
7947.060000 nan 3.211281e-36
7949.060000 nan 3.660937e-36
7951.060000 nan 3.372276e-36
7953.060000 nan 3.130473e-36
7955.060000 nan 2.948666e-36
7957.060000 nan 2.876209e-36
7959.060000 nan 3.233693e-36
7961.060000 nan 3.942180e-36
7963.060000 nan 5.016279e-36
7965.060000 nan 5.561168e-36
7967.060000 nan 5.609139e-36
7969.060000 nan 4.731180e-36
7971.060000 nan 3.915962e-36
7973.060000 nan 3.277069e-36
7975.060000 nan 3.062866e-36
7977.060000 nan 3.442640e-36
7979.060000 nan 3.824109e-36
7981.060000 nan 3.914173e-36
7983.060000 nan 3.346693e-36
7985.060000 nan 2.952480e-36
7987.060000 nan 2.957166e-36
7989.060000 nan 3.741073e-36
7991.060000 nan 4.447804e-36
7993.060000 nan 5.008135e-36
7995.060000 nan 4.961709e-36
7997.060000 nan 4.418604e-36
7999.060000 nan 3.506206e-36
8001.060000 nan 3.115529e-36
8003.060000 nan 2.906359e-36
8005.060000 nan 2.802312e-36
8007.060000 nan 2.650076e-36
8009.060000 nan 2.851876e-36
8011.060000 nan 3.175082e-36
8013.060000 nan 3.351518e-36
8015.060000 nan 3.693300e-36
8017.060000 nan 3.848141e-36
8019.060000 nan 3.413933e-36
8021.060000 nan 3.723493e-36
8023.060000 nan 4.179282e-36
8025.060000 nan 4.614558e-36
8027.060000 nan 4.862965e-36
8029.060000 nan 4.509640e-36
8031.060000 nan 3.387731e-36
8033.060000 nan 2.790886e-36
8035.060000 nan 2.605081e-36
8037.060000 nan 2.791198e-36
8039.060000 nan 2.423856e-36
8041.060000 nan 2.390359e-36
8043.060000 nan 2.605538e-36
8045.060000 nan 2.793691e-36
8047.060000 nan 2.978443e-36
8049.060000 nan 3.162375e-36
8051.060000 nan 3.351457e-36
8053.060000 nan 3.377154e-36
8055.060000 nan 3.330623e-36
8057.060000 nan 3.267167e-36
8059.060000 nan 3.597865e-36
8061.060000 nan 3.903759e-36
8063.060000 nan 3.913958e-36
8065.060000 nan 3.570153e-36
8067.060000 nan 3.198552e-36
8069.060000 nan 2.882342e-36
8071.060000 nan 2.440507e-36
8073.060000 nan 2.205611e-36
8075.060000 nan 2.231671e-36
8077.060000 nan 2.395273e-36
8079.060000 nan 2.497149e-36
8081.060000 nan 2.551796e-36
8083.060000 nan 2.761142e-36
8085.060000 nan 2.924457e-36
8087.060000 nan 3.014127e-36
8089.060000 nan 2.820627e-36
8091.060000 nan 2.675738e-36
8093.060000 nan 2.565900e-36
8095.060000 nan 2.498313e-36
8097.060000 nan 2.723209e-36
8099.060000 nan 2.941891e-36
8101.060000 nan 2.858660e-36
8103.060000 nan 2.804079e-36
8105.060000 nan 2.810374e-36
8107.060000 nan 2.921369e-36
8109.060000 nan 3.062803e-36
8111.060000 nan 3.042154e-36
8113.060000 nan 2.782009e-36
8115.060000 nan 2.821312e-36
8117.060000 nan 2.870303e-36
8119.060000 nan 2.906039e-36
8121.060000 nan 2.621970e-36
8123.060000 nan 2.619905e-36
8125.060000 nan 2.820041e-36
8127.060000 nan 2.713061e-36
8129.060000 nan 2.643594e-36
8131.060000 nan 2.613819e-36
8133.060000 nan 2.675097e-36
8135.060000 nan 2.783117e-36
8137.060000 nan 2.879673e-36
8139.060000 nan 2.864406e-36
8141.060000 nan 3.006045e-36
8143.060000 nan 3.102226e-36
8145.060000 nan 2.971354e-36
8147.060000 nan 2.796473e-36
8149.060000 nan 2.653586e-36
8151.060000 nan 2.582040e-36
8153.060000 nan 2.664698e-36
8155.060000 nan 2.751418e-36
8157.060000 nan 2.821160e-36
8159.060000 nan 2.826113e-36
8161.060000 nan 2.903032e-36
8163.060000 nan 3.038328e-36
8165.060000 nan 2.834528e-36
8167.060000 nan 2.723814e-36
8169.060000 nan 2.691625e-36
8171.060000 nan 2.738098e-36
8173.060000 nan 2.792781e-36
8175.060000 nan 2.847982e-36
8177.060000 nan 2.884953e-36
8179.060000 nan 2.768443e-36
8181.060000 nan 2.661186e-36
8183.060000 nan 2.765219e-36
8185.060000 nan 2.848893e-36
8187.060000 nan 2.923544e-36
8189.060000 nan 2.990868e-36
8191.060000 nan 3.081720e-36
8193.060000 nan 3.154054e-36
8195.060000 nan 3.191185e-36
8197.060000 nan 2.916423e-36
8199.060000 nan 2.684595e-36
8201.060000 nan 2.532855e-36
8203.060000 nan 2.677679e-36
8205.060000 nan 2.694661e-36
8207.060000 nan 2.607778e-36
8209.060000 nan 2.676638e-36
8211.060000 nan 2.750882e-36
8213.060000 nan 2.825247e-36
8215.060000 nan 2.877391e-36
8217.060000 nan 2.746076e-36
8219.060000 nan 2.599412e-36
8221.060000 nan 2.743649e-36
8223.060000 nan 2.810146e-36
8225.060000 nan 2.799721e-36
8227.060000 nan 2.658511e-36
8229.060000 nan 2.620879e-36
8231.060000 nan 2.647102e-36
8233.060000 nan 2.748429e-36
8235.060000 nan 2.916493e-36
8237.060000 nan 2.928200e-36
8239.060000 nan 2.706668e-36
8241.060000 nan 2.747039e-36
8243.060000 nan 2.868045e-36
8245.060000 nan 3.050682e-36
8247.060000 nan 2.775043e-36
8249.060000 nan 2.646659e-36
8251.060000 nan 2.627131e-36
8253.060000 nan 2.514454e-36
8255.060000 nan 2.514985e-36
8257.060000 nan 2.596208e-36
8259.060000 nan 2.744455e-36
8261.060000 nan 2.744525e-36
8263.060000 nan 2.712567e-36
8265.060000 nan 2.791092e-36
8267.060000 nan 2.734709e-36
8269.060000 nan 2.720159e-36
8271.060000 nan 2.899920e-36
8273.060000 nan 3.261892e-36
8275.060000 nan 3.690925e-36
8277.060000 nan 4.172835e-36
8279.060000 nan 4.638726e-36
8281.060000 nan 5.061623e-36
8283.060000 nan 5.431942e-36
8285.060000 nan 5.601156e-36
8287.060000 nan 5.657984e-36
8289.060000 nan 5.608474e-36
8291.060000 nan 5.488628e-36
8293.060000 nan 5.583582e-36
8295.060000 nan 5.894603e-36
8297.060000 nan 6.671379e-36
8299.060000 nan 6.626591e-36
8301.060000 nan 6.018523e-36
8303.060000 nan 4.877836e-36
8305.060000 nan 4.259181e-36
8307.060000 nan 3.931761e-36
8309.060000 nan 3.862094e-36
8311.060000 nan 3.799199e-36
8313.060000 nan 3.745172e-36
8315.060000 nan 3.705826e-36
8317.060000 nan 3.387720e-36
8319.060000 nan 3.093063e-36
8321.060000 nan 2.903826e-36
8323.060000 nan 3.015018e-36
8325.060000 nan 3.112296e-36
8327.060000 nan 3.167550e-36
8329.060000 nan 3.261658e-36
8331.060000 nan 3.404757e-36
8333.060000 nan 3.579708e-36
8335.060000 nan 3.612102e-36
8337.060000 nan 4.055223e-36
8339.060000 nan 4.975280e-36
8341.060000 nan 7.177815e-36
8343.060000 nan 8.935356e-36
8345.060000 nan 1.003146e-35
8347.060000 nan 9.445317e-36
8349.060000 nan 8.171075e-36
8351.060000 nan 6.895855e-36
8353.060000 nan 6.223751e-36
8355.060000 nan 5.542063e-36
8357.060000 nan 4.922958e-36
8359.060000 nan 4.424119e-36
8361.060000 nan 4.530907e-36
8363.060000 nan 4.639090e-36
8365.060000 nan 4.640524e-36
8367.060000 nan 4.215404e-36
8369.060000 nan 3.753947e-36
8371.060000 nan 3.284664e-36
8373.060000 nan 3.169237e-36
8375.060000 nan 3.345792e-36
8377.060000 nan 3.769133e-36
8379.060000 nan 4.357963e-36
8381.060000 nan 4.743978e-36
8383.060000 nan 4.910048e-36
8385.060000 nan 4.565843e-36
8387.060000 nan 4.153115e-36
8389.060000 nan 3.818521e-36
8391.060000 nan 3.833876e-36
8393.060000 nan 4.587570e-36
8395.060000 nan 5.948567e-36
8397.060000 nan 8.190871e-36
8399.060000 nan 9.092694e-36
8401.060000 nan 8.746115e-36
8403.060000 nan 6.744412e-36
8405.060000 nan 5.060715e-36
8407.060000 nan 4.102857e-36
8409.060000 nan 4.011033e-36
8411.060000 nan 4.477245e-36
8413.060000 nan 5.086239e-36
8415.060000 nan 5.758581e-36
8417.060000 nan 5.283510e-36
8419.060000 nan 4.750991e-36
8421.060000 nan 4.282262e-36
8423.060000 nan 4.580203e-36
8425.060000 nan 5.748022e-36
8427.060000 nan 7.452927e-36
8429.060000 nan 9.494220e-36
8431.060000 nan 9.579700e-36
8433.060000 nan 8.514705e-36
8435.060000 nan 6.286728e-36
8437.060000 nan 4.800434e-36
8439.060000 nan 3.764967e-36
8441.060000 nan 3.256513e-36
8443.060000 nan 3.304707e-36
8445.060000 nan 3.552716e-36
8447.060000 nan 3.970135e-36
8449.060000 nan 4.443948e-36
8451.060000 nan 4.900472e-36
8453.060000 nan 5.328406e-36
8455.060000 nan 4.826234e-36
8457.060000 nan 4.597637e-36
8459.060000 nan 4.676667e-36
8461.060000 nan 5.675553e-36
8463.060000 nan 6.579776e-36
8465.060000 nan 7.229772e-36
8467.060000 nan 6.737577e-36
8469.060000 nan 5.772449e-36
8471.060000 nan 4.644202e-36
8473.060000 nan 3.732974e-36
8475.060000 nan 3.365823e-36
8477.060000 nan 3.254905e-36
8479.060000 nan 3.331826e-36
8481.060000 nan 3.284931e-36
8483.060000 nan 3.211607e-36
8485.060000 nan 3.139649e-36
8487.060000 nan 3.109969e-36
8489.060000 nan 3.301235e-36
8491.060000 nan 3.784361e-36
8493.060000 nan 4.325723e-36
8495.060000 nan 4.489639e-36
8497.060000 nan 4.271679e-36
8499.060000 nan 4.237108e-36
8501.060000 nan 4.753872e-36
8503.060000 nan 5.640170e-36
8505.060000 nan 6.031966e-36
8507.060000 nan 5.551752e-36
8509.060000 nan 4.610746e-36
8511.060000 nan 3.867192e-36
8513.060000 nan 3.441353e-36
8515.060000 nan 3.281183e-36
8517.060000 nan 3.541301e-36
8519.060000 nan 3.492710e-36
8521.060000 nan 3.370435e-36
8523.060000 nan 3.283644e-36
8525.060000 nan 3.181331e-36
8527.060000 nan 3.161241e-36
8529.060000 nan 3.279950e-36
8531.060000 nan 3.459598e-36
8533.060000 nan 3.620530e-36
8535.060000 nan 3.751666e-36
8537.060000 nan 3.761552e-36
8539.060000 nan 3.729110e-36
8541.060000 nan 3.662546e-36
8543.060000 nan 3.651752e-36
8545.060000 nan 3.804126e-36
8547.060000 nan 4.081813e-36
8549.060000 nan 4.442975e-36
8551.060000 nan 4.499259e-36
8553.060000 nan 4.333432e-36
8555.060000 nan 3.899057e-36
8557.060000 nan 3.692068e-36
8559.060000 nan 3.585482e-36
8561.060000 nan 3.524108e-36
8563.060000 nan 3.553891e-36
8565.060000 nan 3.621770e-36
8567.060000 nan 3.720039e-36
8569.060000 nan 3.767156e-36
8571.060000 nan 3.765831e-36
8573.060000 nan 3.704566e-36
8575.060000 nan 3.625782e-36
8577.060000 nan 3.533501e-36
8579.060000 nan 3.429542e-36
8581.060000 nan 3.523996e-36
8583.060000 nan 3.645270e-36
8585.060000 nan 3.778281e-36
8587.060000 nan 3.788764e-36
8589.060000 nan 3.665553e-36
8591.060000 nan 3.488649e-36
8593.060000 nan 3.481743e-36
8595.060000 nan 3.584871e-36
8597.060000 nan 3.692644e-36
8599.060000 nan 3.637488e-36
8601.060000 nan 3.490513e-36
8603.060000 nan 3.367975e-36
8605.060000 nan 3.378211e-36
8607.060000 nan 3.488174e-36
8609.060000 nan 3.677205e-36
8611.060000 nan 3.969193e-36
8613.060000 nan 4.195931e-36
8615.060000 nan 4.435977e-36
8617.060000 nan 4.703813e-36
8619.060000 nan 4.858091e-36
8621.060000 nan 5.298657e-36
8623.060000 nan 6.015388e-36
8625.060000 nan 6.339461e-36
8627.060000 nan 6.648904e-36
8629.060000 nan 6.948596e-36
8631.060000 nan 7.259237e-36
8633.060000 nan 7.281299e-36
8635.060000 nan 7.026837e-36
8637.060000 nan 6.234015e-36
8639.060000 nan 5.548834e-36
8641.060000 nan 5.078601e-36
8643.060000 nan 5.135271e-36
8645.060000 nan 5.473890e-36
8647.060000 nan 5.871531e-36
8649.060000 nan 6.224587e-36
8651.060000 nan 6.498046e-36
8653.060000 nan 6.740848e-36
8655.060000 nan 6.957121e-36
8657.060000 nan 7.129681e-36
8659.060000 nan 7.288010e-36
8661.060000 nan 7.433846e-36
8663.060000 nan 7.274303e-36
8665.060000 nan 7.129013e-36
8667.060000 nan 7.014120e-36
8669.060000 nan 7.129665e-36
8671.060000 nan 6.823296e-36
8673.060000 nan 6.243768e-36
8675.060000 nan 5.758116e-36
8677.060000 nan 5.421225e-36
8679.060000 nan 5.196255e-36
8681.060000 nan 5.119208e-36
8683.060000 nan 5.186653e-36
8685.060000 nan 5.195476e-36
8687.060000 nan 4.904953e-36
8689.060000 nan 4.433489e-36
8691.060000 nan 3.974613e-36
8693.060000 nan 3.625255e-36
8695.060000 nan 3.586766e-36
8697.060000 nan 3.555347e-36
8699.060000 nan 3.470195e-36
8701.060000 nan 3.735445e-36
8703.060000 nan 4.002529e-36
8705.060000 nan 4.242145e-36
8707.060000 nan 3.998204e-36
8709.060000 nan 3.764986e-36
8711.060000 nan 3.550714e-36
8713.060000 nan 3.445972e-36
8715.060000 nan 3.568240e-36
8717.060000 nan 3.799855e-36
8719.060000 nan 3.869079e-36
8721.060000 nan 3.808835e-36
8723.060000 nan 3.714876e-36
8725.060000 nan 3.705138e-36
8727.060000 nan 3.617875e-36
8729.060000 nan 3.533238e-36
8731.060000 nan 3.513379e-36
8733.060000 nan 3.458012e-36
8735.060000 nan 3.457925e-36
8737.060000 nan 3.566660e-36
8739.060000 nan 3.707829e-36
8741.060000 nan 3.746716e-36
8743.060000 nan 3.648073e-36
8745.060000 nan 3.568530e-36
8747.060000 nan 3.503602e-36
8749.060000 nan 3.461255e-36
8751.060000 nan 3.630934e-36
8753.060000 nan 4.068715e-36
8755.060000 nan 4.788740e-36
8757.060000 nan 6.189067e-36
8759.060000 nan 7.596104e-36
8761.060000 nan 8.901244e-36
8763.060000 nan 9.725362e-36
8765.060000 nan 1.018118e-35
8767.060000 nan 1.027574e-35
8769.060000 nan 9.726932e-36
8771.060000 nan 9.149053e-36
8773.060000 nan 8.953365e-36
8775.060000 nan 9.586751e-36
8777.060000 nan 9.683704e-36
8779.060000 nan 8.967737e-36
8781.060000 nan 7.122575e-36
8783.060000 nan 5.707185e-36
8785.060000 nan 5.042809e-36
8787.060000 nan 5.219153e-36
8789.060000 nan 5.507660e-36
8791.060000 nan 5.532083e-36
8793.060000 nan 5.280849e-36
8795.060000 nan 4.440288e-36
8797.060000 nan 3.762206e-36
8799.060000 nan 3.268794e-36
8801.060000 nan 3.264596e-36
8803.060000 nan 3.579344e-36
8805.060000 nan 4.000540e-36
8807.060000 nan 4.225335e-36
8809.060000 nan 4.212122e-36
8811.060000 nan 4.142346e-36
8813.060000 nan 4.143917e-36
8815.060000 nan 4.109577e-36
8817.060000 nan 4.318998e-36
8819.060000 nan 5.007200e-36
8821.060000 nan 7.647046e-36
8823.060000 nan 1.110268e-35
8825.060000 nan 1.533314e-35
8827.060000 nan 1.647209e-35
8829.060000 nan 1.575558e-35
8831.060000 nan 1.326031e-35
8833.060000 nan 1.167990e-35
8835.060000 nan 1.047564e-35
8837.060000 nan 9.551943e-36
8839.060000 nan 8.415485e-36
8841.060000 nan 7.627148e-36
8843.060000 nan 7.133319e-36
8845.060000 nan 7.089076e-36
8847.060000 nan 7.080028e-36
8849.060000 nan 7.038426e-36
8851.060000 nan 6.836134e-36
8853.060000 nan 6.456068e-36
8855.060000 nan 5.981124e-36
8857.060000 nan 5.412227e-36
8859.060000 nan 5.132611e-36
8861.060000 nan 5.120827e-36
8863.060000 nan 5.467745e-36
8865.060000 nan 6.069827e-36
8867.060000 nan 6.465450e-36
8869.060000 nan 6.564217e-36
8871.060000 nan 5.758351e-36
8873.060000 nan 4.826140e-36
8875.060000 nan 3.857667e-36
8877.060000 nan 4.222842e-36
8879.060000 nan 5.461320e-36
8881.060000 nan 7.419273e-36
8883.060000 nan 1.004740e-35
8885.060000 nan 1.177466e-35
8887.060000 nan 1.242534e-35
8889.060000 nan 1.047025e-35
8891.060000 nan 7.825602e-36
8893.060000 nan 5.495883e-36
8895.060000 nan 4.869690e-36
8897.060000 nan 5.412324e-36
8899.060000 nan 6.319170e-36
8901.060000 nan 7.337152e-36
8903.060000 nan 7.619082e-36
8905.060000 nan 7.396840e-36
8907.060000 nan 6.585908e-36
8909.060000 nan 5.726486e-36
8911.060000 nan 5.686404e-36
8913.060000 nan 6.593201e-36
8915.060000 nan 9.359322e-36
8917.060000 nan 1.195935e-35
8919.060000 nan 1.417388e-35
8921.060000 nan 1.318453e-35
8923.060000 nan 1.086399e-35
8925.060000 nan 7.862787e-36
8927.060000 nan 6.019245e-36
8929.060000 nan 5.152456e-36
8931.060000 nan 4.829574e-36
8933.060000 nan 4.783645e-36
8935.060000 nan 4.887287e-36
8937.060000 nan 5.245751e-36
8939.060000 nan 6.127825e-36
8941.060000 nan 7.061053e-36
8943.060000 nan 7.618598e-36
8945.060000 nan 7.456880e-36
8947.060000 nan 6.782089e-36
8949.060000 nan 6.408075e-36
8951.060000 nan 6.541488e-36
8953.060000 nan 7.825227e-36
8955.060000 nan 9.502716e-36
8957.060000 nan 1.146185e-35
8959.060000 nan 1.062227e-35
8961.060000 nan 8.868770e-36
8963.060000 nan 6.515481e-36
8965.060000 nan 5.289107e-36
8967.060000 nan 4.489567e-36
8969.060000 nan 3.986232e-36
8971.060000 nan 3.713282e-36
8973.060000 nan 3.539975e-36
8975.060000 nan 3.443316e-36
8977.060000 nan 3.457152e-36
8979.060000 nan 3.830930e-36
8981.060000 nan 4.299092e-36
8983.060000 nan 4.737329e-36
8985.060000 nan 5.268816e-36
8987.060000 nan 5.767935e-36
8989.060000 nan 6.183502e-36
8991.060000 nan 6.105821e-36
8993.060000 nan 5.877403e-36
8995.060000 nan 5.521827e-36
8997.060000 nan 6.089651e-36
8999.060000 nan 6.877622e-36
9001.060000 nan 7.783173e-36
9003.060000 nan 7.320815e-36
9005.060000 nan 6.351928e-36
9007.060000 nan 5.105874e-36
9009.060000 nan 4.462362e-36
9011.060000 nan 4.140980e-36
9013.060000 nan 4.074472e-36
9015.060000 nan 4.371196e-36
9017.060000 nan 4.542326e-36
9019.060000 nan 4.649297e-36
9021.060000 nan 4.709245e-36
9023.060000 nan 4.491848e-36
9025.060000 nan 4.260199e-36
9027.060000 nan 4.144816e-36
9029.060000 nan 4.197863e-36
9031.060000 nan 4.405078e-36
9033.060000 nan 4.804115e-36
9035.060000 nan 5.525306e-36
9037.060000 nan 6.124047e-36
9039.060000 nan 6.556249e-36
9041.060000 nan 6.351253e-36
9043.060000 nan 6.087594e-36
9045.060000 nan 5.826093e-36
9047.060000 nan 6.207520e-36
9049.060000 nan 6.459549e-36
9051.060000 nan 6.516217e-36
9053.060000 nan 5.908746e-36
9055.060000 nan 5.405335e-36
9057.060000 nan 4.944260e-36
9059.060000 nan 4.458968e-36
9061.060000 nan 4.484691e-36
9063.060000 nan 4.582834e-36
9065.060000 nan 4.435324e-36
9067.060000 nan 4.218701e-36
9069.060000 nan 4.027866e-36
9071.060000 nan 3.911449e-36
9073.060000 nan 4.268223e-36
9075.060000 nan 4.520048e-36
9077.060000 nan 4.550759e-36
9079.060000 nan 4.423986e-36
9081.060000 nan 4.364823e-36
9083.060000 nan 4.378221e-36
9085.060000 nan 4.291057e-36
9087.060000 nan 4.280282e-36
9089.060000 nan 4.354930e-36
9091.060000 nan 4.669095e-36
9093.060000 nan 4.957777e-36
9095.060000 nan 5.210287e-36
9097.060000 nan 5.357703e-36
9099.060000 nan 5.799227e-36
9101.060000 nan 6.302665e-36
9103.060000 nan 6.612455e-36
9105.060000 nan 6.476087e-36
9107.060000 nan 6.143290e-36
9109.060000 nan 5.661584e-36
9111.060000 nan 5.118990e-36
9113.060000 nan 4.673888e-36
9115.060000 nan 4.406079e-36
9117.060000 nan 4.735855e-36
9119.060000 nan 4.895779e-36
9121.060000 nan 4.780255e-36
9123.060000 nan 4.723300e-36
9125.060000 nan 4.799307e-36
9127.060000 nan 4.966568e-36
9129.060000 nan 4.607084e-36
9131.060000 nan 4.370566e-36
9133.060000 nan 4.237342e-36
9135.060000 nan 4.229014e-36
9137.060000 nan 4.227799e-36
9139.060000 nan 4.187131e-36
9141.060000 nan 3.968461e-36
9143.060000 nan 4.313174e-36
9145.060000 nan 4.777341e-36
9147.060000 nan 4.994879e-36
9149.060000 nan 5.290959e-36
9151.060000 nan 5.388455e-36
9153.060000 nan 5.052768e-36
9155.060000 nan 5.023936e-36
9157.060000 nan 5.040380e-36
9159.060000 nan 5.055979e-36
9161.060000 nan 5.114219e-36
9163.060000 nan 5.108613e-36
9165.060000 nan 5.030292e-36
9167.060000 nan 5.037346e-36
9169.060000 nan 4.900357e-36
9171.060000 nan 4.641884e-36
9173.060000 nan 4.369308e-36
9175.060000 nan 4.317475e-36
9177.060000 nan 4.435586e-36
9179.060000 nan 4.733648e-36
9181.060000 nan 4.835895e-36
9183.060000 nan 4.843261e-36
9185.060000 nan 4.833485e-36
9187.060000 nan 4.986200e-36
9189.060000 nan 5.263047e-36
9191.060000 nan 5.714705e-36
9193.060000 nan 6.138432e-36
9195.060000 nan 6.387326e-36
9197.060000 nan 6.335938e-36
9199.060000 nan 6.306795e-36
9201.060000 nan 6.045773e-36
9203.060000 nan 5.473919e-36
9205.060000 nan 5.113448e-36
9207.060000 nan 4.870548e-36
9209.060000 nan 4.755535e-36
9211.060000 nan 5.136313e-36
9213.060000 nan 5.405335e-36
9215.060000 nan 5.643496e-36
9217.060000 nan 6.337221e-36
9219.060000 nan 6.966628e-36
9221.060000 nan 7.430108e-36
9223.060000 nan 7.281920e-36
9225.060000 nan 6.546131e-36
9227.060000 nan 5.675903e-36
9229.060000 nan 5.130997e-36
9231.060000 nan 4.877929e-36
9233.060000 nan 4.634119e-36
9235.060000 nan 4.231446e-36
9237.060000 nan 4.601210e-36
9239.060000 nan 4.974915e-36
9241.060000 nan 5.137170e-36
9243.060000 nan 4.937792e-36
9245.060000 nan 4.981078e-36
9247.060000 nan 5.352693e-36
9249.060000 nan 5.646133e-36
9251.060000 nan 5.837527e-36
9253.060000 nan 5.919431e-36
9255.060000 nan 5.721258e-36
9257.060000 nan 5.524080e-36
9259.060000 nan 5.365211e-36
9261.060000 nan 5.458181e-36
9263.060000 nan 5.353870e-36
9265.060000 nan 5.126450e-36
9267.060000 nan 4.804123e-36
9269.060000 nan 4.576381e-36
9271.060000 nan 4.552242e-36
9273.060000 nan 4.986384e-36
9275.060000 nan 5.082979e-36
9277.060000 nan 5.264726e-36
9279.060000 nan 5.770491e-36
9281.060000 nan 5.567113e-36
9283.060000 nan 5.492017e-36
9285.060000 nan 5.747305e-36
9287.060000 nan 5.896782e-36
9289.060000 nan 5.847552e-36
9291.060000 nan 5.584001e-36
9293.060000 nan 4.944491e-36
9295.060000 nan 4.896094e-36
9297.060000 nan 5.384912e-36
9299.060000 nan 6.450473e-36
9301.060000 nan 8.298092e-36
9303.060000 nan 1.088978e-35
9305.060000 nan 1.492473e-35
9307.060000 nan 1.898240e-35
9309.060000 nan 2.215220e-35
9311.060000 nan 2.222855e-35
9313.060000 nan 2.154227e-35
9315.060000 nan 1.972418e-35
9317.060000 nan 1.577679e-35
9319.060000 nan 1.387458e-35
9321.060000 nan 1.335093e-35
9323.060000 nan 1.449684e-35
9325.060000 nan 1.355262e-35
9327.060000 nan 1.170734e-35
9329.060000 nan 8.993357e-36
9331.060000 nan 7.955809e-36
9333.060000 nan 7.835570e-36
9335.060000 nan 8.583490e-36
9337.060000 nan 9.807499e-36
9339.060000 nan 9.097672e-36
9341.060000 nan 7.048394e-36
9343.060000 nan 5.726548e-36
9345.060000 nan 5.063765e-36
9347.060000 nan 4.794030e-36
9349.060000 nan 4.662368e-36
9351.060000 nan 4.606471e-36
9353.060000 nan 4.545877e-36
9355.060000 nan 4.380592e-36
9357.060000 nan 4.529907e-36
9359.060000 nan 4.897492e-36
9361.060000 nan 5.545803e-36
9363.060000 nan 6.300590e-36
9365.060000 nan 7.105779e-36
9367.060000 nan 7.961557e-36
9369.060000 nan 9.714725e-36
9371.060000 nan 1.338361e-35
9373.060000 nan 1.921598e-35
9375.060000 nan 2.359338e-35
9377.060000 nan 2.330725e-35
9379.060000 nan 1.876784e-35
9381.060000 nan 1.244238e-35
9383.060000 nan 9.067682e-36
9385.060000 nan 7.912879e-36
9387.060000 nan 8.377301e-36
9389.060000 nan 7.975220e-36
9391.060000 nan 7.383332e-36
9393.060000 nan 7.710454e-36
9395.060000 nan 8.695362e-36
9397.060000 nan 9.697196e-36
9399.060000 nan 1.013436e-35
9401.060000 nan 9.989031e-36
9403.060000 nan 9.292951e-36
9405.060000 nan 7.810636e-36
9407.060000 nan 7.836505e-36
9409.060000 nan 7.984377e-36
9411.060000 nan 8.014321e-36
9413.060000 nan 9.044153e-36
9415.060000 nan 1.087922e-35
9417.060000 nan 1.349516e-35
9419.060000 nan 1.521451e-35
9421.060000 nan 1.435045e-35
9423.060000 nan 1.147533e-35
9425.060000 nan 9.210018e-36
9427.060000 nan 8.143169e-36
9429.060000 nan 7.936161e-36
9431.060000 nan 8.468177e-36
9433.060000 nan 1.072308e-35
9435.060000 nan 1.423931e-35
9437.060000 nan 1.944703e-35
9439.060000 nan 2.318882e-35
9441.060000 nan 2.430533e-35
9443.060000 nan 2.034695e-35
9445.060000 nan 1.515328e-35
9447.060000 nan 1.144412e-35
9449.060000 nan 1.067826e-35
9451.060000 nan 9.874872e-36
9453.060000 nan 1.026466e-35
9455.060000 nan 1.217806e-35
9457.060000 nan 1.584415e-35
9459.060000 nan 1.728435e-35
9461.060000 nan 1.638904e-35
9463.060000 nan 1.223087e-35
9465.060000 nan 9.449182e-36
9467.060000 nan 7.996065e-36
9469.060000 nan 9.096427e-36
9471.060000 nan 1.131490e-35
9473.060000 nan 1.466452e-35
9475.060000 nan 2.034498e-35
9477.060000 nan 2.376563e-35
9479.060000 nan 2.416618e-35
9481.060000 nan 1.831086e-35
9483.060000 nan 1.386121e-35
9485.060000 nan 1.071693e-35
9487.060000 nan 9.507730e-36
9489.060000 nan 9.165019e-36
9491.060000 nan 8.796367e-36
9493.060000 nan 8.171934e-36
9495.060000 nan 8.810887e-36
9497.060000 nan 1.039255e-35
9499.060000 nan 1.294943e-35
9501.060000 nan 1.627402e-35
9503.060000 nan 1.842132e-35
9505.060000 nan 1.913211e-35
9507.060000 nan 1.435280e-35
9509.060000 nan 1.181828e-35
9511.060000 nan 1.100085e-35
9513.060000 nan 1.172812e-35
9515.060000 nan 1.348174e-35
9517.060000 nan 1.556561e-35
9519.060000 nan 1.703290e-35
9521.060000 nan 1.554924e-35
9523.060000 nan 1.320521e-35
9525.060000 nan 1.124610e-35
9527.060000 nan 1.112010e-35
9529.060000 nan 1.148323e-35
9531.060000 nan 1.198198e-35
9533.060000 nan 1.188241e-35
9535.060000 nan 1.207617e-35
9537.060000 nan 1.278238e-35
9539.060000 nan 1.217066e-35
9541.060000 nan 1.167953e-35
9543.060000 nan 1.136269e-35
9545.060000 nan 1.042717e-35
9547.060000 nan 9.905834e-36
9549.060000 nan 9.900556e-36
9551.060000 nan 1.171115e-35
9553.060000 nan 1.265149e-35
9555.060000 nan 1.310628e-35
9557.060000 nan 1.369038e-35
9559.060000 nan 1.339388e-35
9561.060000 nan 1.383101e-35
9563.060000 nan 1.788487e-35
9565.060000 nan 2.323529e-35
9567.060000 nan 2.676824e-35
9569.060000 nan 2.527725e-35
9571.060000 nan 1.926331e-35
9573.060000 nan 1.363295e-35
9575.060000 nan 1.007774e-35
9577.060000 nan 9.197101e-36
9579.060000 nan 9.353883e-36
9581.060000 nan 1.047462e-35
9583.060000 nan 1.136900e-35
9585.060000 nan 1.196320e-35
9587.060000 nan 1.230233e-35
9589.060000 nan 1.308312e-35
9591.060000 nan 1.361723e-35
9593.060000 nan 1.388638e-35
9595.060000 nan 1.349577e-35
9597.060000 nan 1.348368e-35
9599.060000 nan 1.349417e-35
9601.060000 nan 1.275104e-35
9603.060000 nan 1.226330e-35
9605.060000 nan 1.187261e-35
9607.060000 nan 1.148240e-35
9609.060000 nan 1.109650e-35
9611.060000 nan 1.163219e-35
9613.060000 nan 1.403674e-35
9615.060000 nan 1.635422e-35
9617.060000 nan 1.791901e-35
9619.060000 nan 1.837515e-35
9621.060000 nan 2.123314e-35
9623.060000 nan 2.191804e-35
9625.060000 nan 1.995809e-35
9627.060000 nan 1.679250e-35
9629.060000 nan 1.432014e-35
9631.060000 nan 1.245095e-35
9633.060000 nan 1.073778e-35
9635.060000 nan 9.883304e-36
9637.060000 nan 9.740094e-36
9639.060000 nan 1.055369e-35
9641.060000 nan 1.073808e-35
9643.060000 nan 1.098190e-35
9645.060000 nan 1.252383e-35
9647.060000 nan 1.394971e-35
9649.060000 nan 1.500011e-35
9651.060000 nan 1.520553e-35
9653.060000 nan 1.510176e-35
9655.060000 nan 1.457722e-35
9657.060000 nan 1.341151e-35
9659.060000 nan 1.286114e-35
9661.060000 nan 1.252013e-35
9663.060000 nan 1.235949e-35
9665.060000 nan 1.276751e-35
9667.060000 nan 1.412976e-35
9669.060000 nan 1.636694e-35
9671.060000 nan 1.619864e-35
9673.060000 nan 1.477578e-35
9675.060000 nan 1.287988e-35
9677.060000 nan 1.541984e-35
9679.060000 nan 1.988749e-35
9681.060000 nan 2.438713e-35
9683.060000 nan 2.363311e-35
9685.060000 nan 2.226868e-35
9687.060000 nan 2.048086e-35
9689.060000 nan 1.816115e-35
9691.060000 nan 1.634789e-35
9693.060000 nan 1.462916e-35
