#OBJECT = ATLAS18tus
#MJD-OBS = 58348.492431
#DATE-OBS = 2018-08-18T11:49:06
#EXPTIME = 1820.000000
#AIRMASS = 1.204000
#TELESCOPE = UH88
#INSTRUMENT = SNIFS
#WL FL ERR
#[Ang] [erg/s/cm2/A] [erg/s/cm2/A]
3307.060000 nan 1.192693e-32
3309.060000 nan 1.152871e-32
3311.060000 nan 1.115613e-32
3313.060000 nan 1.084728e-32
3315.060000 nan 1.052933e-32
3317.060000 nan 1.023574e-32
3319.060000 nan 1.007967e-32
3321.060000 nan 1.017336e-32
3323.060000 nan 1.027854e-32
3325.060000 nan 9.923019e-33
3327.060000 nan 9.559600e-33
3329.060000 nan 9.920848e-33
3331.060000 nan 1.001194e-32
3333.060000 nan 9.808628e-33
3335.060000 nan 9.607832e-33
3337.060000 nan 9.637020e-33
3339.060000 nan 9.366621e-33
3341.060000 nan 9.073105e-33
3343.060000 nan 8.812193e-33
3345.060000 nan 8.551327e-33
3347.060000 nan 8.301756e-33
3349.060000 nan 8.100156e-33
3351.060000 nan 7.974542e-33
3353.060000 nan 7.848717e-33
3355.060000 nan 7.720928e-33
3357.060000 nan 7.547621e-33
3359.060000 nan 7.335522e-33
3361.060000 nan 7.125562e-33
3363.060000 nan 6.981688e-33
3365.060000 nan 7.036256e-33
3367.060000 nan 7.200992e-33
3369.060000 nan 7.323436e-33
3371.060000 nan 7.356608e-33
3373.060000 nan 7.253021e-33
3375.060000 nan 6.987072e-33
3377.060000 nan 6.778448e-33
3379.060000 nan 6.664209e-33
3381.060000 nan 6.556406e-33
3383.060000 nan 6.446025e-33
3385.060000 nan 6.386111e-33
3387.060000 nan 6.389353e-33
3389.060000 nan 6.216169e-33
3391.060000 nan 6.051425e-33
3393.060000 nan 5.912578e-33
3395.060000 nan 6.023359e-33
3397.060000 nan 6.131803e-33
3399.060000 nan 5.992204e-33
3401.060000 nan 5.881630e-33
3403.060000 nan 5.694606e-33
3405.060000 nan 5.494573e-33
3407.060000 nan 5.407208e-33
3409.060000 nan 5.370325e-33
3411.060000 nan 5.279135e-33
3413.060000 nan 5.084574e-33
3415.060000 nan 4.904928e-33
3417.060000 nan 4.905514e-33
3419.060000 nan 4.857874e-33
3421.060000 nan 4.807335e-33
3423.060000 nan 4.767814e-33
3425.060000 nan 4.685244e-33
3427.060000 nan 4.593696e-33
3429.060000 nan 4.495512e-33
3431.060000 nan 4.408954e-33
3433.060000 nan 4.365497e-33
3435.060000 nan 4.303558e-33
3437.060000 nan 4.158291e-33
3439.060000 nan 4.042452e-33
3441.060000 nan 3.962694e-33
3443.060000 nan 3.910873e-33
3445.060000 nan 3.857985e-33
3447.060000 nan 3.866292e-33
3449.060000 nan 3.930640e-33
3451.060000 nan 3.854360e-33
3453.060000 nan 3.813928e-33
3455.060000 nan 3.752705e-33
3457.060000 nan 3.630299e-33
3459.060000 nan 3.544439e-33
3461.060000 nan 3.527130e-33
3463.060000 nan 3.480099e-33
3465.060000 nan 3.418510e-33
3467.060000 nan 3.405612e-33
3469.060000 nan 3.385162e-33
3471.060000 nan 3.314475e-33
3473.060000 nan 3.223907e-33
3475.060000 nan 3.196159e-33
3477.060000 nan 3.264598e-33
3479.060000 nan 3.228964e-33
3481.060000 nan 3.218349e-33
3483.060000 nan 3.217858e-33
3485.060000 nan 3.176185e-33
3487.060000 nan 3.092586e-33
3489.060000 nan 3.134809e-33
3491.060000 nan 3.039778e-33
3493.060000 nan 2.969965e-33
3495.060000 nan 2.940755e-33
3497.060000 nan 2.919136e-33
3499.060000 nan 2.892434e-33
3501.060000 nan 2.910446e-33
3503.060000 nan 2.843568e-33
3505.060000 nan 2.848729e-33
3507.060000 nan 2.823433e-33
3509.060000 nan 2.807541e-33
3511.060000 nan 2.818802e-33
3513.060000 nan 2.800233e-33
3515.060000 nan 2.701850e-33
3517.060000 nan 2.705878e-33
3519.060000 nan 2.702228e-33
3521.060000 nan 2.678603e-33
3523.060000 nan 2.640616e-33
3525.060000 nan 2.596718e-33
3527.060000 nan 2.555276e-33
3529.060000 nan 2.576173e-33
3531.060000 nan 2.586240e-33
3533.060000 nan 2.553930e-33
3535.060000 nan 2.503160e-33
3537.060000 nan 2.487569e-33
3539.060000 nan 2.551379e-33
3541.060000 nan 2.574247e-33
3543.060000 nan 2.561040e-33
3545.060000 nan 2.557095e-33
3547.060000 nan 2.553367e-33
3549.060000 nan 2.539818e-33
3551.060000 nan 2.537067e-33
3553.060000 nan 2.481236e-33
3555.060000 nan 2.425760e-33
3557.060000 nan 2.402625e-33
3559.060000 nan 2.400307e-33
3561.060000 nan 2.389511e-33
3563.060000 nan 2.342312e-33
3565.060000 nan 2.271647e-33
3567.060000 nan 2.216424e-33
3569.060000 nan 2.216805e-33
3571.060000 nan 2.196881e-33
3573.060000 nan 2.152658e-33
3575.060000 nan 2.130805e-33
3577.060000 nan 2.099806e-33
3579.060000 nan 2.108929e-33
3581.060000 nan 2.102996e-33
3583.060000 nan 2.073574e-33
3585.060000 nan 2.037421e-33
3587.060000 nan 2.016394e-33
3589.060000 nan 2.014111e-33
3591.060000 nan 2.003100e-33
3593.060000 nan 1.937726e-33
3595.060000 nan 1.900699e-33
3597.060000 nan 1.898980e-33
3599.060000 nan 1.909528e-33
3601.060000 nan 1.911374e-33
3603.060000 nan 1.897219e-33
3605.060000 nan 1.840629e-33
3607.060000 nan 1.800992e-33
3609.060000 nan 1.806905e-33
3611.060000 nan 1.825797e-33
3613.060000 nan 1.796813e-33
3615.060000 nan 1.815046e-33
3617.060000 nan 1.798819e-33
3619.060000 nan 1.794003e-33
3621.060000 nan 1.798806e-33
3623.060000 nan 1.795222e-33
3625.060000 nan 1.774485e-33
3627.060000 nan 1.781083e-33
3629.060000 nan 1.935777e-33
3631.060000 nan 1.967184e-33
3633.060000 nan 1.927218e-33
3635.060000 nan 1.874012e-33
3637.060000 nan 1.843320e-33
3639.060000 nan 1.833348e-33
3641.060000 nan 1.812406e-33
3643.060000 nan 1.768127e-33
3645.060000 nan 1.738984e-33
3647.060000 nan 1.713954e-33
3649.060000 nan 1.677458e-33
3651.060000 nan 1.635175e-33
3653.060000 nan 1.621836e-33
3655.060000 nan 1.621290e-33
3657.060000 nan 1.626800e-33
3659.060000 nan 1.625104e-33
3661.060000 nan 1.612818e-33
3663.060000 nan 1.593931e-33
3665.060000 nan 1.550244e-33
3667.060000 nan 1.525016e-33
3669.060000 nan 1.499411e-33
3671.060000 nan 1.474826e-33
3673.060000 nan 1.448410e-33
3675.060000 nan 1.415030e-33
3677.060000 nan 1.375184e-33
3679.060000 nan 1.360818e-33
3681.060000 nan 1.372678e-33
3683.060000 nan 1.373005e-33
3685.060000 nan 1.362495e-33
3687.060000 nan 1.356418e-33
3689.060000 nan 1.358040e-33
3691.060000 nan 1.332590e-33
3693.060000 nan 1.334446e-33
3695.060000 nan 1.319340e-33
3697.060000 nan 1.304533e-33
3699.060000 nan 1.309781e-33
3701.060000 nan 1.328150e-33
3703.060000 nan 1.320303e-33
3705.060000 nan 1.294245e-33
3707.060000 nan 1.284284e-33
3709.060000 nan 1.282013e-33
3711.060000 nan 1.284152e-33
3713.060000 nan 1.293712e-33
3715.060000 nan 1.287852e-33
3717.060000 nan 1.268513e-33
3719.060000 nan 1.273751e-33
3721.060000 nan 1.273821e-33
3723.060000 nan 1.254884e-33
3725.060000 nan 1.229877e-33
3727.060000 nan 1.241479e-33
3729.060000 nan 1.279791e-33
3731.060000 nan 1.293691e-33
3733.060000 nan 1.281248e-33
3735.060000 nan 1.270178e-33
3737.060000 nan 1.274004e-33
3739.060000 nan 1.262004e-33
3741.060000 nan 1.256969e-33
3743.060000 nan 1.232482e-33
3745.060000 nan 1.220013e-33
3747.060000 nan 1.209862e-33
3749.060000 nan 1.197923e-33
3751.060000 nan 1.196920e-33
3753.060000 nan 1.187533e-33
3755.060000 nan 1.192296e-33
3757.060000 nan 1.183046e-33
3759.060000 nan 1.159373e-33
3761.060000 nan 1.131870e-33
3763.060000 nan 1.112112e-33
3765.060000 nan 1.094930e-33
3767.060000 nan 1.106477e-33
3769.060000 nan 1.102235e-33
3771.060000 nan 1.102275e-33
3773.060000 nan 1.105975e-33
3775.060000 nan 1.105581e-33
3777.060000 nan 1.113428e-33
3779.060000 nan 1.107663e-33
3781.060000 nan 1.088558e-33
3783.060000 nan 1.060282e-33
3785.060000 nan 1.037010e-33
3787.060000 nan 1.026932e-33
3789.060000 nan 1.022375e-33
3791.060000 nan 1.023265e-33
3793.060000 nan 1.024788e-33
3795.060000 nan 1.015199e-33
3797.060000 nan 1.000842e-33
3799.060000 nan 9.869583e-34
3801.060000 nan 9.740879e-34
3803.060000 nan 9.779520e-34
3805.060000 nan 9.751570e-34
3807.060000 nan 9.668671e-34
3809.060000 nan 9.507761e-34
3811.060000 nan 9.408515e-34
3813.060000 nan 9.523185e-34
3815.060000 nan 9.594249e-34
3817.060000 nan 9.718056e-34
3819.060000 nan 9.720614e-34
3821.060000 nan 9.798089e-34
3823.060000 nan 9.828883e-34
3825.060000 nan 9.702619e-34
3827.060000 nan 9.746701e-34
3829.060000 nan 9.795193e-34
3831.060000 nan 9.893570e-34
3833.060000 nan 9.863366e-34
3835.060000 nan 9.794902e-34
3837.060000 nan 9.721640e-34
3839.060000 nan 9.482856e-34
3841.060000 nan 9.489779e-34
3843.060000 nan 9.640350e-34
3845.060000 nan 9.599685e-34
3847.060000 nan 9.536352e-34
3849.060000 nan 9.514888e-34
3851.060000 nan 9.384748e-34
3853.060000 nan 9.106238e-34
3855.060000 nan 9.034780e-34
3857.060000 nan 9.043145e-34
3859.060000 nan 9.040483e-34
3861.060000 nan 8.965956e-34
3863.060000 nan 8.833702e-34
3865.060000 nan 8.817575e-34
3867.060000 nan 8.638349e-34
3869.060000 nan 8.505562e-34
3871.060000 nan 8.412313e-34
3873.060000 nan 8.332785e-34
3875.060000 nan 8.225585e-34
3877.060000 nan 8.041022e-34
3879.060000 nan 8.154025e-34
3881.060000 nan 8.434189e-34
3883.060000 nan 8.488347e-34
3885.060000 nan 8.395740e-34
3887.060000 nan 8.332583e-34
3889.060000 nan 8.353287e-34
3891.060000 nan 8.357007e-34
3893.060000 nan 8.249073e-34
3895.060000 nan 8.140409e-34
3897.060000 nan 8.059442e-34
3899.060000 nan 8.000100e-34
3901.060000 nan 7.944893e-34
3903.060000 nan 7.912805e-34
3905.060000 nan 7.964898e-34
3907.060000 nan 7.916197e-34
3909.060000 nan 7.818617e-34
3911.060000 nan 7.723499e-34
3913.060000 nan 7.673304e-34
3915.060000 nan 7.741231e-34
3917.060000 nan 7.743198e-34
3919.060000 nan 7.673804e-34
3921.060000 nan 7.518587e-34
3923.060000 nan 7.413168e-34
3925.060000 nan 7.444094e-34
3927.060000 nan 7.476981e-34
3929.060000 nan 7.549395e-34
3931.060000 nan 7.564896e-34
3933.060000 nan 7.558547e-34
3935.060000 nan 7.598971e-34
3937.060000 nan 7.736363e-34
3939.060000 nan 7.950195e-34
3941.060000 nan 7.951693e-34
3943.060000 nan 7.901917e-34
3945.060000 nan 7.955325e-34
3947.060000 nan 7.983554e-34
3949.060000 nan 7.922819e-34
3951.060000 nan 7.840823e-34
3953.060000 nan 7.896304e-34
3955.060000 nan 7.892726e-34
3957.060000 nan 7.854832e-34
3959.060000 nan 7.858946e-34
3961.060000 nan 7.900099e-34
3963.060000 nan 7.901635e-34
3965.060000 nan 7.753485e-34
3967.060000 nan 7.645839e-34
3969.060000 nan 7.643011e-34
3971.060000 nan 7.598853e-34
3973.060000 nan 7.625269e-34
3975.060000 nan 7.765493e-34
3977.060000 nan 7.760874e-34
3979.060000 nan 7.749922e-34
3981.060000 nan 7.734089e-34
3983.060000 nan 7.764780e-34
3985.060000 nan 7.711760e-34
3987.060000 nan 7.599280e-34
3989.060000 nan 7.637716e-34
3991.060000 nan 7.578015e-34
3993.060000 nan 7.821931e-34
3995.060000 nan 7.778378e-34
3997.060000 nan 7.652241e-34
3999.060000 nan 7.605587e-34
4001.060000 nan 7.618904e-34
4003.060000 nan 7.568952e-34
4005.060000 nan 7.397619e-34
4007.060000 nan 7.343565e-34
4009.060000 nan 7.357749e-34
4011.060000 nan 7.317688e-34
4013.060000 nan 7.163813e-34
4015.060000 nan 7.055172e-34
4017.060000 nan 6.915996e-34
4019.060000 nan 6.846903e-34
4021.060000 nan 6.771456e-34
4023.060000 nan 6.662732e-34
4025.060000 nan 6.580884e-34
4027.060000 nan 6.660806e-34
4029.060000 nan 6.657490e-34
4031.060000 nan 6.638148e-34
4033.060000 nan 6.441145e-34
4035.060000 nan 6.302893e-34
4037.060000 nan 6.322440e-34
4039.060000 nan 6.338739e-34
4041.060000 nan 6.309304e-34
4043.060000 nan 6.212933e-34
4045.060000 nan 6.194256e-34
4047.060000 nan 6.209560e-34
4049.060000 nan 6.214664e-34
4051.060000 nan 6.195089e-34
4053.060000 nan 6.159500e-34
4055.060000 nan 6.177318e-34
4057.060000 nan 6.071514e-34
4059.060000 nan 6.106884e-34
4061.060000 nan 6.241022e-34
4063.060000 nan 6.317155e-34
4065.060000 nan 6.352612e-34
4067.060000 nan 6.326827e-34
4069.060000 nan 6.338338e-34
4071.060000 nan 6.388886e-34
4073.060000 nan 6.453823e-34
4075.060000 nan 6.493164e-34
4077.060000 nan 6.469175e-34
4079.060000 nan 6.433028e-34
4081.060000 nan 6.520098e-34
4083.060000 nan 6.547269e-34
4085.060000 nan 6.631284e-34
4087.060000 nan 6.740496e-34
4089.060000 nan 6.669810e-34
4091.060000 nan 6.508929e-34
4093.060000 nan 6.493945e-34
4095.060000 nan 6.440887e-34
4097.060000 nan 6.502921e-34
4099.060000 nan 6.610696e-34
4101.060000 nan 6.596584e-34
4103.060000 nan 6.608442e-34
4105.060000 nan 6.691664e-34
4107.060000 nan 6.651299e-34
4109.060000 nan 6.546798e-34
4111.060000 nan 6.425678e-34
4113.060000 nan 6.307444e-34
4115.060000 nan 6.183369e-34
4117.060000 nan 6.152486e-34
4119.060000 nan 6.140796e-34
4121.060000 nan 6.085599e-34
4123.060000 nan 6.030787e-34
4125.060000 nan 5.965591e-34
4127.060000 nan 5.785215e-34
4129.060000 nan 5.718214e-34
4131.060000 nan 5.793648e-34
4133.060000 nan 5.810940e-34
4135.060000 nan 5.749295e-34
4137.060000 nan 5.662958e-34
4139.060000 nan 5.621470e-34
4141.060000 nan 5.592294e-34
4143.060000 nan 5.528759e-34
4145.060000 nan 5.519238e-34
4147.060000 nan 5.496627e-34
4149.060000 nan 5.423034e-34
4151.060000 nan 5.331437e-34
4153.060000 nan 5.360254e-34
4155.060000 nan 5.260790e-34
4157.060000 nan 5.195022e-34
4159.060000 nan 5.196512e-34
4161.060000 nan 5.176614e-34
4163.060000 nan 5.119159e-34
4165.060000 nan 5.230761e-34
4167.060000 nan 5.250126e-34
4169.060000 nan 5.249292e-34
4171.060000 nan 5.278068e-34
4173.060000 nan 5.279734e-34
4175.060000 nan 5.231952e-34
4177.060000 nan 5.196749e-34
4179.060000 nan 5.196563e-34
4181.060000 nan 5.108401e-34
4183.060000 nan 5.015671e-34
4185.060000 nan 4.994558e-34
4187.060000 nan 5.016350e-34
4189.060000 nan 4.974739e-34
4191.060000 nan 4.840303e-34
4193.060000 nan 4.913033e-34
4195.060000 nan 5.033694e-34
4197.060000 nan 5.102905e-34
4199.060000 nan 5.067620e-34
4201.060000 nan 4.954655e-34
4203.060000 nan 4.914286e-34
4205.060000 nan 4.861699e-34
4207.060000 nan 4.858207e-34
4209.060000 nan 4.859348e-34
4211.060000 nan 4.866985e-34
4213.060000 nan 4.887841e-34
4215.060000 nan 4.901216e-34
4217.060000 nan 4.937899e-34
4219.060000 nan 4.903337e-34
4221.060000 nan 4.900401e-34
4223.060000 nan 4.901819e-34
4225.060000 nan 4.887644e-34
4227.060000 nan 4.891612e-34
4229.060000 nan 4.944532e-34
4231.060000 nan 4.884705e-34
4233.060000 nan 4.846442e-34
4235.060000 nan 4.778292e-34
4237.060000 nan 4.719083e-34
4239.060000 nan 4.768551e-34
4241.060000 nan 4.869694e-34
4243.060000 nan 4.902549e-34
4245.060000 nan 4.886218e-34
4247.060000 nan 4.807987e-34
4249.060000 nan 4.724402e-34
4251.060000 nan 4.693345e-34
4253.060000 nan 4.674207e-34
4255.060000 nan 4.684284e-34
4257.060000 nan 4.672299e-34
4259.060000 nan 4.612954e-34
4261.060000 nan 4.556109e-34
4263.060000 nan 4.557359e-34
4265.060000 nan 4.621673e-34
4267.060000 nan 4.650233e-34
4269.060000 nan 4.550045e-34
4271.060000 nan 4.445735e-34
4273.060000 nan 4.444714e-34
4275.060000 nan 4.523941e-34
4277.060000 nan 4.532197e-34
4279.060000 nan 4.401095e-34
4281.060000 nan 4.420524e-34
4283.060000 nan 4.446271e-34
4285.060000 nan 4.445975e-34
4287.060000 nan 4.415581e-34
4289.060000 nan 4.375522e-34
4291.060000 nan 4.390211e-34
4293.060000 nan 4.428410e-34
4295.060000 nan 4.474042e-34
4297.060000 nan 4.455064e-34
4299.060000 nan 4.385612e-34
4301.060000 nan 4.334774e-34
4303.060000 nan 4.372826e-34
4305.060000 nan 4.419991e-34
4307.060000 nan 4.480966e-34
4309.060000 nan 4.574996e-34
4311.060000 nan 4.641320e-34
4313.060000 nan 4.635976e-34
4315.060000 nan 4.585009e-34
4317.060000 nan 4.475607e-34
4319.060000 nan 4.439954e-34
4321.060000 nan 4.427271e-34
4323.060000 nan 4.395343e-34
4325.060000 nan 4.335928e-34
4327.060000 nan 4.285618e-34
4329.060000 nan 4.339268e-34
4331.060000 nan 4.365632e-34
4333.060000 nan 4.379470e-34
4335.060000 nan 4.375472e-34
4337.060000 nan 4.372155e-34
4339.060000 nan 4.395447e-34
4341.060000 nan 4.434837e-34
4343.060000 nan 4.519362e-34
4345.060000 nan 4.565870e-34
4347.060000 nan 4.540209e-34
4349.060000 nan 4.468618e-34
4351.060000 nan 4.400976e-34
4353.060000 nan 4.370314e-34
4355.060000 nan 4.455590e-34
4357.060000 nan 4.460582e-34
4359.060000 nan 4.443271e-34
4361.060000 nan 4.431316e-34
4363.060000 nan 4.427834e-34
4365.060000 nan 4.423264e-34
4367.060000 nan 4.483623e-34
4369.060000 nan 4.379542e-34
4371.060000 nan 4.345997e-34
4373.060000 nan 4.380206e-34
4375.060000 nan 4.417524e-34
4377.060000 nan 4.405644e-34
4379.060000 nan 4.406424e-34
4381.060000 nan 4.405341e-34
4383.060000 nan 4.374043e-34
4385.060000 nan 4.370849e-34
4387.060000 nan 4.375600e-34
4389.060000 nan 4.330583e-34
4391.060000 nan 4.248245e-34
4393.060000 nan 4.178779e-34
4395.060000 nan 4.163986e-34
4397.060000 nan 4.202931e-34
4399.060000 nan 4.225819e-34
4401.060000 nan 4.202753e-34
4403.060000 nan 4.232141e-34
4405.060000 nan 4.257719e-34
4407.060000 nan 4.255738e-34
4409.060000 nan 4.245769e-34
4411.060000 nan 4.227774e-34
4413.060000 nan 4.206171e-34
4415.060000 nan 4.198650e-34
4417.060000 nan 4.226098e-34
4419.060000 nan 4.301225e-34
4421.060000 nan 4.321458e-34
4423.060000 nan 4.286703e-34
4425.060000 nan 4.216123e-34
4427.060000 nan 4.137076e-34
4429.060000 nan 4.115446e-34
4431.060000 nan 4.164401e-34
4433.060000 nan 4.131861e-34
4435.060000 nan 4.126772e-34
4437.060000 nan 4.131365e-34
4439.060000 nan 4.081149e-34
4441.060000 nan 4.048152e-34
4443.060000 nan 4.111415e-34
4445.060000 nan 4.149335e-34
4447.060000 nan 4.154802e-34
4449.060000 nan 4.137990e-34
4451.060000 nan 4.114245e-34
4453.060000 nan 4.094407e-34
4455.060000 nan 4.088937e-34
4457.060000 nan 4.072622e-34
4459.060000 nan 4.045508e-34
4461.060000 nan 4.034281e-34
4463.060000 nan 4.042362e-34
4465.060000 nan 4.040224e-34
4467.060000 nan 4.032771e-34
4469.060000 nan 4.036438e-34
4471.060000 nan 3.971397e-34
4473.060000 nan 3.925545e-34
4475.060000 nan 3.943531e-34
4477.060000 nan 3.986626e-34
4479.060000 nan 3.937558e-34
4481.060000 nan 3.926110e-34
4483.060000 nan 3.946657e-34
4485.060000 nan 3.937580e-34
4487.060000 nan 3.922051e-34
4489.060000 nan 3.943956e-34
4491.060000 nan 3.965133e-34
4493.060000 nan 3.926658e-34
4495.060000 nan 3.945841e-34
4497.060000 nan 3.991718e-34
4499.060000 nan 4.015080e-34
4501.060000 nan 3.982321e-34
4503.060000 nan 3.908625e-34
4505.060000 nan 3.994381e-34
4507.060000 nan 4.014576e-34
4509.060000 nan 4.003400e-34
4511.060000 nan 3.976506e-34
4513.060000 nan 3.937205e-34
4515.060000 nan 3.889334e-34
4517.060000 nan 3.905815e-34
4519.060000 nan 3.991714e-34
4521.060000 nan 4.024918e-34
4523.060000 nan 4.030072e-34
4525.060000 nan 4.016017e-34
4527.060000 nan 3.971336e-34
4529.060000 nan 3.916696e-34
4531.060000 nan 3.916163e-34
4533.060000 nan 3.923457e-34
4535.060000 nan 3.949743e-34
4537.060000 nan 3.981392e-34
4539.060000 nan 3.989763e-34
4541.060000 nan 3.950506e-34
4543.060000 nan 3.965943e-34
4545.060000 nan 3.967532e-34
4547.060000 nan 3.916784e-34
4549.060000 nan 3.872115e-34
4551.060000 nan 3.878864e-34
4553.060000 nan 3.905097e-34
4555.060000 nan 3.915400e-34
4557.060000 nan 3.894233e-34
4559.060000 nan 3.876820e-34
4561.060000 nan 3.851105e-34
4563.060000 nan 3.851550e-34
4565.060000 nan 3.932788e-34
4567.060000 nan 3.932536e-34
4569.060000 nan 3.894822e-34
4571.060000 nan 3.929680e-34
4573.060000 nan 3.979903e-34
4575.060000 nan 3.996834e-34
4577.060000 nan 3.980408e-34
4579.060000 nan 4.008137e-34
4581.060000 nan 3.977736e-34
4583.060000 nan 3.889221e-34
4585.060000 nan 3.792722e-34
4587.060000 nan 3.779833e-34
4589.060000 nan 3.862161e-34
4591.060000 nan 3.862251e-34
4593.060000 nan 3.880952e-34
4595.060000 nan 3.894315e-34
4597.060000 nan 3.882113e-34
4599.060000 nan 3.865025e-34
4601.060000 nan 3.846921e-34
4603.060000 nan 3.802647e-34
4605.060000 nan 3.859462e-34
4607.060000 nan 3.911001e-34
4609.060000 nan 3.965015e-34
4611.060000 nan 4.003973e-34
4613.060000 nan 4.003530e-34
4615.060000 nan 3.957915e-34
4617.060000 nan 3.955015e-34
4619.060000 nan 3.985780e-34
4621.060000 nan 3.960757e-34
4623.060000 nan 3.897472e-34
4625.060000 nan 3.845623e-34
4627.060000 nan 3.835019e-34
4629.060000 nan 3.800337e-34
4631.060000 nan 3.752639e-34
4633.060000 nan 3.741690e-34
4635.060000 nan 3.727550e-34
4637.060000 nan 3.692738e-34
4639.060000 nan 3.655537e-34
4641.060000 nan 3.670732e-34
4643.060000 nan 3.676954e-34
4645.060000 nan 3.701230e-34
4647.060000 nan 3.697579e-34
4649.060000 nan 3.667823e-34
4651.060000 nan 3.636446e-34
4653.060000 nan 3.629348e-34
4655.060000 nan 3.615504e-34
4657.060000 nan 3.620687e-34
4659.060000 nan 3.634926e-34
4661.060000 nan 3.632287e-34
4663.060000 nan 3.600601e-34
4665.060000 nan 3.554266e-34
4667.060000 nan 3.553125e-34
4669.060000 nan 3.550143e-34
4671.060000 nan 3.541990e-34
4673.060000 nan 3.588573e-34
4675.060000 nan 3.668784e-34
4677.060000 nan 3.732507e-34
4679.060000 nan 3.804135e-34
4681.060000 nan 3.798337e-34
4683.060000 nan 3.777124e-34
4685.060000 nan 3.786779e-34
4687.060000 nan 3.796125e-34
4689.060000 nan 3.786302e-34
4691.060000 nan 3.814604e-34
4693.060000 nan 3.814549e-34
4695.060000 nan 3.839987e-34
4697.060000 nan 3.840251e-34
4699.060000 nan 3.826285e-34
4701.060000 nan 3.810827e-34
4703.060000 nan 3.787589e-34
4705.060000 nan 3.755410e-34
4707.060000 nan 3.781450e-34
4709.060000 nan 3.810924e-34
4711.060000 nan 3.832351e-34
4713.060000 nan 3.816678e-34
4715.060000 nan 3.744376e-34
4717.060000 nan 3.708534e-34
4719.060000 nan 3.755105e-34
4721.060000 nan 3.819071e-34
4723.060000 nan 3.832050e-34
4725.060000 nan 3.784995e-34
4727.060000 nan 3.725189e-34
4729.060000 nan 3.739433e-34
4731.060000 nan 3.713317e-34
4733.060000 nan 3.711805e-34
4735.060000 nan 3.745397e-34
4737.060000 nan 3.787624e-34
4739.060000 nan 3.790704e-34
4741.060000 nan 3.713881e-34
4743.060000 nan 3.729142e-34
4745.060000 nan 3.785506e-34
4747.060000 nan 3.813683e-34
4749.060000 nan 3.843063e-34
4751.060000 nan 3.861260e-34
4753.060000 nan 3.813892e-34
4755.060000 nan 3.861678e-34
4757.060000 nan 3.895292e-34
4759.060000 nan 3.900338e-34
4761.060000 nan 3.903070e-34
4763.060000 nan 3.918264e-34
4765.060000 nan 3.949004e-34
4767.060000 nan 4.011233e-34
4769.060000 nan 4.007656e-34
4771.060000 nan 4.025040e-34
4773.060000 nan 4.029308e-34
4775.060000 nan 4.006085e-34
4777.060000 nan 3.972957e-34
4779.060000 nan 3.980275e-34
4781.060000 nan 3.945219e-34
4783.060000 nan 3.916261e-34
4785.060000 nan 3.908207e-34
4787.060000 nan 3.908751e-34
4789.060000 nan 3.899860e-34
4791.060000 nan 3.880824e-34
4793.060000 nan 3.973190e-34
4795.060000 nan 4.013766e-34
4797.060000 nan 3.973124e-34
4799.060000 nan 3.906481e-34
4801.060000 nan 3.869905e-34
4803.060000 nan 3.884082e-34
4805.060000 nan 3.909769e-34
4807.060000 nan 3.925872e-34
4809.060000 nan 3.905657e-34
4811.060000 nan 3.892924e-34
4813.060000 nan 3.901502e-34
4815.060000 nan 3.924657e-34
4817.060000 nan 3.987727e-34
4819.060000 nan 4.049037e-34
4821.060000 nan 4.053294e-34
4823.060000 nan 4.000218e-34
4825.060000 nan 3.924738e-34
4827.060000 nan 3.880667e-34
4829.060000 nan 3.919895e-34
4831.060000 nan 3.983768e-34
4833.060000 nan 3.973765e-34
4835.060000 nan 3.979799e-34
4837.060000 nan 4.000110e-34
4839.060000 nan 4.015967e-34
4841.060000 nan 4.030166e-34
4843.060000 nan 4.040308e-34
4845.060000 nan 3.995227e-34
4847.060000 nan 3.962441e-34
4849.060000 nan 3.974095e-34
4851.060000 nan 4.016586e-34
4853.060000 nan 4.044734e-34
4855.060000 nan 4.044353e-34
4857.060000 nan 4.127331e-34
4859.060000 nan 4.164565e-34
4861.060000 nan 4.185450e-34
4863.060000 nan 4.209034e-34
4865.060000 nan 4.233444e-34
4867.060000 nan 4.252152e-34
4869.060000 nan 4.339973e-34
4871.060000 nan 4.338209e-34
4873.060000 nan 4.348748e-34
4875.060000 nan 4.372989e-34
4877.060000 nan 4.391820e-34
4879.060000 nan 4.444252e-34
4881.060000 nan 4.450122e-34
4883.060000 nan 4.524058e-34
4885.060000 nan 4.545917e-34
4887.060000 nan 4.563750e-34
4889.060000 nan 4.624240e-34
4891.060000 nan 4.692861e-34
4893.060000 nan 4.660016e-34
4895.060000 nan 4.692222e-34
4897.060000 nan 4.734175e-34
4899.060000 nan 4.777416e-34
4901.060000 nan 4.808754e-34
4903.060000 nan 4.809476e-34
4905.060000 nan 4.782185e-34
4907.060000 nan 4.795784e-34
4909.060000 nan 4.775201e-34
4911.060000 nan 4.812077e-34
4913.060000 nan 4.897998e-34
4915.060000 nan 4.964741e-34
4917.060000 nan 4.988634e-34
4919.060000 nan 4.963526e-34
4921.060000 nan 4.992653e-34
4923.060000 nan 5.022062e-34
4925.060000 nan 5.027472e-34
4927.060000 nan 5.040959e-34
4929.060000 nan 5.151811e-34
4931.060000 nan 5.237933e-34
4933.060000 nan 5.302956e-34
4935.060000 nan 5.331014e-34
4937.060000 nan 5.366969e-34
4939.060000 nan 5.450493e-34
4941.060000 nan 5.577122e-34
4943.060000 nan 5.636366e-34
4945.060000 nan 5.677704e-34
4947.060000 nan 5.794215e-34
4949.060000 nan 6.008687e-34
4951.060000 nan 6.229978e-34
4953.060000 nan 6.339509e-34
4955.060000 nan 6.442409e-34
4957.060000 nan 6.560126e-34
4959.060000 nan 6.645130e-34
4961.060000 nan 6.712400e-34
4963.060000 nan 6.800100e-34
4965.060000 nan 6.933334e-34
4967.060000 nan 7.081024e-34
4969.060000 nan 7.389259e-34
4971.060000 nan 7.516374e-34
4973.060000 nan 7.571831e-34
4975.060000 nan 7.721990e-34
4977.060000 nan 8.006867e-34
4979.060000 nan 8.232508e-34
4981.060000 nan 8.206115e-34
4983.060000 nan 8.289530e-34
4985.060000 nan 8.402584e-34
4987.060000 nan 8.516221e-34
4989.060000 nan 8.632004e-34
4991.060000 nan 8.799254e-34
4993.060000 nan 9.258035e-34
4995.060000 nan 9.740843e-34
4997.060000 nan 9.888705e-34
4999.060000 nan 1.000311e-33
5001.060000 nan 1.024462e-33
5003.060000 nan 1.056671e-33
5005.060000 nan 1.090069e-33
5007.060000 nan 1.088998e-33
5009.060000 nan 1.105060e-33
5011.060000 nan 1.134069e-33
5013.060000 nan 1.155481e-33
5015.060000 nan 1.161964e-33
5017.060000 nan 1.189719e-33
5019.060000 nan 1.210776e-33
5021.060000 nan 1.221464e-33
5023.060000 nan 1.231255e-33
5025.060000 nan 1.248463e-33
5027.060000 nan 1.279695e-33
5029.060000 nan 1.327888e-33
5031.060000 nan 1.377723e-33
5033.060000 nan 1.409457e-33
5035.060000 nan 1.436895e-33
5037.060000 nan 1.448484e-33
5039.060000 nan 1.461550e-33
5041.060000 nan 1.508748e-33
5043.060000 nan 1.507522e-33
5045.060000 nan 1.519907e-33
5047.060000 nan 1.526107e-33
5049.060000 nan 1.530938e-33
5051.060000 nan 1.539212e-33
5053.060000 nan 1.551319e-33
5055.060000 nan 1.561247e-33
5057.060000 nan 1.559265e-33
5059.060000 nan 1.570825e-33
5061.060000 nan 1.580390e-33
5063.060000 nan 1.572364e-33
5065.060000 nan 1.545817e-33
5067.060000 nan 1.526418e-33
5069.060000 nan 1.544625e-33
5071.060000 nan 1.561626e-33
5073.060000 nan 1.554277e-33
5075.060000 nan 1.552292e-33
5077.060000 nan 1.563261e-33
5079.060000 nan 1.546087e-33
5081.060000 nan 1.539788e-33
5083.060000 nan 1.536233e-33
5085.060000 nan 1.538909e-33
5087.060000 nan 1.546357e-33
5089.060000 nan 1.552000e-33
5091.060000 nan 1.550729e-33
5093.060000 nan 1.563153e-33
5095.060000 nan 1.552443e-33
5097.060000 nan 1.565457e-33
5099.060000 nan 1.589327e-33
5101.060000 nan 1.603433e-33
5103.060000 9.066820e-17 5.073870e-33
5105.060000 1.320841e-16 5.027397e-33
5107.060000 9.225569e-17 4.963959e-33
5109.060000 1.868929e-16 4.831538e-33
5111.060000 2.248508e-16 4.693254e-33
5113.060000 1.427879e-16 4.566024e-33
5115.060000 4.359378e-17 4.541469e-33
5117.060000 5.042926e-17 4.510621e-33
5119.060000 7.851171e-17 4.461950e-33
5121.060000 4.915269e-17 4.299026e-33
5123.060000 9.898367e-17 4.199747e-33
5125.060000 1.661939e-16 4.127761e-33
5127.060000 1.453584e-16 4.070263e-33
5129.060000 -3.269814e-18 4.018085e-33
5131.060000 -1.967994e-16 4.002757e-33
5133.060000 -2.236334e-17 3.971394e-33
5135.060000 9.307644e-17 3.967861e-33
5137.060000 2.426933e-17 3.991504e-33
5139.060000 -1.178272e-16 4.025061e-33
5141.060000 -8.351390e-17 4.034198e-33
5143.060000 5.993173e-17 3.974912e-33
5145.060000 8.690386e-17 4.071589e-33
5147.060000 4.815618e-17 4.219455e-33
5149.060000 8.367407e-17 4.468799e-33
5151.060000 nan 2.214999e-33
5153.060000 nan 2.096082e-33
5155.060000 nan 1.995228e-33
5157.060000 nan 1.905518e-33
5159.060000 nan 1.808103e-33
5161.060000 nan 1.680166e-33
5163.060000 nan 1.552699e-33
5165.060000 nan 1.488615e-33
5167.060000 nan 1.408238e-33
5169.060000 nan 1.333667e-33
5171.060000 nan 1.290680e-33
5173.060000 nan 1.221182e-33
5175.060000 nan 1.153272e-33
5177.060000 nan 1.100912e-33
5179.060000 nan 1.051913e-33
5181.060000 nan 9.934004e-34
5183.060000 nan 9.205056e-34
5185.060000 nan 8.929635e-34
5187.060000 nan 8.733353e-34
5189.060000 nan 8.593016e-34
5191.060000 nan 8.374270e-34
5193.060000 nan 8.207855e-34
5195.060000 nan 8.087126e-34
5197.060000 nan 7.997299e-34
5199.060000 nan 7.965363e-34
5201.060000 nan 7.968592e-34
5203.060000 nan 7.970092e-34
5205.060000 nan 7.847030e-34
5207.060000 nan 7.674148e-34
5209.060000 nan 7.522422e-34
5211.060000 nan 7.404801e-34
5213.060000 nan 7.357715e-34
5215.060000 nan 7.453455e-34
5217.060000 nan 7.411665e-34
5219.060000 nan 7.346642e-34
5221.060000 nan 7.290206e-34
5223.060000 nan 7.208588e-34
5225.060000 nan 7.174383e-34
5227.060000 nan 7.205392e-34
5229.060000 nan 7.137923e-34
5231.060000 nan 7.055289e-34
5233.060000 nan 6.968022e-34
5235.060000 nan 7.054709e-34
5237.060000 nan 7.068691e-34
5239.060000 nan 7.028582e-34
5241.060000 nan 6.985629e-34
5243.060000 nan 6.864609e-34
5245.060000 nan 6.706233e-34
5247.060000 nan 6.573419e-34
5249.060000 nan 6.512776e-34
5251.060000 nan 6.473859e-34
5253.060000 nan 6.413817e-34
5255.060000 nan 6.381738e-34
5257.060000 nan 6.341491e-34
5259.060000 nan 6.267613e-34
5261.060000 nan 6.132778e-34
5263.060000 nan 6.038235e-34
5265.060000 nan 6.022882e-34
5267.060000 nan 5.972222e-34
5269.060000 nan 5.907591e-34
5271.060000 nan 5.829921e-34
5273.060000 nan 5.615545e-34
5275.060000 nan 5.501626e-34
5277.060000 nan 5.478213e-34
5279.060000 nan 5.466487e-34
5281.060000 nan 5.378279e-34
5283.060000 nan 5.244101e-34
5285.060000 nan 5.142079e-34
5287.060000 nan 5.089805e-34
5289.060000 nan 5.049820e-34
5291.060000 nan 4.962467e-34
5293.060000 nan 4.962794e-34
5295.060000 nan 4.947437e-34
5297.060000 nan 4.809516e-34
5299.060000 nan 4.675334e-34
5301.060000 nan 4.591302e-34
5303.060000 nan 4.600817e-34
5305.060000 nan 4.544531e-34
5307.060000 nan 4.469136e-34
5309.060000 nan 4.379455e-34
5311.060000 nan 4.296415e-34
5313.060000 nan 4.203417e-34
5315.060000 nan 4.099611e-34
5317.060000 nan 4.002661e-34
5319.060000 nan 3.936801e-34
5321.060000 nan 3.895010e-34
5323.060000 nan 3.844535e-34
5325.060000 nan 3.774921e-34
5327.060000 nan 3.701201e-34
5329.060000 nan 3.666223e-34
5331.060000 nan 3.659051e-34
5333.060000 nan 3.652249e-34
5335.060000 nan 3.605829e-34
5337.060000 nan 3.590614e-34
5339.060000 nan 3.576321e-34
5341.060000 nan 3.541813e-34
5343.060000 nan 3.465805e-34
5345.060000 nan 3.415094e-34
5347.060000 nan 3.421422e-34
5349.060000 nan 3.434217e-34
5351.060000 nan 3.404423e-34
5353.060000 nan 3.319561e-34
5355.060000 nan 3.320929e-34
5357.060000 nan 3.332867e-34
5359.060000 nan 3.350476e-34
5361.060000 nan 3.317952e-34
5363.060000 nan 3.275674e-34
5365.060000 nan 3.232463e-34
5367.060000 nan 3.236428e-34
5369.060000 nan 3.199854e-34
5371.060000 nan 3.142116e-34
5373.060000 nan 3.087302e-34
5375.060000 nan 3.018593e-34
5377.060000 nan 2.968498e-34
5379.060000 nan 2.988571e-34
5381.060000 nan 2.991022e-34
5383.060000 nan 2.965418e-34
5385.060000 nan 2.891274e-34
5387.060000 nan 2.861979e-34
5389.060000 nan 2.830381e-34
5391.060000 nan 2.784073e-34
5393.060000 nan 2.750761e-34
5395.060000 nan 2.722996e-34
5397.060000 nan 2.700490e-34
5399.060000 nan 2.679113e-34
5401.060000 nan 2.654580e-34
5403.060000 nan 2.627561e-34
5405.060000 nan 2.603959e-34
5407.060000 nan 2.612053e-34
5409.060000 nan 2.638547e-34
5411.060000 nan 2.650943e-34
5413.060000 nan 2.639140e-34
5415.060000 nan 2.608087e-34
5417.060000 nan 2.548446e-34
5419.060000 nan 2.523385e-34
5421.060000 nan 2.516733e-34
5423.060000 nan 2.526983e-34
5425.060000 nan 2.505194e-34
5427.060000 nan 2.489284e-34
5429.060000 nan 2.497797e-34
5431.060000 nan 2.476187e-34
5433.060000 nan 2.487372e-34
5435.060000 nan 2.549255e-34
5437.060000 nan 2.512365e-34
5439.060000 nan 2.480271e-34
5441.060000 nan 2.458292e-34
5443.060000 nan 2.447168e-34
5445.060000 nan 2.432229e-34
5447.060000 nan 2.417203e-34
5449.060000 nan 2.429904e-34
5451.060000 nan 2.390923e-34
5453.060000 nan 2.332026e-34
5455.060000 nan 2.325941e-34
5457.060000 nan 2.308450e-34
5459.060000 nan 2.285557e-34
5461.060000 nan 2.260990e-34
5463.060000 nan 2.254042e-34
5465.060000 nan 2.252338e-34
5467.060000 nan 2.250588e-34
5469.060000 nan 2.232262e-34
5471.060000 nan 2.197951e-34
5473.060000 nan 2.142260e-34
5475.060000 nan 2.078704e-34
5477.060000 nan 2.045258e-34
5479.060000 nan 2.050336e-34
5481.060000 nan 2.056439e-34
5483.060000 nan 2.062595e-34
5485.060000 nan 2.068803e-34
5487.060000 nan 2.075436e-34
5489.060000 nan 2.078310e-34
5491.060000 nan 2.079250e-34
5493.060000 nan 2.085567e-34
5495.060000 nan 2.036855e-34
5497.060000 nan 1.969074e-34
5499.060000 nan 1.943567e-34
5501.060000 nan 1.920370e-34
5503.060000 nan 1.905134e-34
5505.060000 nan 1.910064e-34
5507.060000 nan 1.930328e-34
5509.060000 nan 1.954626e-34
5511.060000 nan 1.979086e-34
5513.060000 nan 1.988157e-34
5515.060000 nan 2.001728e-34
5517.060000 nan 2.025650e-34
5519.060000 nan 2.025153e-34
5521.060000 nan 2.039277e-34
5523.060000 nan 2.071525e-34
5525.060000 nan 2.048142e-34
5527.060000 nan 2.039923e-34
5529.060000 nan 2.046893e-34
5531.060000 nan 2.081878e-34
5533.060000 nan 2.105529e-34
5535.060000 nan 2.120844e-34
5537.060000 nan 2.129739e-34
5539.060000 nan 2.148652e-34
5541.060000 nan 2.172377e-34
5543.060000 nan 2.196457e-34
5545.060000 nan 2.231822e-34
5547.060000 nan 2.263013e-34
5549.060000 nan 2.274300e-34
5551.060000 nan 2.244969e-34
5553.060000 nan 2.228542e-34
5555.060000 nan 2.251762e-34
5557.060000 nan 2.274458e-34
5559.060000 nan 2.287216e-34
5561.060000 nan 2.286616e-34
5563.060000 nan 2.348005e-34
5565.060000 nan 2.430833e-34
5567.060000 nan 2.539779e-34
5569.060000 nan 2.871191e-34
5571.060000 nan 3.465311e-34
5573.060000 nan 4.295425e-34
5575.060000 nan 5.429133e-34
5577.060000 nan 6.103612e-34
5579.060000 nan 6.295141e-34
5581.060000 nan 5.417513e-34
5583.060000 nan 4.390244e-34
5585.060000 nan 3.441798e-34
5587.060000 nan 2.941247e-34
5589.060000 nan 2.714777e-34
5591.060000 nan 2.590370e-34
5593.060000 nan 2.516025e-34
5595.060000 nan 2.505911e-34
5597.060000 nan 2.511448e-34
5599.060000 nan 2.523296e-34
5601.060000 nan 2.532030e-34
5603.060000 nan 2.547672e-34
5605.060000 nan 2.572111e-34
5607.060000 nan 2.579170e-34
5609.060000 nan 2.581626e-34
5611.060000 nan 2.582432e-34
5613.060000 nan 2.623674e-34
5615.060000 nan 2.659306e-34
5617.060000 nan 2.688290e-34
5619.060000 nan 2.698020e-34
5621.060000 nan 2.714149e-34
5623.060000 nan 2.736072e-34
5625.060000 nan 2.768299e-34
5627.060000 nan 2.764466e-34
5629.060000 nan 2.747193e-34
5631.060000 nan 2.729635e-34
5633.060000 nan 2.734835e-34
5635.060000 nan 2.743544e-34
5637.060000 nan 2.747925e-34
5639.060000 nan 2.745012e-34
5641.060000 nan 2.746683e-34
5643.060000 nan 2.756692e-34
5645.060000 nan 2.786625e-34
5647.060000 nan 2.820424e-34
5649.060000 nan 2.856873e-34
5651.060000 nan 2.871541e-34
5653.060000 nan 2.871082e-34
5655.060000 nan 2.860564e-34
5657.060000 nan 2.879603e-34
5659.060000 nan 2.898333e-34
5661.060000 nan 2.920394e-34
5663.060000 nan 2.962432e-34
5665.060000 nan 2.976510e-34
5667.060000 nan 2.970570e-34
5669.060000 nan 2.939240e-34
5671.060000 nan 2.933444e-34
5673.060000 nan 2.941736e-34
5675.060000 nan 2.964235e-34
5677.060000 nan 2.987853e-34
5679.060000 nan 3.011836e-34
5681.060000 nan 3.036045e-34
5683.060000 nan 3.066139e-34
5685.060000 nan 3.093652e-34
5687.060000 nan 3.116828e-34
5689.060000 nan 3.127582e-34
5691.060000 nan 3.135515e-34
5693.060000 nan 3.141984e-34
5695.060000 nan 3.173451e-34
5697.060000 nan 3.195228e-34
5699.060000 nan 3.206664e-34
5701.060000 nan 3.192240e-34
5703.060000 nan 3.184889e-34
5705.060000 nan 3.186962e-34
5707.060000 nan 3.214709e-34
5709.060000 nan 3.240716e-34
5711.060000 nan 3.204306e-34
5713.060000 nan 2.977741e-34
5715.060000 nan 2.928164e-34
5717.060000 nan 2.925555e-34
5719.060000 nan 2.916530e-34
5721.060000 nan 2.899108e-34
5723.060000 nan 2.878606e-34
5725.060000 nan 2.855552e-34
5727.060000 nan 2.850715e-34
5729.060000 nan 2.838477e-34
5731.060000 nan 2.815477e-34
5733.060000 nan 2.809199e-34
5735.060000 nan 2.802929e-34
5737.060000 nan 2.796198e-34
5739.060000 nan 2.784544e-34
5741.060000 nan 2.777797e-34
5743.060000 nan 2.776002e-34
5745.060000 nan 2.784985e-34
5747.060000 nan 2.773621e-34
5749.060000 nan 2.755715e-34
5751.060000 nan 2.752638e-34
5753.060000 nan 2.746761e-34
5755.060000 nan 2.738395e-34
5757.060000 nan 2.726026e-34
5759.060000 nan 2.716492e-34
5761.060000 nan 2.707783e-34
5763.060000 nan 2.699344e-34
5765.060000 nan 2.677986e-34
5767.060000 nan 2.665404e-34
5769.060000 nan 2.668103e-34
5771.060000 nan 2.664525e-34
5773.060000 nan 2.666244e-34
5775.060000 nan 2.673963e-34
5777.060000 nan 2.672812e-34
5779.060000 nan 2.659939e-34
5781.060000 nan 2.639181e-34
5783.060000 nan 2.636781e-34
5785.060000 nan 2.632510e-34
5787.060000 nan 2.630325e-34
5789.060000 nan 2.645770e-34
5791.060000 nan 2.653131e-34
5793.060000 nan 2.652662e-34
5795.060000 nan 2.637739e-34
5797.060000 nan 2.615625e-34
5799.060000 nan 2.598890e-34
5801.060000 nan 2.600436e-34
5803.060000 nan 2.595413e-34
5805.060000 nan 2.589545e-34
5807.060000 nan 2.584546e-34
5809.060000 nan 2.598505e-34
5811.060000 nan 2.606156e-34
5813.060000 nan 2.602877e-34
5815.060000 nan 2.596704e-34
5817.060000 nan 2.586432e-34
5819.060000 nan 2.572460e-34
5821.060000 nan 2.563996e-34
5823.060000 nan 2.557308e-34
5825.060000 nan 2.552121e-34
5827.060000 nan 2.548455e-34
5829.060000 nan 2.534121e-34
5831.060000 nan 2.517577e-34
5833.060000 nan 2.517718e-34
5835.060000 nan 2.506249e-34
5837.060000 nan 2.491559e-34
5839.060000 nan 2.481090e-34
5841.060000 nan 2.496360e-34
5843.060000 nan 2.509906e-34
5845.060000 nan 2.504810e-34
5847.060000 nan 2.481595e-34
5849.060000 nan 2.466357e-34
5851.060000 nan 2.468404e-34
5853.060000 nan 2.480366e-34
5855.060000 nan 2.484766e-34
5857.060000 nan 2.479344e-34
5859.060000 nan 2.453932e-34
5861.060000 nan 2.446414e-34
5863.060000 nan 2.455644e-34
5865.060000 nan 2.476235e-34
5867.060000 nan 2.485119e-34
5869.060000 nan 2.484107e-34
5871.060000 nan 2.469688e-34
5873.060000 nan 2.460079e-34
5875.060000 nan 2.452645e-34
5877.060000 nan 2.444461e-34
5879.060000 nan 2.454376e-34
5881.060000 nan 2.477547e-34
5883.060000 nan 2.518902e-34
5885.060000 nan 2.587016e-34
5887.060000 nan 2.663463e-34
5889.060000 nan 2.743819e-34
5891.060000 nan 2.766072e-34
5893.060000 nan 2.752079e-34
5895.060000 nan 2.698162e-34
5897.060000 nan 2.650372e-34
5899.060000 nan 2.588684e-34
5901.060000 nan 2.512753e-34
5903.060000 nan 2.478766e-34
5905.060000 nan 2.449722e-34
5907.060000 nan 2.424613e-34
5909.060000 nan 2.399223e-34
5911.060000 nan 2.399489e-34
5913.060000 nan 2.405876e-34
5915.060000 nan 2.363580e-34
5917.060000 nan 2.295874e-34
5919.060000 nan 2.221492e-34
5921.060000 nan 2.162090e-34
5923.060000 nan 2.097466e-34
5925.060000 nan 2.031672e-34
5927.060000 nan 1.966890e-34
5929.060000 nan 1.904076e-34
5931.060000 nan 1.847504e-34
5933.060000 nan 1.800900e-34
5935.060000 nan 1.744633e-34
5937.060000 nan 1.672827e-34
5939.060000 nan 1.582536e-34
5941.060000 nan 1.520891e-34
5943.060000 nan 1.470123e-34
5945.060000 nan 1.428671e-34
5947.060000 nan 1.378168e-34
5949.060000 nan 1.317548e-34
5951.060000 nan 1.249535e-34
5953.060000 nan 1.181018e-34
5955.060000 nan 1.114114e-34
5957.060000 nan 1.047627e-34
5959.060000 nan 9.791485e-35
5961.060000 nan 9.641038e-35
5963.060000 nan 9.612013e-35
5965.060000 nan 9.330636e-35
5967.060000 nan 9.347623e-35
5969.060000 nan 9.456747e-35
5971.060000 nan 9.592508e-35
5973.060000 nan 9.669403e-35
5975.060000 nan 9.684288e-35
5977.060000 nan 9.618873e-35
5979.060000 nan 9.347686e-35
5981.060000 nan 9.142248e-35
5983.060000 nan 9.030276e-35
5985.060000 nan 9.059775e-35
5987.060000 nan 9.068193e-35
5989.060000 nan 9.055246e-35
5991.060000 nan 9.001865e-35
5993.060000 nan 8.933321e-35
5995.060000 nan 8.864465e-35
5997.060000 nan 8.854508e-35
5999.060000 nan 8.929765e-35
6001.060000 nan 9.035264e-35
6003.060000 nan 9.100178e-35
6005.060000 nan 9.146630e-35
6007.060000 nan 9.124698e-35
6009.060000 nan 8.943173e-35
6011.060000 nan 8.903710e-35
6013.060000 nan 8.885383e-35
6015.060000 nan 8.846421e-35
6017.060000 nan 8.773456e-35
6019.060000 nan 8.657793e-35
6021.060000 nan 8.489267e-35
6023.060000 nan 8.470052e-35
6025.060000 nan 8.369487e-35
6027.060000 nan 8.186374e-35
6029.060000 nan 8.371712e-35
6031.060000 nan 8.563445e-35
6033.060000 nan 8.728754e-35
6035.060000 nan 8.594485e-35
6037.060000 nan 8.467258e-35
6039.060000 nan 8.358359e-35
6041.060000 nan 8.321289e-35
6043.060000 nan 8.264715e-35
6045.060000 nan 8.223076e-35
6047.060000 nan 8.257258e-35
6049.060000 nan 8.283311e-35
6051.060000 nan 8.277752e-35
6053.060000 nan 8.205691e-35
6055.060000 nan 8.162500e-35
6057.060000 nan 8.121277e-35
6059.060000 nan 8.074168e-35
6061.060000 nan 8.181644e-35
6063.060000 nan 8.314985e-35
6065.060000 nan 8.461518e-35
6067.060000 nan 8.484896e-35
6069.060000 nan 8.548728e-35
6071.060000 nan 8.640499e-35
6073.060000 nan 8.494297e-35
6075.060000 nan 8.281719e-35
6077.060000 nan 8.043041e-35
6079.060000 nan 7.958276e-35
6081.060000 nan 7.848040e-35
6083.060000 nan 7.766284e-35
6085.060000 nan 7.863138e-35
6087.060000 nan 7.864119e-35
6089.060000 nan 7.806780e-35
6091.060000 nan 7.686955e-35
6093.060000 nan 7.756009e-35
6095.060000 nan 7.803039e-35
6097.060000 nan 7.706469e-35
6099.060000 nan 7.769240e-35
6101.060000 nan 7.844345e-35
6103.060000 nan 7.900650e-35
6105.060000 nan 7.914491e-35
6107.060000 nan 8.006464e-35
6109.060000 nan 8.189380e-35
6111.060000 nan 8.274735e-35
6113.060000 nan 8.351351e-35
6115.060000 nan 8.405925e-35
6117.060000 nan 8.280496e-35
6119.060000 nan 8.096489e-35
6121.060000 nan 7.890412e-35
6123.060000 nan 7.775028e-35
6125.060000 nan 7.751182e-35
6127.060000 nan 7.776994e-35
6129.060000 nan 7.826830e-35
6131.060000 nan 7.806250e-35
6133.060000 nan 7.796312e-35
6135.060000 nan 7.871956e-35
6137.060000 nan 7.766683e-35
6139.060000 nan 7.686010e-35
6141.060000 nan 7.722187e-35
6143.060000 nan 7.800261e-35
6145.060000 nan 7.824525e-35
6147.060000 nan 7.768981e-35
6149.060000 nan 7.788086e-35
6151.060000 nan 7.713907e-35
6153.060000 nan 7.546412e-35
6155.060000 nan 7.541468e-35
6157.060000 nan 7.466612e-35
6159.060000 nan 7.343682e-35
6161.060000 nan 7.272513e-35
6163.060000 nan 7.292847e-35
6165.060000 nan 7.352988e-35
6167.060000 nan 7.350701e-35
6169.060000 nan 7.430726e-35
6171.060000 nan 7.522354e-35
6173.060000 nan 7.541661e-35
6175.060000 nan 7.414966e-35
6177.060000 nan 7.341208e-35
6179.060000 nan 7.479621e-35
6181.060000 nan 7.581692e-35
6183.060000 nan 7.614390e-35
6185.060000 nan 7.544775e-35
6187.060000 nan 7.357139e-35
6189.060000 nan 7.211686e-35
6191.060000 nan 7.131193e-35
6193.060000 nan 7.120145e-35
6195.060000 nan 7.123913e-35
6197.060000 nan 7.143573e-35
6199.060000 nan 7.218061e-35
6201.060000 nan 7.257952e-35
6203.060000 nan 7.283304e-35
6205.060000 nan 7.375174e-35
6207.060000 nan 7.336526e-35
6209.060000 nan 7.244078e-35
6211.060000 nan 7.207096e-35
6213.060000 nan 7.116794e-35
6215.060000 nan 7.061683e-35
6217.060000 nan 7.158876e-35
6219.060000 nan 7.207816e-35
6221.060000 nan 7.224034e-35
6223.060000 nan 7.199243e-35
6225.060000 nan 7.296059e-35
6227.060000 nan 7.337184e-35
6229.060000 nan 7.269793e-35
6231.060000 nan 7.368680e-35
6233.060000 nan 7.554861e-35
6235.060000 nan 7.824675e-35
6237.060000 nan 7.983718e-35
6239.060000 nan 7.899445e-35
6241.060000 nan 7.609966e-35
6243.060000 nan 7.296675e-35
6245.060000 nan 7.115971e-35
6247.060000 nan 7.002994e-35
6249.060000 nan 6.803458e-35
6251.060000 nan 6.805443e-35
6253.060000 nan 6.930430e-35
6255.060000 nan 7.162961e-35
6257.060000 nan 7.459813e-35
6259.060000 nan 7.627267e-35
6261.060000 nan 7.426819e-35
6263.060000 nan 7.261365e-35
6265.060000 nan 7.144106e-35
6267.060000 nan 7.099330e-35
6269.060000 nan 7.025628e-35
6271.060000 nan 6.966646e-35
6273.060000 nan 6.931676e-35
6275.060000 nan 6.875460e-35
6277.060000 nan 6.844631e-35
6279.060000 nan 6.842036e-35
6281.060000 nan 6.896626e-35
6283.060000 nan 7.027096e-35
6285.060000 nan 7.217852e-35
6287.060000 nan 7.434552e-35
6289.060000 nan 7.514000e-35
6291.060000 nan 7.587069e-35
6293.060000 nan 7.994028e-35
6295.060000 nan 8.989819e-35
6297.060000 nan 1.028652e-34
6299.060000 nan 1.176938e-34
6301.060000 nan 1.215355e-34
6303.060000 nan 1.177330e-34
6305.060000 nan 1.040462e-34
6307.060000 nan 9.135825e-35
6309.060000 nan 8.087281e-35
6311.060000 nan 7.362411e-35
6313.060000 nan 7.097177e-35
6315.060000 nan 6.881164e-35
6317.060000 nan 6.676235e-35
6319.060000 nan 6.704916e-35
6321.060000 nan 6.814871e-35
6323.060000 nan 6.990508e-35
6325.060000 nan 7.076580e-35
6327.060000 nan 7.173090e-35
6329.060000 nan 7.256307e-35
6331.060000 nan 7.203006e-35
6333.060000 nan 7.088244e-35
6335.060000 nan 6.904682e-35
6337.060000 nan 6.569757e-35
6339.060000 nan 6.432727e-35
6341.060000 nan 6.379678e-35
6343.060000 nan 6.360779e-35
6345.060000 nan 6.475864e-35
6347.060000 nan 6.611268e-35
6349.060000 nan 6.723111e-35
6351.060000 nan 6.710736e-35
6353.060000 nan 6.782840e-35
6355.060000 nan 7.002048e-35
6357.060000 nan 7.236196e-35
6359.060000 nan 7.600250e-35
6361.060000 nan 8.100017e-35
6363.060000 nan 8.332067e-35
6365.060000 nan 8.266957e-35
6367.060000 nan 7.938303e-35
6369.060000 nan 7.389888e-35
6371.060000 nan 6.915791e-35
6373.060000 nan 6.535294e-35
6375.060000 nan 6.416745e-35
6377.060000 nan 6.386176e-35
6379.060000 nan 6.402920e-35
6381.060000 nan 6.446478e-35
6383.060000 nan 6.456245e-35
6385.060000 nan 6.449749e-35
6387.060000 nan 6.429891e-35
6389.060000 nan 6.416847e-35
6391.060000 nan 6.372200e-35
6393.060000 nan 6.270144e-35
6395.060000 nan 6.200714e-35
6397.060000 nan 6.208936e-35
6399.060000 nan 6.313305e-35
6401.060000 nan 6.225434e-35
6403.060000 nan 6.193725e-35
6405.060000 nan 6.222143e-35
6407.060000 nan 6.232570e-35
6409.060000 nan 6.201667e-35
6411.060000 nan 6.151040e-35
6413.060000 nan 6.187975e-35
6415.060000 nan 6.171201e-35
6417.060000 nan 6.143126e-35
6419.060000 nan 6.198241e-35
6421.060000 nan 6.132907e-35
6423.060000 nan 6.011053e-35
6425.060000 nan 5.863670e-35
6427.060000 nan 5.902057e-35
6429.060000 nan 5.981956e-35
6431.060000 nan 6.041948e-35
6433.060000 nan 5.956843e-35
6435.060000 nan 5.876924e-35
6437.060000 nan 5.843604e-35
6439.060000 nan 5.841143e-35
6441.060000 nan 5.871557e-35
6443.060000 nan 5.937629e-35
6445.060000 nan 5.866355e-35
6447.060000 nan 5.847992e-35
6449.060000 nan 5.879096e-35
6451.060000 nan 5.938005e-35
6453.060000 nan 6.005984e-35
6455.060000 nan 6.070087e-35
6457.060000 nan 6.070626e-35
6459.060000 nan 6.204567e-35
6461.060000 nan 6.383979e-35
6463.060000 nan 6.484922e-35
6465.060000 nan 6.589449e-35
6467.060000 nan 6.641760e-35
6469.060000 nan 6.553088e-35
6471.060000 nan 6.482103e-35
6473.060000 nan 6.371737e-35
6475.060000 nan 6.178729e-35
6477.060000 nan 6.071607e-35
6479.060000 nan 6.004226e-35
6481.060000 nan 5.976354e-35
6483.060000 nan 5.869547e-35
6485.060000 nan 5.820798e-35
6487.060000 nan 5.838073e-35
6489.060000 nan 5.853629e-35
6491.060000 nan 5.954201e-35
6493.060000 nan 6.131796e-35
6495.060000 nan 6.398947e-35
6497.060000 nan 6.607488e-35
6499.060000 nan 6.751681e-35
6501.060000 nan 6.742671e-35
6503.060000 nan 6.575559e-35
6505.060000 nan 6.340026e-35
6507.060000 nan 6.107710e-35
6509.060000 nan 5.988309e-35
6511.060000 nan 5.912844e-35
6513.060000 nan 5.858965e-35
6515.060000 nan 5.908115e-35
6517.060000 nan 5.965707e-35
6519.060000 nan 6.003007e-35
6521.060000 nan 5.956429e-35
6523.060000 nan 5.959651e-35
6525.060000 nan 6.037462e-35
6527.060000 nan 6.084222e-35
6529.060000 nan 6.167689e-35
6531.060000 nan 6.281658e-35
6533.060000 nan 6.278247e-35
6535.060000 nan 6.188750e-35
6537.060000 nan 6.047739e-35
6539.060000 nan 5.990048e-35
6541.060000 nan 5.936469e-35
6543.060000 nan 5.900435e-35
6545.060000 nan 5.931938e-35
6547.060000 nan 5.957028e-35
6549.060000 nan 6.021093e-35
6551.060000 nan 6.206313e-35
6553.060000 nan 6.334304e-35
6555.060000 nan 6.362236e-35
6557.060000 nan 6.213948e-35
6559.060000 nan 5.979419e-35
6561.060000 nan 5.800165e-35
6563.060000 nan 5.727076e-35
6565.060000 nan 5.760514e-35
6567.060000 nan 5.816946e-35
6569.060000 nan 5.890608e-35
6571.060000 nan 5.922805e-35
6573.060000 nan 5.920968e-35
6575.060000 nan 5.901245e-35
6577.060000 nan 6.036903e-35
6579.060000 nan 6.106938e-35
6581.060000 nan 6.106327e-35
6583.060000 nan 5.934943e-35
6585.060000 nan 5.762338e-35
6587.060000 nan 5.624796e-35
6589.060000 nan 5.621366e-35
6591.060000 nan 5.608499e-35
6593.060000 nan 5.611545e-35
6595.060000 nan 5.663818e-35
6597.060000 nan 5.668280e-35
6599.060000 nan 5.695109e-35
6601.060000 nan 5.783634e-35
6603.060000 nan 5.795816e-35
6605.060000 nan 5.748864e-35
6607.060000 nan 5.633949e-35
6609.060000 nan 5.476836e-35
6611.060000 nan 5.381219e-35
6613.060000 nan 5.355223e-35
6615.060000 nan 5.467483e-35
6617.060000 nan 5.513115e-35
6619.060000 nan 5.514128e-35
6621.060000 nan 5.588790e-35
6623.060000 nan 5.595116e-35
6625.060000 nan 5.564653e-35
6627.060000 nan 5.551113e-35
6629.060000 nan 5.583662e-35
6631.060000 nan 5.620449e-35
6633.060000 nan 5.606731e-35
6635.060000 nan 5.621178e-35
6637.060000 nan 5.607100e-35
6639.060000 nan 5.508848e-35
6641.060000 nan 5.413327e-35
6643.060000 nan 5.381923e-35
6645.060000 nan 5.456513e-35
6647.060000 nan 5.390275e-35
6649.060000 nan 5.334778e-35
6651.060000 nan 5.310050e-35
6653.060000 nan 5.324297e-35
6655.060000 nan 5.342696e-35
6657.060000 nan 5.360911e-35
6659.060000 nan 5.315586e-35
6661.060000 nan 5.305945e-35
6663.060000 nan 5.325742e-35
6665.060000 nan 5.375773e-35
6667.060000 nan 5.356581e-35
6669.060000 nan 5.325708e-35
6671.060000 nan 5.400475e-35
6673.060000 nan 5.330250e-35
6675.060000 nan 5.240541e-35
6677.060000 nan 5.251910e-35
6679.060000 nan 5.178911e-35
6681.060000 nan 5.142274e-35
6683.060000 nan 5.223633e-35
6685.060000 nan 5.305994e-35
6687.060000 nan 5.299787e-35
6689.060000 nan 5.160494e-35
6691.060000 nan 5.154138e-35
6693.060000 nan 5.173579e-35
6695.060000 nan 5.211685e-35
6697.060000 nan 5.248827e-35
6699.060000 nan 5.234354e-35
6701.060000 nan 5.177674e-35
6703.060000 nan 5.142708e-35
6705.060000 nan 5.106645e-35
6707.060000 nan 5.074198e-35
6709.060000 nan 5.067214e-35
6711.060000 nan 5.139609e-35
6713.060000 nan 5.220938e-35
6715.060000 nan 5.198499e-35
6717.060000 nan 5.133426e-35
6719.060000 nan 5.084478e-35
6721.060000 nan 5.111636e-35
6723.060000 nan 5.044654e-35
6725.060000 nan 4.992228e-35
6727.060000 nan 5.003794e-35
6729.060000 nan 4.975846e-35
6731.060000 nan 4.931748e-35
6733.060000 nan 4.872411e-35
6735.060000 nan 4.908545e-35
6737.060000 nan 4.971195e-35
6739.060000 nan 5.055732e-35
6741.060000 nan 5.104537e-35
6743.060000 nan 5.156218e-35
6745.060000 nan 5.204178e-35
6747.060000 nan 5.198713e-35
6749.060000 nan 5.165890e-35
6751.060000 nan 5.110247e-35
6753.060000 nan 5.019973e-35
6755.060000 nan 4.994471e-35
6757.060000 nan 4.997836e-35
6759.060000 nan 5.006787e-35
6761.060000 nan 5.067379e-35
6763.060000 nan 5.109436e-35
6765.060000 nan 5.076868e-35
6767.060000 nan 5.011627e-35
6769.060000 nan 4.961705e-35
6771.060000 nan 4.946556e-35
6773.060000 nan 4.986035e-35
6775.060000 nan 5.021266e-35
6777.060000 nan 5.045102e-35
6779.060000 nan 5.004118e-35
6781.060000 nan 4.997771e-35
6783.060000 nan 5.021526e-35
6785.060000 nan 4.997495e-35
6787.060000 nan 4.989559e-35
6789.060000 nan 4.986149e-35
6791.060000 nan 4.936141e-35
6793.060000 nan 4.880498e-35
6795.060000 nan 4.841979e-35
6797.060000 nan 4.886132e-35
6799.060000 nan 4.963285e-35
6801.060000 nan 5.019077e-35
6803.060000 nan 4.981768e-35
6805.060000 nan 4.948518e-35
6807.060000 nan 4.930538e-35
6809.060000 nan 4.940857e-35
6811.060000 nan 4.978594e-35
6813.060000 nan 4.977920e-35
6815.060000 nan 4.914793e-35
6817.060000 nan 4.817697e-35
6819.060000 nan 4.832749e-35
6821.060000 nan 4.975604e-35
6823.060000 nan 5.262256e-35
6825.060000 nan 5.641153e-35
6827.060000 nan 6.088237e-35
6829.060000 nan 6.433823e-35
6831.060000 nan 6.596719e-35
6833.060000 nan 6.616409e-35
6835.060000 nan 6.472682e-35
6837.060000 nan 6.175645e-35
6839.060000 nan 5.831074e-35
6841.060000 nan 5.567924e-35
6843.060000 nan 5.379183e-35
6845.060000 nan 5.233438e-35
6847.060000 nan 5.133847e-35
6849.060000 nan 5.042386e-35
6851.060000 nan 4.974702e-35
6853.060000 nan 4.946226e-35
6855.060000 nan 5.078139e-35
6857.060000 nan 5.316041e-35
6859.060000 nan 5.669498e-35
6861.060000 nan 6.113027e-35
6863.060000 nan 6.456172e-35
6865.060000 nan 6.674438e-35
6867.060000 nan 6.307361e-35
6869.060000 nan 5.843135e-35
6871.060000 nan 5.344299e-35
6873.060000 nan 5.175150e-35
6875.060000 nan 5.058346e-35
6877.060000 nan 5.016888e-35
6879.060000 nan 5.191824e-35
6881.060000 nan 5.309377e-35
6883.060000 nan 5.427016e-35
6885.060000 nan 5.617149e-35
6887.060000 nan 5.773440e-35
6889.060000 nan 5.863744e-35
6891.060000 nan 5.831310e-35
6893.060000 nan 5.706519e-35
6895.060000 nan 5.630256e-35
6897.060000 nan 5.657544e-35
6899.060000 nan 5.820943e-35
6901.060000 nan 5.939153e-35
6903.060000 nan 5.989058e-35
6905.060000 nan 5.930107e-35
6907.060000 nan 5.963480e-35
6909.060000 nan 6.081983e-35
6911.060000 nan 6.209940e-35
6913.060000 nan 6.238307e-35
6915.060000 nan 6.200742e-35
6917.060000 nan 6.175598e-35
6919.060000 nan 6.299069e-35
6921.060000 nan 6.508846e-35
6923.060000 nan 6.764378e-35
6925.060000 nan 6.681397e-35
6927.060000 nan 6.438157e-35
6929.060000 nan 6.091607e-35
6931.060000 nan 5.861295e-35
6933.060000 nan 5.751660e-35
6935.060000 nan 5.821626e-35
6937.060000 nan 5.915865e-35
6939.060000 nan 6.020282e-35
6941.060000 nan 6.134358e-35
6943.060000 nan 6.280295e-35
6945.060000 nan 6.489349e-35
6947.060000 nan 6.762416e-35
6949.060000 nan 6.880730e-35
6951.060000 nan 6.774220e-35
6953.060000 nan 6.473863e-35
6955.060000 nan 6.066934e-35
6957.060000 nan 5.852453e-35
6959.060000 nan 5.773478e-35
6961.060000 nan 5.790196e-35
6963.060000 nan 5.853507e-35
6965.060000 nan 5.944001e-35
6967.060000 nan 6.056021e-35
6969.060000 nan 6.103588e-35
6971.060000 nan 6.127563e-35
6973.060000 nan 6.143800e-35
6975.060000 nan 6.220719e-35
6977.060000 nan 6.309561e-35
6979.060000 nan 6.397525e-35
6981.060000 nan 6.296279e-35
6983.060000 nan 6.144202e-35
6985.060000 nan 5.953410e-35
6987.060000 nan 5.837699e-35
6989.060000 nan 5.737792e-35
6991.060000 nan 5.655368e-35
6993.060000 nan 5.675385e-35
6995.060000 nan 5.719412e-35
6997.060000 nan 5.774329e-35
6999.060000 nan 5.773762e-35
7001.060000 nan 5.786766e-35
7003.060000 nan 5.810778e-35
7005.060000 nan 5.850903e-35
7007.060000 nan 5.884712e-35
7009.060000 nan 5.921260e-35
7011.060000 nan 5.973575e-35
7013.060000 nan 5.895610e-35
7015.060000 nan 5.779513e-35
7017.060000 nan 5.658205e-35
7019.060000 nan 5.596969e-35
7021.060000 nan 5.533916e-35
7023.060000 nan 5.452089e-35
7025.060000 nan 5.503283e-35
7027.060000 nan 5.551034e-35
7029.060000 nan 5.582080e-35
7031.060000 nan 5.607465e-35
7033.060000 nan 5.617986e-35
7035.060000 nan 5.614452e-35
7037.060000 nan 5.597990e-35
7039.060000 nan 5.671636e-35
7041.060000 nan 5.800436e-35
7043.060000 nan 5.897729e-35
7045.060000 nan 5.956925e-35
7047.060000 nan 5.987593e-35
7049.060000 nan 5.980398e-35
7051.060000 nan 5.987401e-35
7053.060000 nan 5.962873e-35
7055.060000 nan 5.842067e-35
7057.060000 nan 5.667549e-35
7059.060000 nan 5.528636e-35
7061.060000 nan 5.481244e-35
7063.060000 nan 5.571865e-35
7065.060000 nan 5.642358e-35
7067.060000 nan 5.657947e-35
7069.060000 nan 5.685363e-35
7071.060000 nan 5.675200e-35
7073.060000 nan 5.624415e-35
7075.060000 nan 5.570788e-35
7077.060000 nan 5.594283e-35
7079.060000 nan 5.679741e-35
7081.060000 nan 5.766486e-35
7083.060000 nan 5.795734e-35
7085.060000 nan 5.787799e-35
7087.060000 nan 5.765759e-35
7089.060000 nan 5.729130e-35
7091.060000 nan 5.672990e-35
7093.060000 nan 5.572963e-35
7095.060000 nan 5.509075e-35
7097.060000 nan 5.447859e-35
7099.060000 nan 5.366968e-35
7101.060000 nan 5.378443e-35
7103.060000 nan 5.365617e-35
7105.060000 nan 5.280335e-35
7107.060000 nan 5.219903e-35
7109.060000 nan 5.175645e-35
7111.060000 nan 5.148651e-35
7113.060000 nan 5.246780e-35
7115.060000 nan 5.297163e-35
7117.060000 nan 5.302313e-35
7119.060000 nan 5.386469e-35
7121.060000 nan 5.389966e-35
7123.060000 nan 5.338710e-35
7125.060000 nan 5.315578e-35
7127.060000 nan 5.326094e-35
7129.060000 nan 5.350308e-35
7131.060000 nan 5.355045e-35
7133.060000 nan 5.424335e-35
7135.060000 nan 5.505679e-35
7137.060000 nan 5.548901e-35
7139.060000 nan 5.569053e-35
7141.060000 nan 5.612788e-35
7143.060000 nan 5.718240e-35
7145.060000 nan 5.680605e-35
7147.060000 nan 5.617191e-35
7149.060000 nan 5.549970e-35
7151.060000 nan 5.537759e-35
7153.060000 nan 5.532981e-35
7155.060000 nan 5.531992e-35
7157.060000 nan 5.442470e-35
7159.060000 nan 5.408179e-35
7161.060000 nan 5.419064e-35
7163.060000 nan 5.392369e-35
7165.060000 nan 5.365678e-35
7167.060000 nan 5.347039e-35
7169.060000 nan 5.377860e-35
7171.060000 nan 5.358445e-35
7173.060000 nan 5.323361e-35
7175.060000 nan 5.320324e-35
7177.060000 nan 5.316064e-35
7179.060000 nan 5.291397e-35
7181.060000 nan 5.215333e-35
7183.060000 nan 5.210687e-35
7185.060000 nan 5.206382e-35
7187.060000 nan 5.172606e-35
7189.060000 nan 5.039031e-35
7191.060000 nan 4.951206e-35
7193.060000 nan 4.944467e-35
7195.060000 nan 4.950046e-35
7197.060000 nan 5.057747e-35
7199.060000 nan 5.265115e-35
7201.060000 nan 5.237823e-35
7203.060000 nan 5.169268e-35
7205.060000 nan 5.070993e-35
7207.060000 nan 4.998441e-35
7209.060000 nan 4.990081e-35
7211.060000 nan 5.014996e-35
7213.060000 nan 5.017509e-35
7215.060000 nan 5.009607e-35
7217.060000 nan 5.014733e-35
7219.060000 nan 5.076797e-35
7221.060000 nan 5.190786e-35
7223.060000 nan 5.287661e-35
7225.060000 nan 5.310200e-35
7227.060000 nan 5.335874e-35
7229.060000 nan 5.447344e-35
7231.060000 nan 5.700810e-35
7233.060000 nan 6.219276e-35
7235.060000 nan 6.989033e-35
7237.060000 nan 8.039511e-35
7239.060000 nan 9.321315e-35
7241.060000 nan 1.033527e-34
7243.060000 nan 1.103118e-34
7245.060000 nan 1.056143e-34
7247.060000 nan 9.650379e-35
7249.060000 nan 8.451656e-35
7251.060000 nan 7.439190e-35
7253.060000 nan 6.847806e-35
7255.060000 nan 6.493140e-35
7257.060000 nan 6.202105e-35
7259.060000 nan 5.995573e-35
7261.060000 nan 5.831295e-35
7263.060000 nan 5.696057e-35
7265.060000 nan 5.694938e-35
7267.060000 nan 5.864188e-35
7269.060000 nan 6.309120e-35
7271.060000 nan 7.282393e-35
7273.060000 nan 8.469094e-35
7275.060000 nan 9.852250e-35
7277.060000 nan 1.021641e-34
7279.060000 nan 9.998282e-35
7281.060000 nan 9.203837e-35
7283.060000 nan 8.491888e-35
7285.060000 nan 7.912692e-35
7287.060000 nan 7.441785e-35
7289.060000 nan 6.911713e-35
7291.060000 nan 6.522101e-35
7293.060000 nan 6.250648e-35
7295.060000 nan 6.146416e-35
7297.060000 nan 6.176518e-35
7299.060000 nan 6.324085e-35
7301.060000 nan 6.669717e-35
7303.060000 nan 6.820279e-35
7305.060000 nan 6.827146e-35
7307.060000 nan 6.636643e-35
7309.060000 nan 6.677319e-35
7311.060000 nan 7.065499e-35
7313.060000 nan 7.992857e-35
7315.060000 nan 8.820944e-35
7317.060000 nan 9.136271e-35
7319.060000 nan 8.774466e-35
7321.060000 nan 7.779065e-35
7323.060000 nan 7.057497e-35
7325.060000 nan 6.666730e-35
7327.060000 nan 7.068233e-35
7329.060000 nan 7.348605e-35
7331.060000 nan 7.526273e-35
7333.060000 nan 7.618943e-35
7335.060000 nan 7.983540e-35
7337.060000 nan 8.617856e-35
7339.060000 nan 9.805908e-35
7341.060000 nan 1.045553e-34
7343.060000 nan 1.048102e-34
7345.060000 nan 9.243552e-35
7347.060000 nan 8.016499e-35
7349.060000 nan 7.066341e-35
7351.060000 nan 6.725772e-35
7353.060000 nan 6.757322e-35
7355.060000 nan 6.989406e-35
7357.060000 nan 7.437306e-35
7359.060000 nan 7.718574e-35
7361.060000 nan 7.805635e-35
7363.060000 nan 7.674251e-35
7365.060000 nan 8.179606e-35
7367.060000 nan 8.842184e-35
7369.060000 nan 9.590701e-35
7371.060000 nan 9.476017e-35
7373.060000 nan 8.779117e-35
7375.060000 nan 7.705401e-35
7377.060000 nan 6.826118e-35
7379.060000 nan 6.332893e-35
7381.060000 nan 6.100403e-35
7383.060000 nan 6.123268e-35
7385.060000 nan 6.173396e-35
7387.060000 nan 6.279327e-35
7389.060000 nan 6.512064e-35
7391.060000 nan 6.854566e-35
7393.060000 nan 7.112364e-35
7395.060000 nan 7.147543e-35
7397.060000 nan 7.369582e-35
7399.060000 nan 7.699527e-35
7401.060000 nan 8.146981e-35
7403.060000 nan 8.069302e-35
7405.060000 nan 7.604427e-35
7407.060000 nan 6.752090e-35
7409.060000 nan 6.240504e-35
7411.060000 nan 5.920418e-35
7413.060000 nan 5.763779e-35
7415.060000 nan 5.648186e-35
7417.060000 nan 5.584129e-35
7419.060000 nan 5.575451e-35
7421.060000 nan 5.697767e-35
7423.060000 nan 5.827497e-35
7425.060000 nan 5.965440e-35
7427.060000 nan 6.120416e-35
7429.060000 nan 6.283880e-35
7431.060000 nan 6.428388e-35
7433.060000 nan 6.519743e-35
7435.060000 nan 6.641398e-35
7437.060000 nan 6.759552e-35
7439.060000 nan 6.860056e-35
7441.060000 nan 6.677826e-35
7443.060000 nan 6.397048e-35
7445.060000 nan 6.029603e-35
7447.060000 nan 5.785334e-35
7449.060000 nan 5.620488e-35
7451.060000 nan 5.533642e-35
7453.060000 nan 5.530801e-35
7455.060000 nan 5.651982e-35
7457.060000 nan 5.858205e-35
7459.060000 nan 5.991828e-35
7461.060000 nan 6.194308e-35
7463.060000 nan 6.416564e-35
7465.060000 nan 6.549467e-35
7467.060000 nan 6.731586e-35
7469.060000 nan 6.958370e-35
7471.060000 nan 7.260841e-35
7473.060000 nan 7.440429e-35
7475.060000 nan 7.545755e-35
7477.060000 nan 7.564963e-35
7479.060000 nan 7.607166e-35
7481.060000 nan 7.596487e-35
7483.060000 nan 7.494850e-35
7485.060000 nan 7.180089e-35
7487.060000 nan 6.880834e-35
7489.060000 nan 6.622353e-35
7491.060000 nan 6.445774e-35
7493.060000 nan 6.284878e-35
7495.060000 nan 6.139806e-35
7497.060000 nan 6.032052e-35
7499.060000 nan 5.929321e-35
7501.060000 nan 5.841802e-35
7503.060000 nan 5.833213e-35
7505.060000 nan 5.826860e-35
7507.060000 nan 5.819010e-35
7509.060000 nan 5.800665e-35
7511.060000 nan 5.815062e-35
7513.060000 nan 5.883019e-35
7515.060000 nan 6.063864e-35
7517.060000 nan 6.528351e-35
7519.060000 nan 7.174348e-35
7521.060000 nan 8.039317e-35
7523.060000 nan 8.604998e-35
7525.060000 nan 8.799938e-35
7527.060000 nan 8.522901e-35
7529.060000 nan 7.831526e-35
7531.060000 nan 7.200727e-35
7533.060000 nan 6.665264e-35
7535.060000 nan 6.365494e-35
7537.060000 nan 6.113309e-35
7539.060000 nan 5.913711e-35
7541.060000 nan 5.861082e-35
7543.060000 nan 5.810344e-35
7545.060000 nan 5.772428e-35
7547.060000 nan 5.798095e-35
7549.060000 nan 5.829898e-35
7551.060000 nan 5.894378e-35
7553.060000 nan 6.061917e-35
7555.060000 nan 6.242900e-35
7557.060000 nan 6.362229e-35
7559.060000 nan 6.324070e-35
7561.060000 nan 6.298363e-35
7563.060000 nan 6.327309e-35
7565.060000 nan 6.446899e-35
7567.060000 nan 6.774980e-35
7569.060000 nan 7.196099e-35
7571.060000 nan 7.707969e-35
7573.060000 nan 7.768784e-35
7575.060000 nan 7.465015e-35
7577.060000 nan 6.824186e-35
7579.060000 nan 6.342454e-35
7581.060000 nan 6.197838e-35
7583.060000 nan 6.323166e-35
7585.060000 nan 6.616543e-35
7587.060000 nan 6.949964e-35
7589.060000 nan 7.250008e-35
7591.060000 nan 7.297600e-35
7593.060000 nan 7.308420e-35
7595.060000 nan 7.187691e-35
7597.060000 nan 6.716284e-35
7599.060000 nan 6.244386e-35
7601.060000 nan 5.769337e-35
7603.060000 nan 5.287879e-35
7605.060000 nan 4.963788e-35
7607.060000 nan 4.742517e-35
7609.060000 nan 4.640326e-35
7611.060000 nan 4.817154e-35
7613.060000 nan 5.082828e-35
7615.060000 nan 5.426242e-35
7617.060000 nan 5.706537e-35
7619.060000 nan 5.844957e-35
7621.060000 nan 5.842546e-35
7623.060000 nan 5.620088e-35
7625.060000 nan 5.552474e-35
7627.060000 nan 5.589845e-35
7629.060000 nan 5.638466e-35
7631.060000 nan 5.484428e-35
7633.060000 nan 5.229145e-35
7635.060000 nan 4.968323e-35
7637.060000 nan 4.834166e-35
7639.060000 nan 4.804628e-35
7641.060000 nan 4.933580e-35
7643.060000 nan 5.076725e-35
7645.060000 nan 5.187807e-35
7647.060000 nan 5.231691e-35
7649.060000 nan 5.212181e-35
7651.060000 nan 5.246595e-35
7653.060000 nan 5.369208e-35
7655.060000 nan 5.468473e-35
7657.060000 nan 5.597865e-35
7659.060000 nan 5.761620e-35
7661.060000 nan 5.977697e-35
7663.060000 nan 6.002769e-35
7665.060000 nan 5.868962e-35
7667.060000 nan 5.677203e-35
7669.060000 nan 5.524710e-35
7671.060000 nan 5.415951e-35
7673.060000 nan 5.413108e-35
7675.060000 nan 5.530397e-35
7677.060000 nan 5.667215e-35
7679.060000 nan 5.692919e-35
7681.060000 nan 5.826584e-35
7683.060000 nan 6.028196e-35
7685.060000 nan 6.310965e-35
7687.060000 nan 6.460983e-35
7689.060000 nan 6.568399e-35
7691.060000 nan 6.647941e-35
7693.060000 nan 6.649893e-35
7695.060000 nan 6.615213e-35
7697.060000 nan 6.544277e-35
7699.060000 nan 6.685698e-35
7701.060000 nan 6.849212e-35
7703.060000 nan 7.035836e-35
7705.060000 nan 7.373469e-35
7707.060000 nan 8.312569e-35
7709.060000 nan 9.817379e-35
7711.060000 nan 1.232390e-34
7713.060000 nan 1.452699e-34
7715.060000 nan 1.613995e-34
7717.060000 nan 1.587298e-34
7719.060000 nan 1.437719e-34
7721.060000 nan 1.245892e-34
7723.060000 nan 1.070248e-34
7725.060000 nan 9.814182e-35
7727.060000 nan 9.178262e-35
7729.060000 nan 8.587231e-35
7731.060000 nan 8.110687e-35
7733.060000 nan 7.844166e-35
7735.060000 nan 7.870776e-35
7737.060000 nan 7.955166e-35
7739.060000 nan 8.039279e-35
7741.060000 nan 8.118067e-35
7743.060000 nan 8.602312e-35
7745.060000 nan 9.833678e-35
7747.060000 nan 1.176735e-34
7749.060000 nan 1.440443e-34
7751.060000 nan 1.553562e-34
7753.060000 nan 1.536535e-34
7755.060000 nan 1.323998e-34
7757.060000 nan 1.173119e-34
7759.060000 nan 1.071282e-34
7761.060000 nan 1.042252e-34
7763.060000 nan 9.650728e-35
7765.060000 nan 8.822092e-35
7767.060000 nan 8.271076e-35
7769.060000 nan 8.349286e-35
7771.060000 nan 8.579706e-35
7773.060000 nan 8.827544e-35
7775.060000 nan 8.905230e-35
7777.060000 nan 9.017094e-35
7779.060000 nan 9.206690e-35
7781.060000 nan 9.183680e-35
7783.060000 nan 9.076725e-35
7785.060000 nan 8.904174e-35
7787.060000 nan 9.174192e-35
7789.060000 nan 1.007745e-34
7791.060000 nan 1.147156e-34
7793.060000 nan 1.280202e-34
7795.060000 nan 1.285586e-34
7797.060000 nan 1.196103e-34
7799.060000 nan 1.005948e-34
7801.060000 nan 8.814249e-35
7803.060000 nan 8.174962e-35
7805.060000 nan 8.592543e-35
7807.060000 nan 9.177073e-35
7809.060000 nan 9.592948e-35
7811.060000 nan 9.510875e-35
7813.060000 nan 9.263751e-35
7815.060000 nan 9.431707e-35
7817.060000 nan 1.034386e-34
7819.060000 nan 1.224791e-34
7821.060000 nan 1.360076e-34
7823.060000 nan 1.414380e-34
7825.060000 nan 1.244751e-34
7827.060000 nan 1.057976e-34
7829.060000 nan 8.654823e-35
7831.060000 nan 7.893799e-35
7833.060000 nan 7.600001e-35
7835.060000 nan 7.696832e-35
7837.060000 nan 8.227635e-35
7839.060000 nan 8.857582e-35
7841.060000 nan 9.499268e-35
7843.060000 nan 9.968374e-35
7845.060000 nan 1.010904e-34
7847.060000 nan 1.046138e-34
7849.060000 nan 1.177077e-34
7851.060000 nan 1.391935e-34
7853.060000 nan 1.564944e-34
7855.060000 nan 1.609053e-34
7857.060000 nan 1.479429e-34
7859.060000 nan 1.331771e-34
7861.060000 nan 1.197733e-34
7863.060000 nan 1.112827e-34
7865.060000 nan 1.064887e-34
7867.060000 nan 1.055159e-34
7869.060000 nan 1.121096e-34
7871.060000 nan 1.138079e-34
7873.060000 nan 1.110684e-34
7875.060000 nan 1.050282e-34
7877.060000 nan 1.036177e-34
7879.060000 nan 1.051372e-34
7881.060000 nan 1.064794e-34
7883.060000 nan 1.054592e-34
7885.060000 nan 1.048822e-34
7887.060000 nan 1.099828e-34
7889.060000 nan 1.148064e-34
7891.060000 nan 1.153534e-34
7893.060000 nan 1.054028e-34
7895.060000 nan 9.185778e-35
7897.060000 nan 8.077655e-35
7899.060000 nan 7.560522e-35
7901.060000 nan 7.465808e-35
7903.060000 nan 7.583632e-35
7905.060000 nan 7.918370e-35
7907.060000 nan 9.002144e-35
7909.060000 nan 1.102907e-34
7911.060000 nan 1.397458e-34
7913.060000 nan 1.653928e-34
7915.060000 nan 1.728961e-34
7917.060000 nan 1.653031e-34
7919.060000 nan 1.475663e-34
7921.060000 nan 1.338217e-34
7923.060000 nan 1.226964e-34
7925.060000 nan 1.131568e-34
7927.060000 nan 1.073633e-34
7929.060000 nan 1.048988e-34
7931.060000 nan 1.080121e-34
7933.060000 nan 1.052894e-34
7935.060000 nan 9.903849e-35
7937.060000 nan 8.870544e-35
7939.060000 nan 8.212812e-35
7941.060000 nan 7.851398e-35
7943.060000 nan 7.861050e-35
7945.060000 nan 8.335728e-35
7947.060000 nan 8.888486e-35
7949.060000 nan 9.483877e-35
7951.060000 nan 9.473919e-35
7953.060000 nan 9.192235e-35
7955.060000 nan 8.707314e-35
7957.060000 nan 8.893812e-35
7959.060000 nan 9.807158e-35
7961.060000 nan 1.134185e-34
7963.060000 nan 1.369025e-34
7965.060000 nan 1.477192e-34
7967.060000 nan 1.470662e-34
7969.060000 nan 1.260027e-34
7971.060000 nan 1.095901e-34
7973.060000 nan 9.889660e-35
7975.060000 nan 9.929416e-35
7977.060000 nan 1.059672e-34
7979.060000 nan 1.115829e-34
7981.060000 nan 1.119856e-34
7983.060000 nan 1.049077e-34
7985.060000 nan 9.961217e-35
7987.060000 nan 9.857757e-35
7989.060000 nan 1.170693e-34
7991.060000 nan 1.380872e-34
7993.060000 nan 1.602404e-34
7995.060000 nan 1.547564e-34
7997.060000 nan 1.376712e-34
7999.060000 nan 1.117106e-34
8001.060000 nan 9.506508e-35
8003.060000 nan 8.578627e-35
8005.060000 nan 8.181525e-35
8007.060000 nan 8.178892e-35
8009.060000 nan 8.543490e-35
8011.060000 nan 9.141623e-35
8013.060000 nan 9.969008e-35
8015.060000 nan 1.026211e-34
8017.060000 nan 1.032003e-34
8019.060000 nan 1.022667e-34
8021.060000 nan 1.088069e-34
8023.060000 nan 1.201211e-34
8025.060000 nan 1.371041e-34
8027.060000 nan 1.384283e-34
8029.060000 nan 1.292386e-34
8031.060000 nan 1.085471e-34
8033.060000 nan 9.258606e-35
8035.060000 nan 8.310230e-35
8037.060000 nan 8.002554e-35
8039.060000 nan 7.974025e-35
8041.060000 nan 7.926766e-35
8043.060000 nan 7.872733e-35
8045.060000 nan 7.881396e-35
8047.060000 nan 8.195301e-35
8049.060000 nan 8.654144e-35
8051.060000 nan 8.986826e-35
8053.060000 nan 9.085244e-35
8055.060000 nan 9.116928e-35
8057.060000 nan 9.237831e-35
8059.060000 nan 9.806870e-35
8061.060000 nan 1.036609e-34
8063.060000 nan 1.062909e-34
8065.060000 nan 9.971356e-35
8067.060000 nan 9.133478e-35
8069.060000 nan 8.267377e-35
8071.060000 nan 8.027214e-35
8073.060000 nan 7.886830e-35
8075.060000 nan 7.800768e-35
8077.060000 nan 7.756204e-35
8079.060000 nan 7.778901e-35
8081.060000 nan 7.854338e-35
8083.060000 nan 7.808555e-35
8085.060000 nan 7.817731e-35
8087.060000 nan 7.878473e-35
8089.060000 nan 8.033963e-35
8091.060000 nan 8.181498e-35
8093.060000 nan 8.312552e-35
8095.060000 nan 8.393716e-35
8097.060000 nan 8.577647e-35
8099.060000 nan 8.771208e-35
8101.060000 nan 8.890623e-35
8103.060000 nan 8.999295e-35
8105.060000 nan 8.928691e-35
8107.060000 nan 8.515135e-35
8109.060000 nan 8.160790e-35
8111.060000 nan 7.870704e-35
8113.060000 nan 7.660914e-35
8115.060000 nan 7.635562e-35
8117.060000 nan 7.654118e-35
8119.060000 nan 7.708496e-35
8121.060000 nan 7.755442e-35
8123.060000 nan 7.780019e-35
8125.060000 nan 7.774817e-35
8127.060000 nan 7.646078e-35
8129.060000 nan 7.618557e-35
8131.060000 nan 7.664702e-35
8133.060000 nan 7.774242e-35
8135.060000 nan 7.917504e-35
8137.060000 nan 8.044896e-35
8139.060000 nan 8.065448e-35
8141.060000 nan 7.967791e-35
8143.060000 nan 7.905448e-35
8145.060000 nan 8.016709e-35
8147.060000 nan 8.148732e-35
8149.060000 nan 8.146140e-35
8151.060000 nan 7.901957e-35
8153.060000 nan 7.601806e-35
8155.060000 nan 7.455015e-35
8157.060000 nan 7.515493e-35
8159.060000 nan 7.515850e-35
8161.060000 nan 7.506187e-35
8163.060000 nan 7.489546e-35
8165.060000 nan 7.497422e-35
8167.060000 nan 7.510600e-35
8169.060000 nan 7.518509e-35
8171.060000 nan 7.452088e-35
8173.060000 nan 7.388227e-35
8175.060000 nan 7.350396e-35
8177.060000 nan 7.424726e-35
8179.060000 nan 7.580672e-35
8181.060000 nan 7.739398e-35
8183.060000 nan 7.808862e-35
8185.060000 nan 7.844541e-35
8187.060000 nan 7.851821e-35
8189.060000 nan 7.818418e-35
8191.060000 nan 7.773113e-35
8193.060000 nan 7.751189e-35
8195.060000 nan 7.768992e-35
8197.060000 nan 7.787835e-35
8199.060000 nan 7.740689e-35
8201.060000 nan 7.615978e-35
8203.060000 nan 7.638969e-35
8205.060000 nan 7.651505e-35
8207.060000 nan 7.653462e-35
8209.060000 nan 7.646087e-35
8211.060000 nan 7.652639e-35
8213.060000 nan 7.668340e-35
8215.060000 nan 7.683175e-35
8217.060000 nan 7.689189e-35
8219.060000 nan 7.680872e-35
8221.060000 nan 7.633828e-35
8223.060000 nan 7.608238e-35
8225.060000 nan 7.633437e-35
8227.060000 nan 7.772662e-35
8229.060000 nan 7.685635e-35
8231.060000 nan 7.616500e-35
8233.060000 nan 7.682093e-35
8235.060000 nan 7.685888e-35
8237.060000 nan 7.704185e-35
8239.060000 nan 7.754804e-35
8241.060000 nan 8.067638e-35
8243.060000 nan 8.217661e-35
8245.060000 nan 8.179459e-35
8247.060000 nan 8.107621e-35
8249.060000 nan 8.122171e-35
8251.060000 nan 8.203006e-35
8253.060000 nan 8.253685e-35
8255.060000 nan 8.214967e-35
8257.060000 nan 8.114019e-35
8259.060000 nan 7.967958e-35
8261.060000 nan 8.036999e-35
8263.060000 nan 8.194919e-35
8265.060000 nan 8.334364e-35
8267.060000 nan 8.353650e-35
8269.060000 nan 8.402305e-35
8271.060000 nan 8.605614e-35
8273.060000 nan 9.334108e-35
8275.060000 nan 1.050327e-34
8277.060000 nan 1.224604e-34
8279.060000 nan 1.438729e-34
8281.060000 nan 1.613832e-34
8283.060000 nan 1.733949e-34
8285.060000 nan 1.769257e-34
8287.060000 nan 1.794036e-34
8289.060000 nan 1.805909e-34
8291.060000 nan 1.714258e-34
8293.060000 nan 1.664484e-34
8295.060000 nan 1.669702e-34
8297.060000 nan 1.864752e-34
8299.060000 nan 1.879969e-34
8301.060000 nan 1.760012e-34
8303.060000 nan 1.471142e-34
8305.060000 nan 1.265446e-34
8307.060000 nan 1.140901e-34
8309.060000 nan 1.158944e-34
8311.060000 nan 1.152629e-34
8313.060000 nan 1.121910e-34
8315.060000 nan 1.053954e-34
8317.060000 nan 9.825594e-35
8319.060000 nan 9.293968e-35
8321.060000 nan 9.050169e-35
8323.060000 nan 8.861693e-35
8325.060000 nan 8.843298e-35
8327.060000 nan 9.015796e-35
8329.060000 nan 9.024034e-35
8331.060000 nan 9.158724e-35
8333.060000 nan 9.417352e-35
8335.060000 nan 9.862388e-35
8337.060000 nan 1.154696e-34
8339.060000 nan 1.461480e-34
8341.060000 nan 2.120866e-34
8343.060000 nan 2.719070e-34
8345.060000 nan 3.120154e-34
8347.060000 nan 2.890507e-34
8349.060000 nan 2.466524e-34
8351.060000 nan 2.047106e-34
8353.060000 nan 1.810470e-34
8355.060000 nan 1.604883e-34
8357.060000 nan 1.411197e-34
8359.060000 nan 1.226522e-34
8361.060000 nan 1.195112e-34
8363.060000 nan 1.217644e-34
8365.060000 nan 1.287166e-34
8367.060000 nan 1.231883e-34
8369.060000 nan 1.145426e-34
8371.060000 nan 1.035112e-34
8373.060000 nan 1.021062e-34
8375.060000 nan 1.045351e-34
8377.060000 nan 1.108037e-34
8379.060000 nan 1.249534e-34
8381.060000 nan 1.366319e-34
8383.060000 nan 1.437836e-34
8385.060000 nan 1.353711e-34
8387.060000 nan 1.234445e-34
8389.060000 nan 1.131711e-34
8391.060000 nan 1.131825e-34
8393.060000 nan 1.325617e-34
8395.060000 nan 1.659949e-34
8397.060000 nan 2.182700e-34
8399.060000 nan 2.469191e-34
8401.060000 nan 2.459847e-34
8403.060000 nan 2.032449e-34
8405.060000 nan 1.580178e-34
8407.060000 nan 1.282805e-34
8409.060000 nan 1.181690e-34
8411.060000 nan 1.302332e-34
8413.060000 nan 1.442633e-34
8415.060000 nan 1.586652e-34
8417.060000 nan 1.530511e-34
8419.060000 nan 1.423800e-34
8421.060000 nan 1.304306e-34
8423.060000 nan 1.354152e-34
8425.060000 nan 1.663505e-34
8427.060000 nan 2.133623e-34
8429.060000 nan 2.706388e-34
8431.060000 nan 2.777879e-34
8433.060000 nan 2.519789e-34
8435.060000 nan 1.864826e-34
8437.060000 nan 1.404240e-34
8439.060000 nan 1.100914e-34
8441.060000 nan 1.015106e-34
8443.060000 nan 1.008494e-34
8445.060000 nan 1.053880e-34
8447.060000 nan 1.158723e-34
8449.060000 nan 1.347986e-34
8451.060000 nan 1.494378e-34
8453.060000 nan 1.584743e-34
8455.060000 nan 1.462873e-34
8457.060000 nan 1.370793e-34
8459.060000 nan 1.331031e-34
8461.060000 nan 1.623548e-34
8463.060000 nan 1.975590e-34
8465.060000 nan 2.298766e-34
8467.060000 nan 2.227330e-34
8469.060000 nan 1.883522e-34
8471.060000 nan 1.452956e-34
8473.060000 nan 1.173610e-34
8475.060000 nan 1.051681e-34
8477.060000 nan 9.983763e-35
8479.060000 nan 9.855918e-35
8481.060000 nan 9.602315e-35
8483.060000 nan 9.386415e-35
8485.060000 nan 9.289177e-35
8487.060000 nan 9.922637e-35
8489.060000 nan 1.086793e-34
8491.060000 nan 1.211293e-34
8493.060000 nan 1.298367e-34
8495.060000 nan 1.328686e-34
8497.060000 nan 1.303421e-34
8499.060000 nan 1.301603e-34
8501.060000 nan 1.399038e-34
8503.060000 nan 1.565859e-34
8505.060000 nan 1.669400e-34
8507.060000 nan 1.588357e-34
8509.060000 nan 1.396956e-34
8511.060000 nan 1.184761e-34
8513.060000 nan 1.057954e-34
8515.060000 nan 9.919372e-35
8517.060000 nan 1.005277e-34
8519.060000 nan 1.001286e-34
8521.060000 nan 9.929553e-35
8523.060000 nan 9.861639e-35
8525.060000 nan 9.843937e-35
8527.060000 nan 9.878619e-35
8529.060000 nan 9.983743e-35
8531.060000 nan 1.029800e-34
8533.060000 nan 1.070413e-34
8535.060000 nan 1.119880e-34
8537.060000 nan 1.174279e-34
8539.060000 nan 1.194796e-34
8541.060000 nan 1.184442e-34
8543.060000 nan 1.182242e-34
8545.060000 nan 1.235561e-34
8547.060000 nan 1.324552e-34
8549.060000 nan 1.393182e-34
8551.060000 nan 1.354677e-34
8553.060000 nan 1.255937e-34
8555.060000 nan 1.136378e-34
8557.060000 nan 1.070479e-34
8559.060000 nan 1.032639e-34
8561.060000 nan 1.017583e-34
8563.060000 nan 1.012736e-34
8565.060000 nan 1.008309e-34
8567.060000 nan 9.996477e-35
8569.060000 nan 1.004303e-34
8571.060000 nan 1.016845e-34
8573.060000 nan 1.038051e-34
8575.060000 nan 1.062122e-34
8577.060000 nan 1.067228e-34
8579.060000 nan 1.051262e-34
8581.060000 nan 1.044430e-34
8583.060000 nan 1.039560e-34
8585.060000 nan 1.039716e-34
8587.060000 nan 1.078814e-34
8589.060000 nan 1.096041e-34
8591.060000 nan 1.099968e-34
8593.060000 nan 1.106106e-34
8595.060000 nan 1.132648e-34
8597.060000 nan 1.160201e-34
8599.060000 nan 1.158067e-34
8601.060000 nan 1.138586e-34
8603.060000 nan 1.114128e-34
8605.060000 nan 1.091265e-34
8607.060000 nan 1.107721e-34
8609.060000 nan 1.148670e-34
8611.060000 nan 1.218333e-34
8613.060000 nan 1.309105e-34
8615.060000 nan 1.410703e-34
8617.060000 nan 1.523370e-34
8619.060000 nan 1.680655e-34
8621.060000 nan 1.869284e-34
8623.060000 nan 2.085582e-34
8625.060000 nan 2.245166e-34
8627.060000 nan 2.346144e-34
8629.060000 nan 2.398675e-34
8631.060000 nan 2.415096e-34
8633.060000 nan 2.355736e-34
8635.060000 nan 2.234239e-34
8637.060000 nan 2.020766e-34
8639.060000 nan 1.825623e-34
8641.060000 nan 1.660363e-34
8643.060000 nan 1.564122e-34
8645.060000 nan 1.596398e-34
8647.060000 nan 1.702275e-34
8649.060000 nan 1.889374e-34
8651.060000 nan 2.078735e-34
8653.060000 nan 2.232327e-34
8655.060000 nan 2.328148e-34
8657.060000 nan 2.401674e-34
8659.060000 nan 2.440992e-34
8661.060000 nan 2.441660e-34
8663.060000 nan 2.405123e-34
8665.060000 nan 2.334781e-34
8667.060000 nan 2.234595e-34
8669.060000 nan 2.140703e-34
8671.060000 nan 2.035504e-34
8673.060000 nan 1.924298e-34
8675.060000 nan 1.824390e-34
8677.060000 nan 1.740879e-34
8679.060000 nan 1.664163e-34
8681.060000 nan 1.581587e-34
8683.060000 nan 1.500721e-34
8685.060000 nan 1.420342e-34
8687.060000 nan 1.339616e-34
8689.060000 nan 1.290171e-34
8691.060000 nan 1.249381e-34
8693.060000 nan 1.210685e-34
8695.060000 nan 1.208988e-34
8697.060000 nan 1.210450e-34
8699.060000 nan 1.208853e-34
8701.060000 nan 1.194399e-34
8703.060000 nan 1.180262e-34
8705.060000 nan 1.167547e-34
8707.060000 nan 1.172442e-34
8709.060000 nan 1.163599e-34
8711.060000 nan 1.143840e-34
8713.060000 nan 1.127572e-34
8715.060000 nan 1.111912e-34
8717.060000 nan 1.097943e-34
8719.060000 nan 1.091156e-34
8721.060000 nan 1.101839e-34
8723.060000 nan 1.115013e-34
8725.060000 nan 1.109736e-34
8727.060000 nan 1.114651e-34
8729.060000 nan 1.122624e-34
8731.060000 nan 1.130216e-34
8733.060000 nan 1.116823e-34
8735.060000 nan 1.104065e-34
8737.060000 nan 1.099890e-34
8739.060000 nan 1.105412e-34
8741.060000 nan 1.114172e-34
8743.060000 nan 1.125740e-34
8745.060000 nan 1.130744e-34
8747.060000 nan 1.133374e-34
8749.060000 nan 1.136626e-34
8751.060000 nan 1.205890e-34
8753.060000 nan 1.341021e-34
8755.060000 nan 1.553554e-34
8757.060000 nan 1.998437e-34
8759.060000 nan 2.447605e-34
8761.060000 nan 2.862749e-34
8763.060000 nan 3.112157e-34
8765.060000 nan 3.273156e-34
8767.060000 nan 3.334898e-34
8769.060000 nan 3.204590e-34
8771.060000 nan 2.921281e-34
8773.060000 nan 2.742282e-34
8775.060000 nan 2.873991e-34
8777.060000 nan 3.074664e-34
8779.060000 nan 3.053562e-34
8781.060000 nan 2.667289e-34
8783.060000 nan 2.089013e-34
8785.060000 nan 1.685589e-34
8787.060000 nan 1.505704e-34
8789.060000 nan 1.589062e-34
8791.060000 nan 1.636966e-34
8793.060000 nan 1.638518e-34
8795.060000 nan 1.442425e-34
8797.060000 nan 1.276115e-34
8799.060000 nan 1.146928e-34
8801.060000 nan 1.128382e-34
8803.060000 nan 1.125400e-34
8805.060000 nan 1.136663e-34
8807.060000 nan 1.173442e-34
8809.060000 nan 1.190678e-34
8811.060000 nan 1.201850e-34
8813.060000 nan 1.215134e-34
8815.060000 nan 1.250870e-34
8817.060000 nan 1.355152e-34
8819.060000 nan 1.579573e-34
8821.060000 nan 2.213129e-34
8823.060000 nan 3.161005e-34
8825.060000 nan 4.473317e-34
8827.060000 nan 5.170704e-34
8829.060000 nan 5.127597e-34
8831.060000 nan 4.332734e-34
8833.060000 nan 3.546340e-34
8835.060000 nan 3.100534e-34
8837.060000 nan 2.908970e-34
8839.060000 nan 2.526887e-34
8841.060000 nan 2.077817e-34
8843.060000 nan 1.642457e-34
8845.060000 nan 1.490089e-34
8847.060000 nan 1.493362e-34
8849.060000 nan 1.548991e-34
8851.060000 nan 1.551225e-34
8853.060000 nan 1.453430e-34
8855.060000 nan 1.338344e-34
8857.060000 nan 1.254610e-34
8859.060000 nan 1.288713e-34
8861.060000 nan 1.395248e-34
8863.060000 nan 1.585465e-34
8865.060000 nan 1.885692e-34
8867.060000 nan 2.095740e-34
8869.060000 nan 2.176315e-34
8871.060000 nan 1.846224e-34
8873.060000 nan 1.551750e-34
8875.060000 nan 1.314991e-34
8877.060000 nan 1.362095e-34
8879.060000 nan 1.647588e-34
8881.060000 nan 2.158322e-34
8883.060000 nan 3.073953e-34
8885.060000 nan 3.721452e-34
8887.060000 nan 4.014924e-34
8889.060000 nan 3.384810e-34
8891.060000 nan 2.544993e-34
8893.060000 nan 1.788491e-34
8895.060000 nan 1.513658e-34
8897.060000 nan 1.576988e-34
8899.060000 nan 1.786190e-34
8901.060000 nan 2.111660e-34
8903.060000 nan 2.310079e-34
8905.060000 nan 2.322163e-34
8907.060000 nan 2.080523e-34
8909.060000 nan 1.800946e-34
8911.060000 nan 1.699763e-34
8913.060000 nan 1.807116e-34
8915.060000 nan 2.574864e-34
8917.060000 nan 3.481690e-34
8919.060000 nan 4.435576e-34
8921.060000 nan 4.408679e-34
8923.060000 nan 3.740172e-34
8925.060000 nan 2.701491e-34
8927.060000 nan 1.962142e-34
8929.060000 nan 1.603010e-34
8931.060000 nan 1.453817e-34
8933.060000 nan 1.405716e-34
8935.060000 nan 1.428340e-34
8937.060000 nan 1.516929e-34
8939.060000 nan 1.712891e-34
8941.060000 nan 1.987350e-34
8943.060000 nan 2.190702e-34
8945.060000 nan 2.228904e-34
8947.060000 nan 1.972563e-34
8949.060000 nan 1.750506e-34
8951.060000 nan 1.628647e-34
8953.060000 nan 2.080145e-34
8955.060000 nan 2.729875e-34
8957.060000 nan 3.540607e-34
8959.060000 nan 3.680431e-34
8961.060000 nan 3.281203e-34
8963.060000 nan 2.473125e-34
8965.060000 nan 1.805008e-34
8967.060000 nan 1.441380e-34
8969.060000 nan 1.282142e-34
8971.060000 nan 1.252276e-34
8973.060000 nan 1.244053e-34
8975.060000 nan 1.245873e-34
8977.060000 nan 1.250194e-34
8979.060000 nan 1.279848e-34
8981.060000 nan 1.335761e-34
8983.060000 nan 1.434267e-34
8985.060000 nan 1.600015e-34
8987.060000 nan 1.746070e-34
8989.060000 nan 1.837961e-34
8991.060000 nan 1.760729e-34
8993.060000 nan 1.681937e-34
8995.060000 nan 1.622061e-34
8997.060000 nan 1.878387e-34
8999.060000 nan 2.233210e-34
9001.060000 nan 2.649324e-34
9003.060000 nan 2.583029e-34
9005.060000 nan 2.253236e-34
9007.060000 nan 1.760158e-34
9009.060000 nan 1.440448e-34
9011.060000 nan 1.291610e-34
9013.060000 nan 1.243628e-34
9015.060000 nan 1.241926e-34
9017.060000 nan 1.240320e-34
9019.060000 nan 1.238010e-34
9021.060000 nan 1.233599e-34
9023.060000 nan 1.257877e-34
9025.060000 nan 1.282124e-34
9027.060000 nan 1.291291e-34
9029.060000 nan 1.323537e-34
9031.060000 nan 1.373284e-34
9033.060000 nan 1.443879e-34
9035.060000 nan 1.569992e-34
9037.060000 nan 1.661823e-34
9039.060000 nan 1.710257e-34
9041.060000 nan 1.681639e-34
9043.060000 nan 1.664007e-34
9045.060000 nan 1.671483e-34
9047.060000 nan 1.873186e-34
9049.060000 nan 2.010165e-34
9051.060000 nan 2.064120e-34
9053.060000 nan 1.872529e-34
9055.060000 nan 1.675694e-34
9057.060000 nan 1.503027e-34
9059.060000 nan 1.427606e-34
9061.060000 nan 1.381422e-34
9063.060000 nan 1.354423e-34
9065.060000 nan 1.351107e-34
9067.060000 nan 1.321306e-34
9069.060000 nan 1.299811e-34
9071.060000 nan 1.303971e-34
9073.060000 nan 1.294797e-34
9075.060000 nan 1.283109e-34
9077.060000 nan 1.270248e-34
9079.060000 nan 1.254081e-34
9081.060000 nan 1.267232e-34
9083.060000 nan 1.310345e-34
9085.060000 nan 1.350650e-34
9087.060000 nan 1.398977e-34
9089.060000 nan 1.451728e-34
9091.060000 nan 1.488726e-34
9093.060000 nan 1.520812e-34
9095.060000 nan 1.545949e-34
9097.060000 nan 1.550951e-34
9099.060000 nan 1.614057e-34
9101.060000 nan 1.701725e-34
9103.060000 nan 1.790179e-34
9105.060000 nan 1.757820e-34
9107.060000 nan 1.668623e-34
9109.060000 nan 1.530984e-34
9111.060000 nan 1.439469e-34
9113.060000 nan 1.386209e-34
9115.060000 nan 1.381560e-34
9117.060000 nan 1.359825e-34
9119.060000 nan 1.348948e-34
9121.060000 nan 1.353279e-34
9123.060000 nan 1.379383e-34
9125.060000 nan 1.398539e-34
9127.060000 nan 1.410446e-34
9129.060000 nan 1.413243e-34
9131.060000 nan 1.432061e-34
9133.060000 nan 1.460408e-34
9135.060000 nan 1.477522e-34
9137.060000 nan 1.459203e-34
9139.060000 nan 1.427144e-34
9141.060000 nan 1.413724e-34
9143.060000 nan 1.414821e-34
9145.060000 nan 1.433506e-34
9147.060000 nan 1.486078e-34
9149.060000 nan 1.530632e-34
9151.060000 nan 1.580424e-34
9153.060000 nan 1.644593e-34
9155.060000 nan 1.666349e-34
9157.060000 nan 1.682942e-34
9159.060000 nan 1.701260e-34
9161.060000 nan 1.692414e-34
9163.060000 nan 1.640788e-34
9165.060000 nan 1.544392e-34
9167.060000 nan 1.507057e-34
9169.060000 nan 1.480725e-34
9171.060000 nan 1.464165e-34
9173.060000 nan 1.454331e-34
9175.060000 nan 1.450175e-34
9177.060000 nan 1.448785e-34
9179.060000 nan 1.442927e-34
9181.060000 nan 1.444487e-34
9183.060000 nan 1.445724e-34
9185.060000 nan 1.433721e-34
9187.060000 nan 1.437568e-34
9189.060000 nan 1.448983e-34
9191.060000 nan 1.466336e-34
9193.060000 nan 1.491081e-34
9195.060000 nan 1.522290e-34
9197.060000 nan 1.562204e-34
9199.060000 nan 1.553786e-34
9201.060000 nan 1.526079e-34
9203.060000 nan 1.480321e-34
9205.060000 nan 1.508546e-34
9207.060000 nan 1.564613e-34
9209.060000 nan 1.645134e-34
9211.060000 nan 1.706215e-34
9213.060000 nan 1.749637e-34
9215.060000 nan 1.778544e-34
9217.060000 nan 1.797274e-34
9219.060000 nan 1.796782e-34
9221.060000 nan 1.797015e-34
9223.060000 nan 1.851643e-34
9225.060000 nan 1.904884e-34
9227.060000 nan 1.927716e-34
9229.060000 nan 1.858582e-34
9231.060000 nan 1.741195e-34
9233.060000 nan 1.642300e-34
9235.060000 nan 1.613211e-34
9237.060000 nan 1.622165e-34
9239.060000 nan 1.625221e-34
9241.060000 nan 1.608131e-34
9243.060000 nan 1.612308e-34
9245.060000 nan 1.631310e-34
9247.060000 nan 1.665856e-34
9249.060000 nan 1.661245e-34
9251.060000 nan 1.674205e-34
9253.060000 nan 1.700319e-34
9255.060000 nan 1.677804e-34
9257.060000 nan 1.675679e-34
9259.060000 nan 1.681243e-34
9261.060000 nan 1.645385e-34
9263.060000 nan 1.616223e-34
9265.060000 nan 1.591132e-34
9267.060000 nan 1.568838e-34
9269.060000 nan 1.562520e-34
9271.060000 nan 1.564563e-34
9273.060000 nan 1.573635e-34
9275.060000 nan 1.550560e-34
9277.060000 nan 1.539293e-34
9279.060000 nan 1.566066e-34
9281.060000 nan 1.622034e-34
9283.060000 nan 1.698537e-34
9285.060000 nan 1.798589e-34
9287.060000 nan 1.824268e-34
9289.060000 nan 1.840043e-34
9291.060000 nan 1.849831e-34
9293.060000 nan 1.863070e-34
9295.060000 nan 1.881567e-34
9297.060000 nan 1.916715e-34
9299.060000 nan 2.084789e-34
9301.060000 nan 2.518602e-34
9303.060000 nan 3.219350e-34
9305.060000 nan 4.487407e-34
9307.060000 nan 5.688967e-34
9309.060000 nan 6.698993e-34
9311.060000 nan 7.152193e-34
9313.060000 nan 7.131168e-34
9315.060000 nan 6.687375e-34
9317.060000 nan 5.591126e-34
9319.060000 nan 4.939319e-34
9321.060000 nan 4.701531e-34
9323.060000 nan 5.025655e-34
9325.060000 nan 4.860503e-34
9327.060000 nan 4.284334e-34
9329.060000 nan 3.244925e-34
9331.060000 nan 2.718351e-34
9333.060000 nan 2.458369e-34
9335.060000 nan 2.448414e-34
9337.060000 nan 2.540728e-34
9339.060000 nan 2.355900e-34
9341.060000 nan 1.985116e-34
9343.060000 nan 1.767152e-34
9345.060000 nan 1.649613e-34
9347.060000 nan 1.610727e-34
9349.060000 nan 1.678355e-34
9351.060000 nan 1.691494e-34
9353.060000 nan 1.654510e-34
9355.060000 nan 1.532308e-34
9357.060000 nan 1.514175e-34
9359.060000 nan 1.540567e-34
9361.060000 nan 1.601006e-34
9363.060000 nan 1.722720e-34
9365.060000 nan 1.911972e-34
9367.060000 nan 2.190607e-34
9369.060000 nan 2.919251e-34
9371.060000 nan 4.202463e-34
9373.060000 nan 6.093857e-34
9375.060000 nan 7.792081e-34
9377.060000 nan 8.135876e-34
9379.060000 nan 7.203551e-34
9381.060000 nan 5.179682e-34
9383.060000 nan 3.690076e-34
9385.060000 nan 2.675336e-34
9387.060000 nan 2.421090e-34
9389.060000 nan 2.245860e-34
9391.060000 nan 2.143897e-34
9393.060000 nan 2.175143e-34
9395.060000 nan 2.263207e-34
9397.060000 nan 2.433364e-34
9399.060000 nan 2.767318e-34
9401.060000 nan 3.048204e-34
9403.060000 nan 3.186046e-34
9405.060000 nan 3.075943e-34
9407.060000 nan 2.760547e-34
9409.060000 nan 2.503100e-34
9411.060000 nan 2.366806e-34
9413.060000 nan 2.556873e-34
9415.060000 nan 2.958047e-34
9417.060000 nan 3.564929e-34
9419.060000 nan 4.161132e-34
9421.060000 nan 4.336065e-34
9423.060000 nan 4.123880e-34
9425.060000 nan 3.412785e-34
9427.060000 nan 2.897140e-34
9429.060000 nan 2.578421e-34
9431.060000 nan 2.677903e-34
9433.060000 nan 3.252430e-34
9435.060000 nan 4.281269e-34
9437.060000 nan 6.133130e-34
9439.060000 nan 7.586634e-34
9441.060000 nan 8.205146e-34
9443.060000 nan 7.160875e-34
9445.060000 nan 5.457688e-34
9447.060000 nan 4.041929e-34
9449.060000 nan 3.337276e-34
9451.060000 nan 3.328448e-34
9453.060000 nan 3.601983e-34
9455.060000 nan 4.141928e-34
9457.060000 nan 4.853812e-34
9459.060000 nan 5.210000e-34
9461.060000 nan 5.178338e-34
9463.060000 nan 4.258112e-34
9465.060000 nan 3.444444e-34
9467.060000 nan 2.811698e-34
9469.060000 nan 2.977452e-34
9471.060000 nan 3.676235e-34
9473.060000 nan 4.776247e-34
9475.060000 nan 6.379414e-34
9477.060000 nan 7.197882e-34
9479.060000 nan 7.200038e-34
9481.060000 nan 5.708828e-34
9483.060000 nan 4.281647e-34
9485.060000 nan 3.205341e-34
9487.060000 nan 2.822425e-34
9489.060000 nan 2.914710e-34
9491.060000 nan 3.029549e-34
9493.060000 nan 3.060446e-34
9495.060000 nan 3.189779e-34
9497.060000 nan 3.518622e-34
9499.060000 nan 4.068485e-34
9501.060000 nan 4.873793e-34
9503.060000 nan 5.304935e-34
9505.060000 nan 5.348650e-34
9507.060000 nan 4.565762e-34
9509.060000 nan 3.812983e-34
9511.060000 nan 3.222395e-34
9513.060000 nan 3.507378e-34
9515.060000 nan 4.136251e-34
9517.060000 nan 4.913950e-34
9519.060000 nan 5.628627e-34
9521.060000 nan 5.605489e-34
9523.060000 nan 5.117415e-34
9525.060000 nan 4.083180e-34
9527.060000 nan 3.453349e-34
9529.060000 nan 3.095914e-34
9531.060000 nan 3.073874e-34
9533.060000 nan 3.127283e-34
9535.060000 nan 3.175355e-34
9537.060000 nan 3.202515e-34
9539.060000 nan 3.138181e-34
9541.060000 nan 3.082452e-34
9543.060000 nan 3.043994e-34
9545.060000 nan 3.154789e-34
9547.060000 nan 3.431533e-34
9549.060000 nan 3.854163e-34
9551.060000 nan 4.424455e-34
9553.060000 nan 4.689431e-34
9555.060000 nan 4.683354e-34
9557.060000 nan 4.213014e-34
9559.060000 nan 4.006810e-34
9561.060000 nan 4.098341e-34
9563.060000 nan 4.790589e-34
9565.060000 nan 5.922878e-34
9567.060000 nan 6.872642e-34
9569.060000 nan 7.106979e-34
9571.060000 nan 6.155224e-34
9573.060000 nan 5.040348e-34
9575.060000 nan 4.030141e-34
9577.060000 nan 3.740372e-34
9579.060000 nan 3.573406e-34
9581.060000 nan 3.470732e-34
9583.060000 nan 3.475166e-34
9585.060000 nan 3.476873e-34
9587.060000 nan 3.475876e-34
9589.060000 nan 3.511417e-34
9591.060000 nan 3.551602e-34
9593.060000 nan 3.591376e-34
9595.060000 nan 3.603987e-34
9597.060000 nan 3.676602e-34
9599.060000 nan 3.783356e-34
9601.060000 nan 3.900912e-34
9603.060000 nan 4.141534e-34
9605.060000 nan 4.456276e-34
9607.060000 nan 4.849118e-34
9609.060000 nan 4.910826e-34
9611.060000 nan 4.791134e-34
9613.060000 nan 4.476507e-34
9615.060000 nan 4.581113e-34
9617.060000 nan 4.855880e-34
9619.060000 nan 5.287742e-34
9621.060000 nan 5.602446e-34
9623.060000 nan 5.634857e-34
9625.060000 nan 5.357120e-34
9627.060000 nan 4.879975e-34
9629.060000 nan 4.529267e-34
9631.060000 nan 4.287916e-34
9633.060000 nan 4.066935e-34
9635.060000 nan 3.953342e-34
9637.060000 nan 3.892173e-34
9639.060000 nan 3.735273e-34
9641.060000 nan 3.695112e-34
9643.060000 nan 3.701537e-34
9645.060000 nan 3.677473e-34
9647.060000 nan 3.721482e-34
9649.060000 nan 3.811314e-34
9651.060000 nan 3.959179e-34
9653.060000 nan 4.139845e-34
9655.060000 nan 4.267659e-34
9657.060000 nan 4.286365e-34
9659.060000 nan 4.323408e-34
9661.060000 nan 4.387839e-34
9663.060000 nan 4.486259e-34
9665.060000 nan 4.719126e-34
9667.060000 nan 5.023555e-34
9669.060000 nan 5.381966e-34
9671.060000 nan 5.310044e-34
9673.060000 nan 5.220892e-34
9675.060000 nan 5.166244e-34
9677.060000 nan 5.541509e-34
9679.060000 nan 6.054232e-34
9681.060000 nan 6.573777e-34
9683.060000 nan 6.740870e-34
9685.060000 nan 6.426355e-34
9687.060000 nan 5.923150e-34
9689.060000 nan 5.460580e-34
9691.060000 nan 5.343708e-34
9693.060000 nan 5.401074e-34
