#OBJECT = ZTF18abm
#MJD-OBS = 58348.305683
#DATE-OBS = 2018-08-18T07:20:11
#EXPTIME = 920.000000
#AIRMASS = 1.024000
#TELESCOPE = UH88
#INSTRUMENT = SNIFS
#WL FL ERR
#[Ang] [erg/s/cm2/A] [erg/s/cm2/A]
3307.060000 nan 8.287323e-33
3309.060000 nan 8.044844e-33
3311.060000 nan 7.805875e-33
3313.060000 nan 7.781341e-33
3315.060000 nan 7.335483e-33
3317.060000 nan 7.435715e-33
3319.060000 nan 7.590725e-33
3321.060000 nan 7.586616e-33
3323.060000 nan 7.393633e-33
3325.060000 nan 7.121840e-33
3327.060000 nan 6.905367e-33
3329.060000 nan 7.439944e-33
3331.060000 nan 7.498613e-33
3333.060000 nan 7.241829e-33
3335.060000 nan 7.046927e-33
3337.060000 nan 7.113280e-33
3339.060000 nan 6.989356e-33
3341.060000 nan 6.937235e-33
3343.060000 nan 6.757383e-33
3345.060000 nan 6.551394e-33
3347.060000 nan 6.340392e-33
3349.060000 nan 6.160102e-33
3351.060000 nan 6.190343e-33
3353.060000 nan 6.005772e-33
3355.060000 nan 5.898411e-33
3357.060000 nan 5.807331e-33
3359.060000 nan 5.641832e-33
3361.060000 nan 5.402282e-33
3363.060000 nan 5.250032e-33
3365.060000 nan 5.517766e-33
3367.060000 nan 5.510847e-33
3369.060000 nan 5.458012e-33
3371.060000 nan 5.424981e-33
3373.060000 nan 5.391616e-33
3375.060000 nan 5.297066e-33
3377.060000 nan 5.147996e-33
3379.060000 nan 4.888320e-33
3381.060000 nan 4.915918e-33
3383.060000 nan 4.982867e-33
3385.060000 nan 4.945055e-33
3387.060000 nan 4.813245e-33
3389.060000 nan 4.624189e-33
3391.060000 nan 4.602904e-33
3393.060000 nan 4.535647e-33
3395.060000 nan 4.689195e-33
3397.060000 nan 4.826919e-33
3399.060000 nan 4.712994e-33
3401.060000 nan 4.664123e-33
3403.060000 nan 4.615806e-33
3405.060000 nan 4.419657e-33
3407.060000 nan 4.244860e-33
3409.060000 nan 4.154052e-33
3411.060000 nan 4.120048e-33
3413.060000 nan 4.055879e-33
3415.060000 nan 3.982424e-33
3417.060000 nan 3.978049e-33
3419.060000 nan 3.932176e-33
3421.060000 nan 3.898570e-33
3423.060000 nan 3.880305e-33
3425.060000 nan 3.823724e-33
3427.060000 nan 3.809379e-33
3429.060000 nan 3.708424e-33
3431.060000 nan 3.603556e-33
3433.060000 nan 3.519697e-33
3435.060000 nan 3.452402e-33
3437.060000 nan 3.391002e-33
3439.060000 nan 3.357304e-33
3441.060000 nan 3.293380e-33
3443.060000 nan 3.225715e-33
3445.060000 nan 3.183374e-33
3447.060000 nan 3.172237e-33
3449.060000 nan 3.168813e-33
3451.060000 nan 3.127158e-33
3453.060000 nan 3.236499e-33
3455.060000 nan 3.247388e-33
3457.060000 nan 3.191208e-33
3459.060000 nan 3.094531e-33
3461.060000 nan 2.994225e-33
3463.060000 nan 2.937299e-33
3465.060000 nan 2.963520e-33
3467.060000 nan 2.943525e-33
3469.060000 nan 2.934484e-33
3471.060000 nan 2.907708e-33
3473.060000 nan 2.873576e-33
3475.060000 nan 2.881390e-33
3477.060000 nan 2.934656e-33
3479.060000 nan 2.814083e-33
3481.060000 nan 2.791915e-33
3483.060000 nan 2.822424e-33
3485.060000 nan 2.825177e-33
3487.060000 nan 2.762531e-33
3489.060000 nan 2.715854e-33
3491.060000 nan 2.587388e-33
3493.060000 nan 2.502908e-33
3495.060000 nan 2.467212e-33
3497.060000 nan 2.457431e-33
3499.060000 nan 2.457375e-33
3501.060000 nan 2.479445e-33
3503.060000 nan 2.460567e-33
3505.060000 nan 2.514620e-33
3507.060000 nan 2.530999e-33
3509.060000 nan 2.483384e-33
3511.060000 nan 2.419253e-33
3513.060000 nan 2.419921e-33
3515.060000 nan 2.392323e-33
3517.060000 nan 2.373060e-33
3519.060000 nan 2.368988e-33
3521.060000 nan 2.357280e-33
3523.060000 nan 2.357487e-33
3525.060000 nan 2.391676e-33
3527.060000 nan 2.331042e-33
3529.060000 nan 2.292018e-33
3531.060000 nan 2.329313e-33
3533.060000 nan 2.376745e-33
3535.060000 nan 2.374357e-33
3537.060000 nan 2.322390e-33
3539.060000 nan 2.334220e-33
3541.060000 nan 2.304619e-33
3543.060000 nan 2.329432e-33
3545.060000 nan 2.361240e-33
3547.060000 nan 2.359254e-33
3549.060000 nan 2.313631e-33
3551.060000 nan 2.257832e-33
3553.060000 nan 2.220874e-33
3555.060000 nan 2.199280e-33
3557.060000 nan 2.188947e-33
3559.060000 nan 2.189546e-33
3561.060000 nan 2.183364e-33
3563.060000 nan 2.142882e-33
3565.060000 nan 2.101120e-33
3567.060000 nan 2.073381e-33
3569.060000 nan 2.069391e-33
3571.060000 nan 2.060904e-33
3573.060000 nan 2.041904e-33
3575.060000 nan 2.024912e-33
3577.060000 nan 2.006246e-33
3579.060000 nan 1.921291e-33
3581.060000 nan 1.912677e-33
3583.060000 nan 1.955067e-33
3585.060000 nan 1.968979e-33
3587.060000 nan 1.916084e-33
3589.060000 nan 1.897865e-33
3591.060000 nan 1.851032e-33
3593.060000 nan 1.808827e-33
3595.060000 nan 1.770041e-33
3597.060000 nan 1.768580e-33
3599.060000 nan 1.808041e-33
3601.060000 nan 1.828382e-33
3603.060000 nan 1.774193e-33
3605.060000 nan 1.702518e-33
3607.060000 nan 1.656171e-33
3609.060000 nan 1.671234e-33
3611.060000 nan 1.713012e-33
3613.060000 nan 1.704686e-33
3615.060000 nan 1.734952e-33
3617.060000 nan 1.744407e-33
3619.060000 nan 1.730746e-33
3621.060000 nan 1.704419e-33
3623.060000 nan 1.692077e-33
3625.060000 nan 1.713350e-33
3627.060000 nan 1.735013e-33
3629.060000 nan 1.818459e-33
3631.060000 nan 1.790526e-33
3633.060000 nan 1.759839e-33
3635.060000 nan 1.742358e-33
3637.060000 nan 1.719652e-33
3639.060000 nan 1.717245e-33
3641.060000 nan 1.713649e-33
3643.060000 nan 1.670142e-33
3645.060000 nan 1.624620e-33
3647.060000 nan 1.594996e-33
3649.060000 nan 1.588487e-33
3651.060000 nan 1.606087e-33
3653.060000 nan 1.644651e-33
3655.060000 nan 1.652101e-33
3657.060000 nan 1.646727e-33
3659.060000 nan 1.627013e-33
3661.060000 nan 1.594612e-33
3663.060000 nan 1.556296e-33
3665.060000 nan 1.510550e-33
3667.060000 nan 1.479583e-33
3669.060000 nan 1.493156e-33
3671.060000 nan 1.517399e-33
3673.060000 nan 1.509433e-33
3675.060000 nan 1.453749e-33
3677.060000 nan 1.412067e-33
3679.060000 nan 1.422682e-33
3681.060000 nan 1.417473e-33
3683.060000 nan 1.401932e-33
3685.060000 nan 1.392930e-33
3687.060000 nan 1.393529e-33
3689.060000 nan 1.375197e-33
3691.060000 nan 1.365877e-33
3693.060000 nan 1.365818e-33
3695.060000 nan 1.334019e-33
3697.060000 nan 1.293096e-33
3699.060000 nan 1.274722e-33
3701.060000 nan 1.292105e-33
3703.060000 nan 1.345115e-33
3705.060000 nan 1.340651e-33
3707.060000 nan 1.313632e-33
3709.060000 nan 1.301470e-33
3711.060000 nan 1.311323e-33
3713.060000 nan 1.318644e-33
3715.060000 nan 1.289421e-33
3717.060000 nan 1.280011e-33
3719.060000 nan 1.267072e-33
3721.060000 nan 1.249536e-33
3723.060000 nan 1.231633e-33
3725.060000 nan 1.224274e-33
3727.060000 nan 1.249524e-33
3729.060000 nan 1.279567e-33
3731.060000 nan 1.284734e-33
3733.060000 nan 1.269929e-33
3735.060000 nan 1.265745e-33
3737.060000 nan 1.285996e-33
3739.060000 nan 1.296898e-33
3741.060000 nan 1.273126e-33
3743.060000 nan 1.248469e-33
3745.060000 nan 1.241442e-33
3747.060000 nan 1.248472e-33
3749.060000 nan 1.255866e-33
3751.060000 nan 1.247912e-33
3753.060000 nan 1.218848e-33
3755.060000 nan 1.184332e-33
3757.060000 nan 1.172916e-33
3759.060000 nan 1.177756e-33
3761.060000 nan 1.186312e-33
3763.060000 nan 1.189259e-33
3765.060000 nan 1.187051e-33
3767.060000 nan 1.193177e-33
3769.060000 nan 1.192286e-33
3771.060000 nan 1.184137e-33
3773.060000 nan 1.169007e-33
3775.060000 nan 1.157417e-33
3777.060000 nan 1.183751e-33
3779.060000 nan 1.184460e-33
3781.060000 nan 1.182306e-33
3783.060000 nan 1.141070e-33
3785.060000 nan 1.095597e-33
3787.060000 nan 1.083306e-33
3789.060000 nan 1.092947e-33
3791.060000 nan 1.062490e-33
3793.060000 nan 1.043960e-33
3795.060000 nan 1.048973e-33
3797.060000 nan 1.055886e-33
3799.060000 nan 1.048748e-33
3801.060000 nan 1.032812e-33
3803.060000 nan 1.038682e-33
3805.060000 nan 1.051053e-33
3807.060000 nan 1.047298e-33
3809.060000 nan 1.037067e-33
3811.060000 nan 1.030832e-33
3813.060000 nan 1.032370e-33
3815.060000 nan 1.034427e-33
3817.060000 nan 1.049497e-33
3819.060000 nan 1.034716e-33
3821.060000 nan 1.038856e-33
3823.060000 nan 1.050907e-33
3825.060000 nan 1.044578e-33
3827.060000 nan 1.041963e-33
3829.060000 nan 1.027775e-33
3831.060000 nan 1.021498e-33
3833.060000 nan 1.021433e-33
3835.060000 nan 1.021496e-33
3837.060000 nan 1.017356e-33
3839.060000 nan 1.011320e-33
3841.060000 nan 1.023514e-33
3843.060000 nan 1.031856e-33
3845.060000 nan 1.035647e-33
3847.060000 nan 1.037040e-33
3849.060000 nan 1.044825e-33
3851.060000 nan 1.066353e-33
3853.060000 nan 1.068051e-33
3855.060000 nan 1.057883e-33
3857.060000 nan 1.060574e-33
3859.060000 nan 1.058505e-33
3861.060000 nan 1.043551e-33
3863.060000 nan 1.023003e-33
3865.060000 nan 1.016505e-33
3867.060000 nan 1.009038e-33
3869.060000 nan 9.977597e-34
3871.060000 nan 9.740587e-34
3873.060000 nan 9.453649e-34
3875.060000 nan 9.221773e-34
3877.060000 nan 9.040118e-34
3879.060000 nan 9.184832e-34
3881.060000 nan 9.390601e-34
3883.060000 nan 9.457214e-34
3885.060000 nan 9.418358e-34
3887.060000 nan 9.391397e-34
3889.060000 nan 9.463925e-34
3891.060000 nan 9.476810e-34
3893.060000 nan 9.366471e-34
3895.060000 nan 9.121684e-34
3897.060000 nan 8.922252e-34
3899.060000 nan 8.836666e-34
3901.060000 nan 8.794855e-34
3903.060000 nan 8.818852e-34
3905.060000 nan 8.965960e-34
3907.060000 nan 9.182707e-34
3909.060000 nan 9.276517e-34
3911.060000 nan 9.268547e-34
3913.060000 nan 9.325513e-34
3915.060000 nan 9.559256e-34
3917.060000 nan 9.126703e-34
3919.060000 nan 8.869607e-34
3921.060000 nan 8.899048e-34
3923.060000 nan 9.040395e-34
3925.060000 nan 9.061952e-34
3927.060000 nan 8.903500e-34
3929.060000 nan 9.132094e-34
3931.060000 nan 9.012489e-34
3933.060000 nan 8.833481e-34
3935.060000 nan 8.894275e-34
3937.060000 nan 9.218955e-34
3939.060000 nan 9.492010e-34
3941.060000 nan 9.583326e-34
3943.060000 nan 9.488789e-34
3945.060000 nan 9.426724e-34
3947.060000 nan 9.354574e-34
3949.060000 nan 9.234905e-34
3951.060000 nan 9.065360e-34
3953.060000 nan 8.775365e-34
3955.060000 nan 8.709432e-34
3957.060000 nan 8.593786e-34
3959.060000 nan 8.552060e-34
3961.060000 nan 8.531772e-34
3963.060000 nan 8.448547e-34
3965.060000 nan 8.492886e-34
3967.060000 nan 8.766918e-34
3969.060000 nan 8.817125e-34
3971.060000 nan 8.877207e-34
3973.060000 nan 9.100831e-34
3975.060000 nan 9.420585e-34
3977.060000 nan 9.505559e-34
3979.060000 nan 9.666607e-34
3981.060000 nan 9.801908e-34
3983.060000 nan 1.003236e-33
3985.060000 nan 1.009375e-33
3987.060000 nan 9.937772e-34
3989.060000 nan 9.844429e-34
3991.060000 nan 9.573998e-34
3993.060000 nan 9.553207e-34
3995.060000 nan 9.324100e-34
3997.060000 nan 9.005057e-34
3999.060000 nan 8.738275e-34
4001.060000 nan 8.563502e-34
4003.060000 nan 8.376744e-34
4005.060000 nan 8.174739e-34
4007.060000 nan 7.968498e-34
4009.060000 nan 7.913408e-34
4011.060000 nan 7.899912e-34
4013.060000 nan 7.778762e-34
4015.060000 nan 7.708185e-34
4017.060000 nan 7.523814e-34
4019.060000 nan 7.589383e-34
4021.060000 nan 7.714264e-34
4023.060000 nan 7.771373e-34
4025.060000 nan 7.776742e-34
4027.060000 nan 7.903902e-34
4029.060000 nan 8.019482e-34
4031.060000 nan 7.908549e-34
4033.060000 nan 7.764635e-34
4035.060000 nan 7.718991e-34
4037.060000 nan 7.773822e-34
4039.060000 nan 7.809319e-34
4041.060000 nan 7.756826e-34
4043.060000 nan 7.806364e-34
4045.060000 nan 7.782244e-34
4047.060000 nan 7.791311e-34
4049.060000 nan 7.865602e-34
4051.060000 nan 7.917417e-34
4053.060000 nan 7.765831e-34
4055.060000 nan 7.746096e-34
4057.060000 nan 7.706831e-34
4059.060000 nan 7.730403e-34
4061.060000 nan 7.755658e-34
4063.060000 nan 7.738026e-34
4065.060000 nan 7.855564e-34
4067.060000 nan 7.845985e-34
4069.060000 nan 7.933507e-34
4071.060000 nan 8.109535e-34
4073.060000 nan 8.175074e-34
4075.060000 nan 8.061453e-34
4077.060000 nan 7.990868e-34
4079.060000 nan 8.045465e-34
4081.060000 nan 8.002391e-34
4083.060000 nan 7.913844e-34
4085.060000 nan 7.894667e-34
4087.060000 nan 7.817396e-34
4089.060000 nan 7.453418e-34
4091.060000 nan 7.515050e-34
4093.060000 nan 7.545069e-34
4095.060000 nan 7.459843e-34
4097.060000 nan 7.320333e-34
4099.060000 nan 7.188663e-34
4101.060000 nan 7.080145e-34
4103.060000 nan 6.911441e-34
4105.060000 nan 6.873615e-34
4107.060000 nan 6.887206e-34
4109.060000 nan 7.039177e-34
4111.060000 nan 7.214029e-34
4113.060000 nan 7.288634e-34
4115.060000 nan 7.345921e-34
4117.060000 nan 7.338333e-34
4119.060000 nan 7.281016e-34
4121.060000 nan 7.191937e-34
4123.060000 nan 7.116716e-34
4125.060000 nan 7.080707e-34
4127.060000 nan 7.063002e-34
4129.060000 nan 7.007105e-34
4131.060000 nan 6.953022e-34
4133.060000 nan 6.818903e-34
4135.060000 nan 6.728800e-34
4137.060000 nan 6.736072e-34
4139.060000 nan 6.799266e-34
4141.060000 nan 6.990270e-34
4143.060000 nan 6.870519e-34
4145.060000 nan 6.764296e-34
4147.060000 nan 6.664513e-34
4149.060000 nan 6.588773e-34
4151.060000 nan 6.540499e-34
4153.060000 nan 6.371251e-34
4155.060000 nan 6.553111e-34
4157.060000 nan 6.412451e-34
4159.060000 nan 6.431118e-34
4161.060000 nan 6.521885e-34
4163.060000 nan 6.516813e-34
4165.060000 nan 6.634452e-34
4167.060000 nan 6.439906e-34
4169.060000 nan 6.387635e-34
4171.060000 nan 6.479539e-34
4173.060000 nan 6.635930e-34
4175.060000 nan 6.761588e-34
4177.060000 nan 6.784570e-34
4179.060000 nan 6.635102e-34
4181.060000 nan 6.468025e-34
4183.060000 nan 6.392222e-34
4185.060000 nan 6.402951e-34
4187.060000 nan 6.463031e-34
4189.060000 nan 6.524739e-34
4191.060000 nan 6.530637e-34
4193.060000 nan 6.480113e-34
4195.060000 nan 6.498889e-34
4197.060000 nan 6.545074e-34
4199.060000 nan 6.571400e-34
4201.060000 nan 6.553893e-34
4203.060000 nan 6.509680e-34
4205.060000 nan 6.402879e-34
4207.060000 nan 6.400946e-34
4209.060000 nan 6.368491e-34
4211.060000 nan 6.324613e-34
4213.060000 nan 6.319359e-34
4215.060000 nan 6.330044e-34
4217.060000 nan 6.388840e-34
4219.060000 nan 6.361003e-34
4221.060000 nan 6.343613e-34
4223.060000 nan 6.372155e-34
4225.060000 nan 6.392561e-34
4227.060000 nan 6.308380e-34
4229.060000 nan 6.336240e-34
4231.060000 nan 6.530345e-34
4233.060000 nan 6.453604e-34
4235.060000 nan 6.320877e-34
4237.060000 nan 6.263475e-34
4239.060000 nan 6.258495e-34
4241.060000 nan 6.351963e-34
4243.060000 nan 6.382386e-34
4245.060000 nan 6.265270e-34
4247.060000 nan 6.205716e-34
4249.060000 nan 6.172194e-34
4251.060000 nan 6.083140e-34
4253.060000 nan 6.117307e-34
4255.060000 nan 6.076615e-34
4257.060000 nan 6.029902e-34
4259.060000 nan 5.940480e-34
4261.060000 nan 5.867558e-34
4263.060000 nan 5.857661e-34
4265.060000 nan 5.876896e-34
4267.060000 nan 5.992483e-34
4269.060000 nan 5.883543e-34
4271.060000 nan 5.842785e-34
4273.060000 nan 5.826748e-34
4275.060000 nan 5.770155e-34
4277.060000 nan 5.697586e-34
4279.060000 nan 5.733549e-34
4281.060000 nan 5.715209e-34
4283.060000 nan 5.720057e-34
4285.060000 nan 5.807233e-34
4287.060000 nan 5.833301e-34
4289.060000 nan 5.664064e-34
4291.060000 nan 5.755008e-34
4293.060000 nan 5.664030e-34
4295.060000 nan 5.632324e-34
4297.060000 nan 5.594265e-34
4299.060000 nan 5.524590e-34
4301.060000 nan 5.473108e-34
4303.060000 nan 5.573325e-34
4305.060000 nan 5.711000e-34
4307.060000 nan 5.613312e-34
4309.060000 nan 5.517583e-34
4311.060000 nan 5.448131e-34
4313.060000 nan 5.429789e-34
4315.060000 nan 5.569321e-34
4317.060000 nan 5.468026e-34
4319.060000 nan 5.361943e-34
4321.060000 nan 5.350371e-34
4323.060000 nan 5.369980e-34
4325.060000 nan 5.312739e-34
4327.060000 nan 5.140294e-34
4329.060000 nan 5.218734e-34
4331.060000 nan 5.222377e-34
4333.060000 nan 5.200977e-34
4335.060000 nan 5.084849e-34
4337.060000 nan 5.021060e-34
4339.060000 nan 5.180009e-34
4341.060000 nan 5.268194e-34
4343.060000 nan 5.297943e-34
4345.060000 nan 5.414955e-34
4347.060000 nan 5.402291e-34
4349.060000 nan 5.293298e-34
4351.060000 nan 5.238803e-34
4353.060000 nan 5.326315e-34
4355.060000 nan 5.435834e-34
4357.060000 nan 5.404682e-34
4359.060000 nan 5.416914e-34
4361.060000 nan 5.451038e-34
4363.060000 nan 5.473584e-34
4365.060000 nan 5.525282e-34
4367.060000 nan 5.536880e-34
4369.060000 nan 5.485339e-34
4371.060000 nan 5.461579e-34
4373.060000 nan 5.471666e-34
4375.060000 nan 5.478326e-34
4377.060000 nan 5.430238e-34
4379.060000 nan 5.322251e-34
4381.060000 nan 5.309777e-34
4383.060000 nan 5.269618e-34
4385.060000 nan 5.235600e-34
4387.060000 nan 5.221399e-34
4389.060000 nan 5.230539e-34
4391.060000 nan 5.312268e-34
4393.060000 nan 5.305927e-34
4395.060000 nan 5.213427e-34
4397.060000 nan 5.160999e-34
4399.060000 nan 5.139688e-34
4401.060000 nan 5.126970e-34
4403.060000 nan 5.199452e-34
4405.060000 nan 5.301156e-34
4407.060000 nan 5.294150e-34
4409.060000 nan 5.320290e-34
4411.060000 nan 5.313190e-34
4413.060000 nan 5.254073e-34
4415.060000 nan 5.258910e-34
4417.060000 nan 5.344907e-34
4419.060000 nan 5.296300e-34
4421.060000 nan 5.295320e-34
4423.060000 nan 5.301439e-34
4425.060000 nan 5.260625e-34
4427.060000 nan 5.169341e-34
4429.060000 nan 5.128406e-34
4431.060000 nan 5.182462e-34
4433.060000 nan 5.178222e-34
4435.060000 nan 5.118211e-34
4437.060000 nan 5.053418e-34
4439.060000 nan 5.050584e-34
4441.060000 nan 5.157942e-34
4443.060000 nan 5.198063e-34
4445.060000 nan 5.135398e-34
4447.060000 nan 5.072184e-34
4449.060000 nan 5.078066e-34
4451.060000 nan 5.122545e-34
4453.060000 nan 5.047084e-34
4455.060000 nan 4.886422e-34
4457.060000 nan 4.851333e-34
4459.060000 nan 4.810133e-34
4461.060000 nan 4.810821e-34
4463.060000 nan 4.867849e-34
4465.060000 nan 4.893536e-34
4467.060000 nan 4.792666e-34
4469.060000 nan 4.784547e-34
4471.060000 nan 4.739354e-34
4473.060000 nan 4.720911e-34
4475.060000 nan 4.763314e-34
4477.060000 nan 4.829246e-34
4479.060000 nan 4.811631e-34
4481.060000 nan 4.723917e-34
4483.060000 nan 4.685849e-34
4485.060000 nan 4.703348e-34
4487.060000 nan 4.737321e-34
4489.060000 nan 4.756660e-34
4491.060000 nan 4.802242e-34
4493.060000 nan 4.841906e-34
4495.060000 nan 4.839642e-34
4497.060000 nan 4.944428e-34
4499.060000 nan 5.024654e-34
4501.060000 nan 4.982597e-34
4503.060000 nan 4.960738e-34
4505.060000 nan 5.007430e-34
4507.060000 nan 5.008776e-34
4509.060000 nan 5.006760e-34
4511.060000 nan 4.973499e-34
4513.060000 nan 4.898000e-34
4515.060000 nan 4.823298e-34
4517.060000 nan 4.893358e-34
4519.060000 nan 4.922812e-34
4521.060000 nan 4.880988e-34
4523.060000 nan 4.899532e-34
4525.060000 nan 4.989147e-34
4527.060000 nan 5.039309e-34
4529.060000 nan 4.928146e-34
4531.060000 nan 4.919429e-34
4533.060000 nan 4.987569e-34
4535.060000 nan 5.044789e-34
4537.060000 nan 5.043919e-34
4539.060000 nan 4.991418e-34
4541.060000 nan 4.947415e-34
4543.060000 nan 4.835072e-34
4545.060000 nan 4.839389e-34
4547.060000 nan 4.851712e-34
4549.060000 nan 4.825979e-34
4551.060000 nan 4.798325e-34
4553.060000 nan 4.862581e-34
4555.060000 nan 4.798814e-34
4557.060000 nan 4.778895e-34
4559.060000 nan 4.733209e-34
4561.060000 nan 4.676363e-34
4563.060000 nan 4.658511e-34
4565.060000 nan 4.717704e-34
4567.060000 nan 4.743670e-34
4569.060000 nan 4.788657e-34
4571.060000 nan 4.758155e-34
4573.060000 nan 4.775167e-34
4575.060000 nan 4.865189e-34
4577.060000 nan 4.957790e-34
4579.060000 nan 4.983718e-34
4581.060000 nan 4.952905e-34
4583.060000 nan 4.964143e-34
4585.060000 nan 4.945576e-34
4587.060000 nan 4.917722e-34
4589.060000 nan 4.898105e-34
4591.060000 nan 4.799081e-34
4593.060000 nan 4.823096e-34
4595.060000 nan 4.871305e-34
4597.060000 nan 4.839207e-34
4599.060000 nan 4.710017e-34
4601.060000 nan 4.587317e-34
4603.060000 nan 4.653035e-34
4605.060000 nan 4.705900e-34
4607.060000 nan 4.769957e-34
4609.060000 nan 4.833032e-34
4611.060000 nan 4.846511e-34
4613.060000 nan 4.791033e-34
4615.060000 nan 4.689057e-34
4617.060000 nan 4.580494e-34
4619.060000 nan 4.719418e-34
4621.060000 nan 4.720641e-34
4623.060000 nan 4.720935e-34
4625.060000 nan 4.782935e-34
4627.060000 nan 4.829853e-34
4629.060000 nan 4.650999e-34
4631.060000 nan 4.616430e-34
4633.060000 nan 4.654036e-34
4635.060000 nan 4.702989e-34
4637.060000 nan 4.649412e-34
4639.060000 nan 4.492390e-34
4641.060000 nan 4.468677e-34
4643.060000 nan 4.475649e-34
4645.060000 nan 4.425459e-34
4647.060000 nan 4.369800e-34
4649.060000 nan 4.346667e-34
4651.060000 nan 4.382326e-34
4653.060000 nan 4.459306e-34
4655.060000 nan 4.264100e-34
4657.060000 nan 4.329783e-34
4659.060000 nan 4.300306e-34
4661.060000 nan 4.294981e-34
4663.060000 nan 4.331693e-34
4665.060000 nan 4.290985e-34
4667.060000 nan 4.210358e-34
4669.060000 nan 4.228144e-34
4671.060000 nan 4.288253e-34
4673.060000 nan 4.333008e-34
4675.060000 nan 4.350071e-34
4677.060000 nan 4.365868e-34
4679.060000 nan 4.423912e-34
4681.060000 nan 4.391478e-34
4683.060000 nan 4.437906e-34
4685.060000 nan 4.532775e-34
4687.060000 nan 4.543327e-34
4689.060000 nan 4.433451e-34
4691.060000 nan 4.394893e-34
4693.060000 nan 4.367143e-34
4695.060000 nan 4.314139e-34
4697.060000 nan 4.326641e-34
4699.060000 nan 4.320814e-34
4701.060000 nan 4.296891e-34
4703.060000 nan 4.379578e-34
4705.060000 nan 4.416666e-34
4707.060000 nan 4.481151e-34
4709.060000 nan 4.526131e-34
4711.060000 nan 4.481525e-34
4713.060000 nan 4.388528e-34
4715.060000 nan 4.357393e-34
4717.060000 nan 4.384460e-34
4719.060000 nan 4.354503e-34
4721.060000 nan 4.421820e-34
4723.060000 nan 4.409895e-34
4725.060000 nan 4.345971e-34
4727.060000 nan 4.360797e-34
4729.060000 nan 4.491063e-34
4731.060000 nan 4.405874e-34
4733.060000 nan 4.450121e-34
4735.060000 nan 4.482020e-34
4737.060000 nan 4.458117e-34
4739.060000 nan 4.406436e-34
4741.060000 nan 4.389690e-34
4743.060000 nan 4.345042e-34
4745.060000 nan 4.462994e-34
4747.060000 nan 4.514640e-34
4749.060000 nan 4.494213e-34
4751.060000 nan 4.455386e-34
4753.060000 nan 4.447922e-34
4755.060000 nan 4.498463e-34
4757.060000 nan 4.660001e-34
4759.060000 nan 4.698863e-34
4761.060000 nan 4.663976e-34
4763.060000 nan 4.631327e-34
4765.060000 nan 4.642052e-34
4767.060000 nan 4.661548e-34
4769.060000 nan 4.534063e-34
4771.060000 nan 4.485137e-34
4773.060000 nan 4.490626e-34
4775.060000 nan 4.512835e-34
4777.060000 nan 4.523392e-34
4779.060000 nan 4.513781e-34
4781.060000 nan 4.418301e-34
4783.060000 nan 4.431210e-34
4785.060000 nan 4.551848e-34
4787.060000 nan 4.656822e-34
4789.060000 nan 4.655999e-34
4791.060000 nan 4.585893e-34
4793.060000 nan 4.517011e-34
4795.060000 nan 4.469863e-34
4797.060000 nan 4.467316e-34
4799.060000 nan 4.464431e-34
4801.060000 nan 4.462116e-34
4803.060000 nan 4.503332e-34
4805.060000 nan 4.496953e-34
4807.060000 nan 4.462258e-34
4809.060000 nan 4.410510e-34
4811.060000 nan 4.337011e-34
4813.060000 nan 4.260944e-34
4815.060000 nan 4.231716e-34
4817.060000 nan 4.337563e-34
4819.060000 nan 4.480302e-34
4821.060000 nan 4.517359e-34
4823.060000 nan 4.461739e-34
4825.060000 nan 4.414235e-34
4827.060000 nan 4.448925e-34
4829.060000 nan 4.499275e-34
4831.060000 nan 4.427967e-34
4833.060000 nan 4.380355e-34
4835.060000 nan 4.369732e-34
4837.060000 nan 4.368527e-34
4839.060000 nan 4.326774e-34
4841.060000 nan 4.204828e-34
4843.060000 nan 4.150551e-34
4845.060000 nan 4.149619e-34
4847.060000 nan 4.172308e-34
4849.060000 nan 4.193784e-34
4851.060000 nan 4.174010e-34
4853.060000 nan 4.093593e-34
4855.060000 nan 4.102119e-34
4857.060000 nan 4.222749e-34
4859.060000 nan 4.241527e-34
4861.060000 nan 4.182397e-34
4863.060000 nan 4.153518e-34
4865.060000 nan 4.242304e-34
4867.060000 nan 4.364901e-34
4869.060000 nan 4.435824e-34
4871.060000 nan 4.504797e-34
4873.060000 nan 4.560850e-34
4875.060000 nan 4.544961e-34
4877.060000 nan 4.481977e-34
4879.060000 nan 4.578076e-34
4881.060000 nan 4.743601e-34
4883.060000 nan 4.898405e-34
4885.060000 nan 4.907334e-34
4887.060000 nan 4.791562e-34
4889.060000 nan 4.674504e-34
4891.060000 nan 4.719179e-34
4893.060000 nan 4.938944e-34
4895.060000 nan 5.047218e-34
4897.060000 nan 5.002016e-34
4899.060000 nan 4.999401e-34
4901.060000 nan 5.071238e-34
4903.060000 nan 5.093445e-34
4905.060000 nan 5.124595e-34
4907.060000 nan 5.125800e-34
4909.060000 nan 5.145293e-34
4911.060000 nan 5.075761e-34
4913.060000 nan 5.019785e-34
4915.060000 nan 5.082475e-34
4917.060000 nan 4.996991e-34
4919.060000 nan 5.049164e-34
4921.060000 nan 5.033086e-34
4923.060000 nan 5.001310e-34
4925.060000 nan 5.020851e-34
4927.060000 nan 5.125024e-34
4929.060000 nan 5.269871e-34
4931.060000 nan 5.163451e-34
4933.060000 nan 5.191587e-34
4935.060000 nan 5.280082e-34
4937.060000 nan 5.394475e-34
4939.060000 nan 5.496323e-34
4941.060000 nan 5.551154e-34
4943.060000 nan 5.663029e-34
4945.060000 nan 5.772559e-34
4947.060000 nan 5.886462e-34
4949.060000 nan 6.043893e-34
4951.060000 nan 6.170158e-34
4953.060000 nan 6.175110e-34
4955.060000 nan 6.302837e-34
4957.060000 nan 6.356962e-34
4959.060000 nan 6.459860e-34
4961.060000 nan 6.684267e-34
4963.060000 nan 6.862617e-34
4965.060000 nan 6.860315e-34
4967.060000 nan 6.958565e-34
4969.060000 nan 7.119313e-34
4971.060000 nan 7.063300e-34
4973.060000 nan 7.136323e-34
4975.060000 nan 7.263790e-34
4977.060000 nan 7.332186e-34
4979.060000 nan 7.451277e-34
4981.060000 nan 7.636746e-34
4983.060000 nan 8.040088e-34
4985.060000 nan 8.278504e-34
4987.060000 nan 8.213789e-34
4989.060000 nan 8.057744e-34
4991.060000 nan 8.224528e-34
4993.060000 nan 8.429276e-34
4995.060000 nan 8.572707e-34
4997.060000 nan 8.693423e-34
4999.060000 nan 9.021013e-34
5001.060000 nan 9.387326e-34
5003.060000 nan 9.471928e-34
5005.060000 nan 9.615361e-34
5007.060000 nan 9.828338e-34
5009.060000 nan 1.011216e-33
5011.060000 nan 1.040865e-33
5013.060000 nan 1.062496e-33
5015.060000 nan 1.071806e-33
5017.060000 nan 1.078442e-33
5019.060000 nan 1.075689e-33
5021.060000 nan 1.078545e-33
5023.060000 nan 1.095175e-33
5025.060000 nan 1.112953e-33
5027.060000 nan 1.123963e-33
5029.060000 nan 1.140556e-33
5031.060000 nan 1.190787e-33
5033.060000 nan 1.223904e-33
5035.060000 nan 1.241698e-33
5037.060000 nan 1.256273e-33
5039.060000 nan 1.277777e-33
5041.060000 nan 1.300549e-33
5043.060000 nan 1.257567e-33
5045.060000 nan 1.274373e-33
5047.060000 nan 1.278915e-33
5049.060000 nan 1.264059e-33
5051.060000 nan 1.254676e-33
5053.060000 nan 1.274917e-33
5055.060000 nan 1.289884e-33
5057.060000 nan 1.285490e-33
5059.060000 nan 1.267836e-33
5061.060000 nan 1.269440e-33
5063.060000 nan 1.282348e-33
5065.060000 nan 1.285770e-33
5067.060000 nan 1.278893e-33
5069.060000 nan 1.255011e-33
5071.060000 nan 1.242221e-33
5073.060000 nan 1.226887e-33
5075.060000 nan 1.215225e-33
5077.060000 nan 1.213749e-33
5079.060000 nan 1.217929e-33
5081.060000 nan 1.206927e-33
5083.060000 nan 1.166007e-33
5085.060000 nan 1.157840e-33
5087.060000 nan 1.179519e-33
5089.060000 nan 1.201022e-33
5091.060000 nan 1.193166e-33
5093.060000 nan 1.189943e-33
5095.060000 nan 1.207619e-33
5097.060000 nan 1.227428e-33
5099.060000 nan 1.241013e-33
5101.060000 nan 1.239236e-33
5103.060000 3.768645e-16 5.146996e-33
5105.060000 3.705199e-16 5.074347e-33
5107.060000 4.029801e-16 4.887794e-33
5109.060000 4.117661e-16 4.814509e-33
5111.060000 4.035328e-16 4.666211e-33
5113.060000 3.966429e-16 4.476334e-33
5115.060000 4.073272e-16 4.384025e-33
5117.060000 4.272226e-16 4.267279e-33
5119.060000 4.346097e-16 4.127496e-33
5121.060000 4.166552e-16 3.961982e-33
5123.060000 4.041070e-16 3.887700e-33
5125.060000 3.936931e-16 3.846514e-33
5127.060000 3.841914e-16 3.792189e-33
5129.060000 3.879777e-16 3.692521e-33
5131.060000 4.110747e-16 3.603541e-33
5133.060000 4.163139e-16 3.506124e-33
5135.060000 4.111724e-16 3.410450e-33
5137.060000 3.930763e-16 3.336346e-33
5139.060000 3.895769e-16 3.306061e-33
5141.060000 4.060642e-16 3.271261e-33
5143.060000 3.832493e-16 3.173559e-33
5145.060000 3.784478e-16 3.124823e-33
5147.060000 3.641587e-16 3.059785e-33
5149.060000 3.445505e-16 3.045562e-33
5151.060000 nan 1.989232e-33
5153.060000 nan 1.905194e-33
5155.060000 nan 1.850410e-33
5157.060000 nan 1.809013e-33
5159.060000 nan 1.723954e-33
5161.060000 nan 1.630310e-33
5163.060000 nan 1.532233e-33
5165.060000 nan 1.433730e-33
5167.060000 nan 1.334079e-33
5169.060000 nan 1.244961e-33
5171.060000 nan 1.185439e-33
5173.060000 nan 1.142661e-33
5175.060000 nan 1.109479e-33
5177.060000 nan 1.087049e-33
5179.060000 nan 1.052840e-33
5181.060000 nan 1.011399e-33
5183.060000 nan 9.619698e-34
5185.060000 nan 9.474665e-34
5187.060000 nan 9.326792e-34
5189.060000 nan 9.155754e-34
5191.060000 nan 9.111675e-34
5193.060000 nan 9.010358e-34
5195.060000 nan 8.897071e-34
5197.060000 nan 9.159043e-34
5199.060000 nan 9.197715e-34
5201.060000 nan 9.128689e-34
5203.060000 nan 9.218644e-34
5205.060000 nan 9.332893e-34
5207.060000 nan 9.463237e-34
5209.060000 nan 9.611417e-34
5211.060000 nan 9.507707e-34
5213.060000 nan 9.254580e-34
5215.060000 nan 8.834467e-34
5217.060000 nan 8.688127e-34
5219.060000 nan 8.814439e-34
5221.060000 nan 9.317538e-34
5223.060000 nan 9.097178e-34
5225.060000 nan 8.863507e-34
5227.060000 nan 8.716954e-34
5229.060000 nan 8.705286e-34
5231.060000 nan 8.566402e-34
5233.060000 nan 8.307245e-34
5235.060000 nan 8.252409e-34
5237.060000 nan 8.194312e-34
5239.060000 nan 8.144212e-34
5241.060000 nan 8.178305e-34
5243.060000 nan 8.167005e-34
5245.060000 nan 8.125680e-34
5247.060000 nan 8.061388e-34
5249.060000 nan 8.052298e-34
5251.060000 nan 8.020213e-34
5253.060000 nan 7.853132e-34
5255.060000 nan 7.682040e-34
5257.060000 nan 7.558523e-34
5259.060000 nan 7.538438e-34
5261.060000 nan 7.444487e-34
5263.060000 nan 7.359672e-34
5265.060000 nan 7.308743e-34
5267.060000 nan 7.099771e-34
5269.060000 nan 6.940499e-34
5271.060000 nan 6.854612e-34
5273.060000 nan 6.754246e-34
5275.060000 nan 6.670758e-34
5277.060000 nan 6.599451e-34
5279.060000 nan 6.487139e-34
5281.060000 nan 6.402067e-34
5283.060000 nan 6.335475e-34
5285.060000 nan 6.270929e-34
5287.060000 nan 6.148204e-34
5289.060000 nan 5.985052e-34
5291.060000 nan 5.776246e-34
5293.060000 nan 5.719007e-34
5295.060000 nan 5.712133e-34
5297.060000 nan 5.697646e-34
5299.060000 nan 5.750392e-34
5301.060000 nan 5.742827e-34
5303.060000 nan 5.590816e-34
5305.060000 nan 5.562137e-34
5307.060000 nan 5.538338e-34
5309.060000 nan 5.497711e-34
5311.060000 nan 5.485650e-34
5313.060000 nan 5.416966e-34
5315.060000 nan 5.284816e-34
5317.060000 nan 5.067148e-34
5319.060000 nan 4.879470e-34
5321.060000 nan 4.740254e-34
5323.060000 nan 4.847907e-34
5325.060000 nan 4.813417e-34
5327.060000 nan 4.725385e-34
5329.060000 nan 4.804016e-34
5331.060000 nan 4.845662e-34
5333.060000 nan 4.882813e-34
5335.060000 nan 4.959250e-34
5337.060000 nan 4.941914e-34
5339.060000 nan 4.882777e-34
5341.060000 nan 4.793318e-34
5343.060000 nan 4.673228e-34
5345.060000 nan 4.617371e-34
5347.060000 nan 4.681190e-34
5349.060000 nan 4.478827e-34
5351.060000 nan 4.307160e-34
5353.060000 nan 4.210125e-34
5355.060000 nan 4.251352e-34
5357.060000 nan 4.272481e-34
5359.060000 nan 4.268915e-34
5361.060000 nan 4.223354e-34
5363.060000 nan 4.252130e-34
5365.060000 nan 4.314048e-34
5367.060000 nan 4.216750e-34
5369.060000 nan 4.164859e-34
5371.060000 nan 4.164150e-34
5373.060000 nan 4.281206e-34
5375.060000 nan 4.174894e-34
5377.060000 nan 4.021915e-34
5379.060000 nan 3.986377e-34
5381.060000 nan 4.038198e-34
5383.060000 nan 4.035035e-34
5385.060000 nan 3.869445e-34
5387.060000 nan 3.868720e-34
5389.060000 nan 3.861327e-34
5391.060000 nan 3.802613e-34
5393.060000 nan 3.787009e-34
5395.060000 nan 3.759046e-34
5397.060000 nan 3.713130e-34
5399.060000 nan 3.719105e-34
5401.060000 nan 3.670956e-34
5403.060000 nan 3.582388e-34
5405.060000 nan 3.581796e-34
5407.060000 nan 3.603163e-34
5409.060000 nan 3.626064e-34
5411.060000 nan 3.570311e-34
5413.060000 nan 3.571827e-34
5415.060000 nan 3.591779e-34
5417.060000 nan 3.577356e-34
5419.060000 nan 3.561933e-34
5421.060000 nan 3.533019e-34
5423.060000 nan 3.470290e-34
5425.060000 nan 3.487031e-34
5427.060000 nan 3.488576e-34
5429.060000 nan 3.428398e-34
5431.060000 nan 3.439347e-34
5433.060000 nan 3.484395e-34
5435.060000 nan 3.563766e-34
5437.060000 nan 3.557262e-34
5439.060000 nan 3.565249e-34
5441.060000 nan 3.588937e-34
5443.060000 nan 3.472510e-34
5445.060000 nan 3.417490e-34
5447.060000 nan 3.405307e-34
5449.060000 nan 3.341567e-34
5451.060000 nan 3.300439e-34
5453.060000 nan 3.266867e-34
5455.060000 nan 3.204325e-34
5457.060000 nan 3.232272e-34
5459.060000 nan 3.289044e-34
5461.060000 nan 3.313410e-34
5463.060000 nan 3.303092e-34
5465.060000 nan 3.248386e-34
5467.060000 nan 3.116139e-34
5469.060000 nan 3.085004e-34
5471.060000 nan 3.077204e-34
5473.060000 nan 3.076196e-34
5475.060000 nan 3.043971e-34
5477.060000 nan 3.016019e-34
5479.060000 nan 2.997246e-34
5481.060000 nan 3.017228e-34
5483.060000 nan 3.023830e-34
5485.060000 nan 3.018898e-34
5487.060000 nan 3.048351e-34
5489.060000 nan 3.042215e-34
5491.060000 nan 3.007759e-34
5493.060000 nan 2.950760e-34
5495.060000 nan 2.907854e-34
5497.060000 nan 2.868432e-34
5499.060000 nan 2.812224e-34
5501.060000 nan 2.832027e-34
5503.060000 nan 2.867512e-34
5505.060000 nan 2.865568e-34
5507.060000 nan 2.889226e-34
5509.060000 nan 2.885824e-34
5511.060000 nan 2.814080e-34
5513.060000 nan 2.782043e-34
5515.060000 nan 2.782499e-34
5517.060000 nan 2.822400e-34
5519.060000 nan 2.755121e-34
5521.060000 nan 2.737305e-34
5523.060000 nan 2.783327e-34
5525.060000 nan 2.761457e-34
5527.060000 nan 2.748202e-34
5529.060000 nan 2.743940e-34
5531.060000 nan 2.760083e-34
5533.060000 nan 2.715486e-34
5535.060000 nan 2.644275e-34
5537.060000 nan 2.645117e-34
5539.060000 nan 2.571434e-34
5541.060000 nan 2.516016e-34
5543.060000 nan 2.655330e-34
5545.060000 nan 2.694889e-34
5547.060000 nan 2.697612e-34
5549.060000 nan 2.691346e-34
5551.060000 nan 2.633870e-34
5553.060000 nan 2.598629e-34
5555.060000 nan 2.624209e-34
5557.060000 nan 2.610447e-34
5559.060000 nan 2.588966e-34
5561.060000 nan 2.563620e-34
5563.060000 nan 2.599745e-34
5565.060000 nan 2.624192e-34
5567.060000 nan 2.635040e-34
5569.060000 nan 2.675867e-34
5571.060000 nan 2.830358e-34
5573.060000 nan 3.085172e-34
5575.060000 nan 3.455288e-34
5577.060000 nan 3.627609e-34
5579.060000 nan 3.626567e-34
5581.060000 nan 3.334199e-34
5583.060000 nan 3.021703e-34
5585.060000 nan 2.722951e-34
5587.060000 nan 2.494396e-34
5589.060000 nan 2.417784e-34
5591.060000 nan 2.386774e-34
5593.060000 nan 2.359081e-34
5595.060000 nan 2.323397e-34
5597.060000 nan 2.310414e-34
5599.060000 nan 2.336861e-34
5601.060000 nan 2.370895e-34
5603.060000 nan 2.376596e-34
5605.060000 nan 2.346804e-34
5607.060000 nan 2.369809e-34
5609.060000 nan 2.360031e-34
5611.060000 nan 2.321723e-34
5613.060000 nan 2.325876e-34
5615.060000 nan 2.309342e-34
5617.060000 nan 2.287011e-34
5619.060000 nan 2.324731e-34
5621.060000 nan 2.300045e-34
5623.060000 nan 2.253862e-34
5625.060000 nan 2.251648e-34
5627.060000 nan 2.253830e-34
5629.060000 nan 2.249457e-34
5631.060000 nan 2.222391e-34
5633.060000 nan 2.200590e-34
5635.060000 nan 2.182934e-34
5637.060000 nan 2.170892e-34
5639.060000 nan 2.211491e-34
5641.060000 nan 2.234014e-34
5643.060000 nan 2.218426e-34
5645.060000 nan 2.203043e-34
5647.060000 nan 2.211993e-34
5649.060000 nan 2.247027e-34
5651.060000 nan 2.203523e-34
5653.060000 nan 2.180433e-34
5655.060000 nan 2.171658e-34
5657.060000 nan 2.131520e-34
5659.060000 nan 2.144443e-34
5661.060000 nan 2.179970e-34
5663.060000 nan 2.155350e-34
5665.060000 nan 2.122465e-34
5667.060000 nan 2.088211e-34
5669.060000 nan 2.062584e-34
5671.060000 nan 2.057324e-34
5673.060000 nan 2.062061e-34
5675.060000 nan 2.075090e-34
5677.060000 nan 2.058671e-34
5679.060000 nan 2.051940e-34
5681.060000 nan 2.073537e-34
5683.060000 nan 2.085118e-34
5685.060000 nan 2.076576e-34
5687.060000 nan 2.042916e-34
5689.060000 nan 2.013268e-34
5691.060000 nan 2.000821e-34
5693.060000 nan 2.004887e-34
5695.060000 nan 1.993987e-34
5697.060000 nan 1.977353e-34
5699.060000 nan 1.958712e-34
5701.060000 nan 1.959846e-34
5703.060000 nan 1.975366e-34
5705.060000 nan 1.995351e-34
5707.060000 nan 1.998229e-34
5709.060000 nan 1.958962e-34
5711.060000 nan 1.910842e-34
5713.060000 nan 1.888489e-34
5715.060000 nan 1.919079e-34
5717.060000 nan 1.951642e-34
5719.060000 nan 1.956021e-34
5721.060000 nan 1.942699e-34
5723.060000 nan 1.935268e-34
5725.060000 nan 1.942237e-34
5727.060000 nan 1.930875e-34
5729.060000 nan 1.914594e-34
5731.060000 nan 1.894330e-34
5733.060000 nan 1.860620e-34
5735.060000 nan 1.840537e-34
5737.060000 nan 1.834555e-34
5739.060000 nan 1.854399e-34
5741.060000 nan 1.850050e-34
5743.060000 nan 1.832647e-34
5745.060000 nan 1.838092e-34
5747.060000 nan 1.813063e-34
5749.060000 nan 1.786104e-34
5751.060000 nan 1.812836e-34
5753.060000 nan 1.823793e-34
5755.060000 nan 1.821929e-34
5757.060000 nan 1.800775e-34
5759.060000 nan 1.776531e-34
5761.060000 nan 1.763627e-34
5763.060000 nan 1.774191e-34
5765.060000 nan 1.794737e-34
5767.060000 nan 1.792034e-34
5769.060000 nan 1.753825e-34
5771.060000 nan 1.744715e-34
5773.060000 nan 1.741703e-34
5775.060000 nan 1.742767e-34
5777.060000 nan 1.698122e-34
5779.060000 nan 1.690477e-34
5781.060000 nan 1.710622e-34
5783.060000 nan 1.704047e-34
5785.060000 nan 1.701625e-34
5787.060000 nan 1.700723e-34
5789.060000 nan 1.694219e-34
5791.060000 nan 1.702092e-34
5793.060000 nan 1.713575e-34
5795.060000 nan 1.715247e-34
5797.060000 nan 1.699333e-34
5799.060000 nan 1.687309e-34
5801.060000 nan 1.697851e-34
5803.060000 nan 1.694830e-34
5805.060000 nan 1.687277e-34
5807.060000 nan 1.676670e-34
5809.060000 nan 1.687931e-34
5811.060000 nan 1.686986e-34
5813.060000 nan 1.667032e-34
5815.060000 nan 1.663226e-34
5817.060000 nan 1.672965e-34
5819.060000 nan 1.693217e-34
5821.060000 nan 1.658884e-34
5823.060000 nan 1.636017e-34
5825.060000 nan 1.623181e-34
5827.060000 nan 1.622946e-34
5829.060000 nan 1.636130e-34
5831.060000 nan 1.648945e-34
5833.060000 nan 1.626434e-34
5835.060000 nan 1.616803e-34
5837.060000 nan 1.617000e-34
5839.060000 nan 1.631278e-34
5841.060000 nan 1.627462e-34
5843.060000 nan 1.619914e-34
5845.060000 nan 1.614962e-34
5847.060000 nan 1.604082e-34
5849.060000 nan 1.593277e-34
5851.060000 nan 1.584163e-34
5853.060000 nan 1.607963e-34
5855.060000 nan 1.625413e-34
5857.060000 nan 1.632276e-34
5859.060000 nan 1.582523e-34
5861.060000 nan 1.545949e-34
5863.060000 nan 1.526009e-34
5865.060000 nan 1.573575e-34
5867.060000 nan 1.584038e-34
5869.060000 nan 1.571909e-34
5871.060000 nan 1.573515e-34
5873.060000 nan 1.593945e-34
5875.060000 nan 1.612323e-34
5877.060000 nan 1.586786e-34
5879.060000 nan 1.559102e-34
5881.060000 nan 1.538617e-34
5883.060000 nan 1.539099e-34
5885.060000 nan 1.548192e-34
5887.060000 nan 1.549605e-34
5889.060000 nan 1.532604e-34
5891.060000 nan 1.563187e-34
5893.060000 nan 1.584889e-34
5895.060000 nan 1.584928e-34
5897.060000 nan 1.574705e-34
5899.060000 nan 1.548363e-34
5901.060000 nan 1.506148e-34
5903.060000 nan 1.496675e-34
5905.060000 nan 1.490831e-34
5907.060000 nan 1.490910e-34
5909.060000 nan 1.521454e-34
5911.060000 nan 1.523360e-34
5913.060000 nan 1.508822e-34
5915.060000 nan 1.498164e-34
5917.060000 nan 1.481594e-34
5919.060000 nan 1.474792e-34
5921.060000 nan 1.509377e-34
5923.060000 nan 1.503654e-34
5925.060000 nan 1.489438e-34
5927.060000 nan 1.484295e-34
5929.060000 nan 1.498217e-34
5931.060000 nan 1.504105e-34
5933.060000 nan 1.489903e-34
5935.060000 nan 1.482899e-34
5937.060000 nan 1.483086e-34
5939.060000 nan 1.491462e-34
5941.060000 nan 1.475865e-34
5943.060000 nan 1.458226e-34
5945.060000 nan 1.440211e-34
5947.060000 nan 1.443315e-34
5949.060000 nan 1.435068e-34
5951.060000 nan 1.423682e-34
5953.060000 nan 1.451394e-34
5955.060000 nan 1.467760e-34
5957.060000 nan 1.469172e-34
5959.060000 nan 1.431613e-34
5961.060000 nan 1.418198e-34
5963.060000 nan 1.420871e-34
5965.060000 nan 1.443111e-34
5967.060000 nan 1.435330e-34
5969.060000 nan 1.402845e-34
5971.060000 nan 1.335630e-34
5973.060000 nan 1.377840e-34
5975.060000 nan 1.409425e-34
5977.060000 nan 1.397450e-34
5979.060000 nan 1.390126e-34
5981.060000 nan 1.383294e-34
5983.060000 nan 1.376626e-34
5985.060000 nan 1.368266e-34
5987.060000 nan 1.375725e-34
5989.060000 nan 1.391857e-34
5991.060000 nan 1.340536e-34
5993.060000 nan 1.317792e-34
5995.060000 nan 1.311359e-34
5997.060000 nan 1.290520e-34
5999.060000 nan 1.297879e-34
6001.060000 nan 1.321931e-34
6003.060000 nan 1.357706e-34
6005.060000 nan 1.357540e-34
6007.060000 nan 1.345458e-34
6009.060000 nan 1.334368e-34
6011.060000 nan 1.339769e-34
6013.060000 nan 1.345033e-34
6015.060000 nan 1.343087e-34
6017.060000 nan 1.345983e-34
6019.060000 nan 1.339216e-34
6021.060000 nan 1.318236e-34
6023.060000 nan 1.295143e-34
6025.060000 nan 1.297518e-34
6027.060000 nan 1.325717e-34
6029.060000 nan 1.323216e-34
6031.060000 nan 1.309857e-34
6033.060000 nan 1.290721e-34
6035.060000 nan 1.297826e-34
6037.060000 nan 1.293859e-34
6039.060000 nan 1.287655e-34
6041.060000 nan 1.303039e-34
6043.060000 nan 1.283054e-34
6045.060000 nan 1.252239e-34
6047.060000 nan 1.235506e-34
6049.060000 nan 1.247595e-34
6051.060000 nan 1.255972e-34
6053.060000 nan 1.236272e-34
6055.060000 nan 1.236389e-34
6057.060000 nan 1.244293e-34
6059.060000 nan 1.258885e-34
6061.060000 nan 1.279485e-34
6063.060000 nan 1.287467e-34
6065.060000 nan 1.278974e-34
6067.060000 nan 1.256525e-34
6069.060000 nan 1.239431e-34
6071.060000 nan 1.228685e-34
6073.060000 nan 1.237669e-34
6075.060000 nan 1.236007e-34
6077.060000 nan 1.229219e-34
6079.060000 nan 1.240217e-34
6081.060000 nan 1.241170e-34
6083.060000 nan 1.230689e-34
6085.060000 nan 1.194019e-34
6087.060000 nan 1.193628e-34
6089.060000 nan 1.199388e-34
6091.060000 nan 1.183488e-34
6093.060000 nan 1.188209e-34
6095.060000 nan 1.186510e-34
6097.060000 nan 1.160982e-34
6099.060000 nan 1.167067e-34
6101.060000 nan 1.185195e-34
6103.060000 nan 1.213986e-34
6105.060000 nan 1.199962e-34
6107.060000 nan 1.194523e-34
6109.060000 nan 1.202223e-34
6111.060000 nan 1.230188e-34
6113.060000 nan 1.256370e-34
6115.060000 nan 1.275067e-34
6117.060000 nan 1.220191e-34
6119.060000 nan 1.200034e-34
6121.060000 nan 1.200649e-34
6123.060000 nan 1.192862e-34
6125.060000 nan 1.186684e-34
6127.060000 nan 1.177779e-34
6129.060000 nan 1.156154e-34
6131.060000 nan 1.151042e-34
6133.060000 nan 1.148215e-34
6135.060000 nan 1.137312e-34
6137.060000 nan 1.129814e-34
6139.060000 nan 1.121595e-34
6141.060000 nan 1.110706e-34
6143.060000 nan 1.130586e-34
6145.060000 nan 1.151877e-34
6147.060000 nan 1.169930e-34
6149.060000 nan 1.143952e-34
6151.060000 nan 1.125361e-34
6153.060000 nan 1.116497e-34
6155.060000 nan 1.117862e-34
6157.060000 nan 1.110209e-34
6159.060000 nan 1.100627e-34
6161.060000 nan 1.136156e-34
6163.060000 nan 1.147684e-34
6165.060000 nan 1.141146e-34
6167.060000 nan 1.113762e-34
6169.060000 nan 1.097668e-34
6171.060000 nan 1.098004e-34
6173.060000 nan 1.135411e-34
6175.060000 nan 1.157960e-34
6177.060000 nan 1.160550e-34
6179.060000 nan 1.128319e-34
6181.060000 nan 1.147908e-34
6183.060000 nan 1.144066e-34
6185.060000 nan 1.086489e-34
6187.060000 nan 1.093977e-34
6189.060000 nan 1.117675e-34
6191.060000 nan 1.153797e-34
6193.060000 nan 1.146768e-34
6195.060000 nan 1.138437e-34
6197.060000 nan 1.129724e-34
6199.060000 nan 1.124646e-34
6201.060000 nan 1.118061e-34
6203.060000 nan 1.111735e-34
6205.060000 nan 1.114553e-34
6207.060000 nan 1.109002e-34
6209.060000 nan 1.097756e-34
6211.060000 nan 1.080797e-34
6213.060000 nan 1.071607e-34
6215.060000 nan 1.066642e-34
6217.060000 nan 1.065421e-34
6219.060000 nan 1.084998e-34
6221.060000 nan 1.106674e-34
6223.060000 nan 1.122197e-34
6225.060000 nan 1.105512e-34
6227.060000 nan 1.085577e-34
6229.060000 nan 1.067936e-34
6231.060000 nan 1.064696e-34
6233.060000 nan 1.070802e-34
6235.060000 nan 1.086293e-34
6237.060000 nan 1.108786e-34
6239.060000 nan 1.098374e-34
6241.060000 nan 1.062683e-34
6243.060000 nan 1.052197e-34
6245.060000 nan 1.054912e-34
6247.060000 nan 1.061973e-34
6249.060000 nan 1.046828e-34
6251.060000 nan 1.031069e-34
6253.060000 nan 1.019162e-34
6255.060000 nan 1.021910e-34
6257.060000 nan 1.036564e-34
6259.060000 nan 1.043076e-34
6261.060000 nan 1.020197e-34
6263.060000 nan 1.000792e-34
6265.060000 nan 9.976499e-35
6267.060000 nan 1.022110e-34
6269.060000 nan 1.041407e-34
6271.060000 nan 1.038337e-34
6273.060000 nan 1.006419e-34
6275.060000 nan 1.026883e-34
6277.060000 nan 1.034556e-34
6279.060000 nan 1.028008e-34
6281.060000 nan 1.034372e-34
6283.060000 nan 1.024681e-34
6285.060000 nan 1.007121e-34
6287.060000 nan 1.025720e-34
6289.060000 nan 1.025381e-34
6291.060000 nan 1.020499e-34
6293.060000 nan 1.044409e-34
6295.060000 nan 1.080155e-34
6297.060000 nan 1.122035e-34
6299.060000 nan 1.167915e-34
6301.060000 nan 1.154143e-34
6303.060000 nan 1.126336e-34
6305.060000 nan 1.104600e-34
6307.060000 nan 1.058754e-34
6309.060000 nan 1.021033e-34
6311.060000 nan 1.003086e-34
6313.060000 nan 1.020241e-34
6315.060000 nan 1.032106e-34
6317.060000 nan 1.033976e-34
6319.060000 nan 1.020079e-34
6321.060000 nan 1.016986e-34
6323.060000 nan 1.023721e-34
6325.060000 nan 1.029005e-34
6327.060000 nan 1.015662e-34
6329.060000 nan 9.931113e-35
6331.060000 nan 9.937892e-35
6333.060000 nan 9.921929e-35
6335.060000 nan 9.907619e-35
6337.060000 nan 9.945742e-35
6339.060000 nan 9.923173e-35
6341.060000 nan 9.896075e-35
6343.060000 nan 9.915896e-35
6345.060000 nan 9.941536e-35
6347.060000 nan 1.002179e-34
6349.060000 nan 1.020532e-34
6351.060000 nan 9.954795e-35
6353.060000 nan 9.740795e-35
6355.060000 nan 9.668596e-35
6357.060000 nan 1.002989e-34
6359.060000 nan 1.023958e-34
6361.060000 nan 1.025683e-34
6363.060000 nan 1.021556e-34
6365.060000 nan 1.011236e-34
6367.060000 nan 9.958007e-35
6369.060000 nan 9.798461e-35
6371.060000 nan 9.837605e-35
6373.060000 nan 9.928571e-35
6375.060000 nan 9.638167e-35
6377.060000 nan 9.622076e-35
6379.060000 nan 9.740346e-35
6381.060000 nan 9.896913e-35
6383.060000 nan 9.760286e-35
6385.060000 nan 9.659847e-35
6387.060000 nan 9.867155e-35
6389.060000 nan 9.696805e-35
6391.060000 nan 9.457746e-35
6393.060000 nan 9.233721e-35
6395.060000 nan 9.356468e-35
6397.060000 nan 9.449315e-35
6399.060000 nan 9.453281e-35
6401.060000 nan 9.176611e-35
6403.060000 nan 9.037284e-35
6405.060000 nan 9.057785e-35
6407.060000 nan 9.479039e-35
6409.060000 nan 9.667986e-35
6411.060000 nan 9.671802e-35
6413.060000 nan 9.566980e-35
6415.060000 nan 9.468235e-35
6417.060000 nan 9.400005e-35
6419.060000 nan 9.455546e-35
6421.060000 nan 9.352843e-35
6423.060000 nan 9.210564e-35
6425.060000 nan 9.138785e-35
6427.060000 nan 9.217977e-35
6429.060000 nan 9.270546e-35
6431.060000 nan 9.178678e-35
6433.060000 nan 9.078489e-35
6435.060000 nan 9.084702e-35
6437.060000 nan 9.259547e-35
6439.060000 nan 9.227366e-35
6441.060000 nan 9.250607e-35
6443.060000 nan 9.358614e-35
6445.060000 nan 9.236888e-35
6447.060000 nan 9.144941e-35
6449.060000 nan 9.095388e-35
6451.060000 nan 9.261030e-35
6453.060000 nan 9.288049e-35
6455.060000 nan 9.218757e-35
6457.060000 nan 9.124501e-35
6459.060000 nan 9.063416e-35
6461.060000 nan 9.072503e-35
6463.060000 nan 9.290358e-35
6465.060000 nan 9.308229e-35
6467.060000 nan 9.249801e-35
6469.060000 nan 9.175469e-35
6471.060000 nan 9.064958e-35
6473.060000 nan 9.016260e-35
6475.060000 nan 9.101027e-35
6477.060000 nan 9.051321e-35
6479.060000 nan 8.949343e-35
6481.060000 nan 8.799532e-35
6483.060000 nan 8.760872e-35
6485.060000 nan 8.845085e-35
6487.060000 nan 9.048670e-35
6489.060000 nan 9.012613e-35
6491.060000 nan 9.027520e-35
6493.060000 nan 9.093788e-35
6495.060000 nan 9.266206e-35
6497.060000 nan 9.317621e-35
6499.060000 nan 9.291767e-35
6501.060000 nan 9.241412e-35
6503.060000 nan 9.096819e-35
6505.060000 nan 8.894801e-35
6507.060000 nan 8.638982e-35
6509.060000 nan 8.664597e-35
6511.060000 nan 8.749489e-35
6513.060000 nan 8.770971e-35
6515.060000 nan 8.765174e-35
6517.060000 nan 8.718897e-35
6519.060000 nan 8.612873e-35
6521.060000 nan 8.576597e-35
6523.060000 nan 8.553459e-35
6525.060000 nan 8.537724e-35
6527.060000 nan 8.500263e-35
6529.060000 nan 8.580884e-35
6531.060000 nan 8.765484e-35
6533.060000 nan 8.737747e-35
6535.060000 nan 8.708319e-35
6537.060000 nan 8.687070e-35
6539.060000 nan 8.738190e-35
6541.060000 nan 8.658966e-35
6543.060000 nan 8.528875e-35
6545.060000 nan 8.483883e-35
6547.060000 nan 8.393732e-35
6549.060000 nan 8.362809e-35
6551.060000 nan 8.556231e-35
6553.060000 nan 8.548475e-35
6555.060000 nan 8.489682e-35
6557.060000 nan 8.435960e-35
6559.060000 nan 8.344464e-35
6561.060000 nan 8.244628e-35
6563.060000 nan 8.141435e-35
6565.060000 nan 8.237956e-35
6567.060000 nan 8.260590e-35
6569.060000 nan 8.180920e-35
6571.060000 nan 8.087580e-35
6573.060000 nan 8.035091e-35
6575.060000 nan 8.021341e-35
6577.060000 nan 8.050541e-35
6579.060000 nan 8.141948e-35
6581.060000 nan 8.235425e-35
6583.060000 nan 8.092132e-35
6585.060000 nan 8.101399e-35
6587.060000 nan 8.143107e-35
6589.060000 nan 8.030522e-35
6591.060000 nan 8.071277e-35
6593.060000 nan 8.154275e-35
6595.060000 nan 8.210938e-35
6597.060000 nan 8.212772e-35
6599.060000 nan 8.279464e-35
6601.060000 nan 8.489718e-35
6603.060000 nan 8.445094e-35
6605.060000 nan 8.365903e-35
6607.060000 nan 8.284713e-35
6609.060000 nan 8.142479e-35
6611.060000 nan 8.110850e-35
6613.060000 nan 8.197609e-35
6615.060000 nan 8.295093e-35
6617.060000 nan 8.400381e-35
6619.060000 nan 8.494305e-35
6621.060000 nan 8.421554e-35
6623.060000 nan 8.425743e-35
6625.060000 nan 8.466354e-35
6627.060000 nan 8.462608e-35
6629.060000 nan 8.413907e-35
6631.060000 nan 8.379032e-35
6633.060000 nan 8.451882e-35
6635.060000 nan 8.430866e-35
6637.060000 nan 8.334414e-35
6639.060000 nan 8.129957e-35
6641.060000 nan 8.187247e-35
6643.060000 nan 8.268706e-35
6645.060000 nan 8.307351e-35
6647.060000 nan 8.346343e-35
6649.060000 nan 8.346150e-35
6651.060000 nan 8.297043e-35
6653.060000 nan 8.251632e-35
6655.060000 nan 8.117812e-35
6657.060000 nan 7.913822e-35
6659.060000 nan 7.959885e-35
6661.060000 nan 8.052851e-35
6663.060000 nan 8.158030e-35
6665.060000 nan 8.108775e-35
6667.060000 nan 7.969781e-35
6669.060000 nan 7.851201e-35
6671.060000 nan 8.021149e-35
6673.060000 nan 8.190384e-35
6675.060000 nan 8.249599e-35
6677.060000 nan 7.996446e-35
6679.060000 nan 7.937320e-35
6681.060000 nan 7.940139e-35
6683.060000 nan 7.967141e-35
6685.060000 nan 7.874677e-35
6687.060000 nan 7.835192e-35
6689.060000 nan 7.903140e-35
6691.060000 nan 7.771451e-35
6693.060000 nan 7.739084e-35
6695.060000 nan 7.833866e-35
6697.060000 nan 7.829073e-35
6699.060000 nan 7.810236e-35
6701.060000 nan 7.782313e-35
6703.060000 nan 7.789890e-35
6705.060000 nan 7.876022e-35
6707.060000 nan 7.986526e-35
6709.060000 nan 7.944590e-35
6711.060000 nan 7.963790e-35
6713.060000 nan 7.974659e-35
6715.060000 nan 7.850058e-35
6717.060000 nan 7.816669e-35
6719.060000 nan 7.816635e-35
6721.060000 nan 7.824005e-35
6723.060000 nan 7.728962e-35
6725.060000 nan 7.637576e-35
6727.060000 nan 7.593680e-35
6729.060000 nan 7.603840e-35
6731.060000 nan 7.655781e-35
6733.060000 nan 7.755207e-35
6735.060000 nan 7.733375e-35
6737.060000 nan 7.739040e-35
6739.060000 nan 7.779531e-35
6741.060000 nan 7.872384e-35
6743.060000 nan 7.960705e-35
6745.060000 nan 8.031159e-35
6747.060000 nan 7.972196e-35
6749.060000 nan 7.819439e-35
6751.060000 nan 7.651588e-35
6753.060000 nan 7.673272e-35
6755.060000 nan 7.618719e-35
6757.060000 nan 7.517176e-35
6759.060000 nan 7.367843e-35
6761.060000 nan 7.379440e-35
6763.060000 nan 7.436201e-35
6765.060000 nan 7.489490e-35
6767.060000 nan 7.453783e-35
6769.060000 nan 7.433596e-35
6771.060000 nan 7.465367e-35
6773.060000 nan 7.649821e-35
6775.060000 nan 7.772272e-35
6777.060000 nan 7.801605e-35
6779.060000 nan 7.582056e-35
6781.060000 nan 7.537070e-35
6783.060000 nan 7.653101e-35
6785.060000 nan 7.706974e-35
6787.060000 nan 7.699164e-35
6789.060000 nan 7.645114e-35
6791.060000 nan 7.567429e-35
6793.060000 nan 7.579834e-35
6795.060000 nan 7.625269e-35
6797.060000 nan 7.615475e-35
6799.060000 nan 7.594579e-35
6801.060000 nan 7.573874e-35
6803.060000 nan 7.565090e-35
6805.060000 nan 7.440136e-35
6807.060000 nan 7.338608e-35
6809.060000 nan 7.341228e-35
6811.060000 nan 7.388730e-35
6813.060000 nan 7.427698e-35
6815.060000 nan 7.444277e-35
6817.060000 nan 7.497792e-35
6819.060000 nan 7.487017e-35
6821.060000 nan 7.403163e-35
6823.060000 nan 7.377213e-35
6825.060000 nan 7.439589e-35
6827.060000 nan 7.568246e-35
6829.060000 nan 7.611134e-35
6831.060000 nan 7.697176e-35
6833.060000 nan 7.785786e-35
6835.060000 nan 7.735870e-35
6837.060000 nan 7.590732e-35
6839.060000 nan 7.410367e-35
6841.060000 nan 7.260348e-35
6843.060000 nan 7.254609e-35
6845.060000 nan 7.281267e-35
6847.060000 nan 7.272614e-35
6849.060000 nan 7.258942e-35
6851.060000 nan 7.228660e-35
6853.060000 nan 7.170743e-35
6855.060000 nan 7.164976e-35
6857.060000 nan 7.167196e-35
6859.060000 nan 7.171895e-35
6861.060000 nan 7.349156e-35
6863.060000 nan 7.429143e-35
6865.060000 nan 7.394446e-35
6867.060000 nan 7.052332e-35
6869.060000 nan 6.779319e-35
6871.060000 nan 6.585178e-35
6873.060000 nan 6.618996e-35
6875.060000 nan 6.664825e-35
6877.060000 nan 6.760589e-35
6879.060000 nan 7.059911e-35
6881.060000 nan 7.269398e-35
6883.060000 nan 7.465450e-35
6885.060000 nan 7.733173e-35
6887.060000 nan 7.820162e-35
6889.060000 nan 7.796010e-35
6891.060000 nan 7.641023e-35
6893.060000 nan 7.644871e-35
6895.060000 nan 7.699588e-35
6897.060000 nan 7.790786e-35
6899.060000 nan 7.871198e-35
6901.060000 nan 8.003053e-35
6903.060000 nan 8.197649e-35
6905.060000 nan 8.068473e-35
6907.060000 nan 7.985698e-35
6909.060000 nan 7.951492e-35
6911.060000 nan 7.974105e-35
6913.060000 nan 8.021489e-35
6915.060000 nan 8.074710e-35
6917.060000 nan 8.054159e-35
6919.060000 nan 8.079811e-35
6921.060000 nan 8.135730e-35
6923.060000 nan 8.219621e-35
6925.060000 nan 8.300826e-35
6927.060000 nan 8.344108e-35
6929.060000 nan 8.287476e-35
6931.060000 nan 8.234203e-35
6933.060000 nan 8.186132e-35
6935.060000 nan 8.146579e-35
6937.060000 nan 8.109202e-35
6939.060000 nan 8.119175e-35
6941.060000 nan 8.196839e-35
6943.060000 nan 8.289998e-35
6945.060000 nan 8.292458e-35
6947.060000 nan 8.196745e-35
6949.060000 nan 8.170592e-35
6951.060000 nan 8.169672e-35
6953.060000 nan 8.178230e-35
6955.060000 nan 8.066598e-35
6957.060000 nan 8.068456e-35
6959.060000 nan 8.144749e-35
6961.060000 nan 8.247632e-35
6963.060000 nan 8.243021e-35
6965.060000 nan 8.214195e-35
6967.060000 nan 8.268313e-35
6969.060000 nan 8.257982e-35
6971.060000 nan 8.201085e-35
6973.060000 nan 8.081543e-35
6975.060000 nan 8.162517e-35
6977.060000 nan 8.234805e-35
6979.060000 nan 8.220531e-35
6981.060000 nan 8.189996e-35
6983.060000 nan 8.124904e-35
6985.060000 nan 8.017272e-35
6987.060000 nan 7.893177e-35
6989.060000 nan 7.831027e-35
6991.060000 nan 7.830882e-35
6993.060000 nan 7.849600e-35
6995.060000 nan 7.933184e-35
6997.060000 nan 8.064226e-35
6999.060000 nan 8.191343e-35
7001.060000 nan 8.141762e-35
7003.060000 nan 8.026907e-35
7005.060000 nan 8.057731e-35
7007.060000 nan 8.127980e-35
7009.060000 nan 8.182221e-35
7011.060000 nan 8.141294e-35
7013.060000 nan 8.018824e-35
7015.060000 nan 7.907177e-35
7017.060000 nan 7.865990e-35
7019.060000 nan 7.751650e-35
7021.060000 nan 7.612958e-35
7023.060000 nan 7.455583e-35
7025.060000 nan 7.644836e-35
7027.060000 nan 7.856657e-35
7029.060000 nan 8.061980e-35
7031.060000 nan 8.207505e-35
7033.060000 nan 8.215574e-35
7035.060000 nan 8.104487e-35
7037.060000 nan 8.028962e-35
7039.060000 nan 8.061271e-35
7041.060000 nan 8.155687e-35
7043.060000 nan 8.187425e-35
7045.060000 nan 8.231549e-35
7047.060000 nan 8.287886e-35
7049.060000 nan 8.367933e-35
7051.060000 nan 8.465364e-35
7053.060000 nan 8.515782e-35
7055.060000 nan 8.426160e-35
7057.060000 nan 8.349385e-35
7059.060000 nan 8.288717e-35
7061.060000 nan 8.252906e-35
7063.060000 nan 8.176142e-35
7065.060000 nan 8.157019e-35
7067.060000 nan 8.227021e-35
7069.060000 nan 8.059935e-35
7071.060000 nan 7.907268e-35
7073.060000 nan 7.789428e-35
7075.060000 nan 7.978683e-35
7077.060000 nan 8.126565e-35
7079.060000 nan 8.211061e-35
7081.060000 nan 7.990063e-35
7083.060000 nan 7.760539e-35
7085.060000 nan 7.560654e-35
7087.060000 nan 7.543219e-35
7089.060000 nan 7.621559e-35
7091.060000 nan 7.728545e-35
7093.060000 nan 7.790717e-35
7095.060000 nan 7.663622e-35
7097.060000 nan 7.504022e-35
7099.060000 nan 7.404242e-35
7101.060000 nan 7.577663e-35
7103.060000 nan 7.784525e-35
7105.060000 nan 7.956408e-35
7107.060000 nan 7.932401e-35
7109.060000 nan 7.900330e-35
7111.060000 nan 7.884167e-35
7113.060000 nan 7.765264e-35
7115.060000 nan 7.665564e-35
7117.060000 nan 7.597264e-35
7119.060000 nan 7.750064e-35
7121.060000 nan 7.786876e-35
7123.060000 nan 7.740864e-35
7125.060000 nan 7.703828e-35
7127.060000 nan 7.700163e-35
7129.060000 nan 7.692055e-35
7131.060000 nan 7.585221e-35
7133.060000 nan 7.551276e-35
7135.060000 nan 7.542506e-35
7137.060000 nan 7.524466e-35
7139.060000 nan 7.519748e-35
7141.060000 nan 7.543470e-35
7143.060000 nan 7.618901e-35
7145.060000 nan 7.584303e-35
7147.060000 nan 7.543617e-35
7149.060000 nan 7.521039e-35
7151.060000 nan 7.533335e-35
7153.060000 nan 7.528496e-35
7155.060000 nan 7.500921e-35
7157.060000 nan 7.437058e-35
7159.060000 nan 7.443680e-35
7161.060000 nan 7.507871e-35
7163.060000 nan 7.523012e-35
7165.060000 nan 7.487618e-35
7167.060000 nan 7.431004e-35
7169.060000 nan 7.446714e-35
7171.060000 nan 7.370339e-35
7173.060000 nan 7.243838e-35
7175.060000 nan 7.095563e-35
7177.060000 nan 7.059170e-35
7179.060000 nan 7.061563e-35
7181.060000 nan 7.065214e-35
7183.060000 nan 7.035516e-35
7185.060000 nan 6.987079e-35
7187.060000 nan 6.917902e-35
7189.060000 nan 6.984809e-35
7191.060000 nan 7.026530e-35
7193.060000 nan 7.009050e-35
7195.060000 nan 6.816853e-35
7197.060000 nan 6.762895e-35
7199.060000 nan 6.861442e-35
7201.060000 nan 6.962227e-35
7203.060000 nan 7.017733e-35
7205.060000 nan 7.035269e-35
7207.060000 nan 7.029990e-35
7209.060000 nan 7.080446e-35
7211.060000 nan 7.155779e-35
7213.060000 nan 7.191355e-35
7215.060000 nan 7.210457e-35
7217.060000 nan 7.214362e-35
7219.060000 nan 7.191787e-35
7221.060000 nan 7.117787e-35
7223.060000 nan 7.054201e-35
7225.060000 nan 7.049344e-35
7227.060000 nan 7.114135e-35
7229.060000 nan 7.180184e-35
7231.060000 nan 7.226221e-35
7233.060000 nan 7.288932e-35
7235.060000 nan 7.484334e-35
7237.060000 nan 7.843169e-35
7239.060000 nan 8.267064e-35
7241.060000 nan 8.509312e-35
7243.060000 nan 8.568689e-35
7245.060000 nan 8.427505e-35
7247.060000 nan 8.189162e-35
7249.060000 nan 7.888035e-35
7251.060000 nan 7.631944e-35
7253.060000 nan 7.495967e-35
7255.060000 nan 7.442791e-35
7257.060000 nan 7.472896e-35
7259.060000 nan 7.423550e-35
7261.060000 nan 7.316010e-35
7263.060000 nan 7.128617e-35
7265.060000 nan 7.064618e-35
7267.060000 nan 7.097821e-35
7269.060000 nan 7.263774e-35
7271.060000 nan 7.602586e-35
7273.060000 nan 7.976991e-35
7275.060000 nan 8.364321e-35
7277.060000 nan 8.408244e-35
7279.060000 nan 8.321195e-35
7281.060000 nan 8.113596e-35
7283.060000 nan 7.949756e-35
7285.060000 nan 7.892361e-35
7287.060000 nan 7.901199e-35
7289.060000 nan 7.608596e-35
7291.060000 nan 7.449422e-35
7293.060000 nan 7.378961e-35
7295.060000 nan 7.328586e-35
7297.060000 nan 7.435231e-35
7299.060000 nan 7.610652e-35
7301.060000 nan 7.767389e-35
7303.060000 nan 7.685057e-35
7305.060000 nan 7.550714e-35
7307.060000 nan 7.485809e-35
7309.060000 nan 7.543494e-35
7311.060000 nan 7.704328e-35
7313.060000 nan 8.003680e-35
7315.060000 nan 8.259125e-35
7317.060000 nan 8.315167e-35
7319.060000 nan 8.108772e-35
7321.060000 nan 7.841859e-35
7323.060000 nan 7.685899e-35
7325.060000 nan 7.653222e-35
7327.060000 nan 7.863548e-35
7329.060000 nan 7.909203e-35
7331.060000 nan 7.853473e-35
7333.060000 nan 8.026317e-35
7335.060000 nan 8.156882e-35
7337.060000 nan 8.324370e-35
7339.060000 nan 8.790784e-35
7341.060000 nan 9.000225e-35
7343.060000 nan 8.993011e-35
7345.060000 nan 8.640227e-35
7347.060000 nan 8.325408e-35
7349.060000 nan 8.102992e-35
7351.060000 nan 8.061716e-35
7353.060000 nan 8.093521e-35
7355.060000 nan 8.184071e-35
7357.060000 nan 8.348593e-35
7359.060000 nan 8.499297e-35
7361.060000 nan 8.558197e-35
7363.060000 nan 8.506461e-35
7365.060000 nan 8.419324e-35
7367.060000 nan 8.412640e-35
7369.060000 nan 8.484467e-35
7371.060000 nan 8.620696e-35
7373.060000 nan 8.613864e-35
7375.060000 nan 8.487705e-35
7377.060000 nan 8.222153e-35
7379.060000 nan 7.988940e-35
7381.060000 nan 7.809099e-35
7383.060000 nan 7.780811e-35
7385.060000 nan 7.773636e-35
7387.060000 nan 7.851030e-35
7389.060000 nan 8.141331e-35
7391.060000 nan 8.271076e-35
7393.060000 nan 8.259835e-35
7395.060000 nan 8.048405e-35
7397.060000 nan 8.005410e-35
7399.060000 nan 8.092602e-35
7401.060000 nan 8.334077e-35
7403.060000 nan 8.480974e-35
7405.060000 nan 8.410657e-35
7407.060000 nan 8.106637e-35
7409.060000 nan 7.772989e-35
7411.060000 nan 7.592061e-35
7413.060000 nan 7.534568e-35
7415.060000 nan 7.430358e-35
7417.060000 nan 7.311610e-35
7419.060000 nan 7.192036e-35
7421.060000 nan 7.119342e-35
7423.060000 nan 7.143008e-35
7425.060000 nan 7.228786e-35
7427.060000 nan 7.377680e-35
7429.060000 nan 7.586434e-35
7431.060000 nan 7.722372e-35
7433.060000 nan 7.632479e-35
7435.060000 nan 7.498619e-35
7437.060000 nan 7.441223e-35
7439.060000 nan 7.536347e-35
7441.060000 nan 7.624841e-35
7443.060000 nan 7.665797e-35
7445.060000 nan 7.644767e-35
7447.060000 nan 7.505393e-35
7449.060000 nan 7.389559e-35
7451.060000 nan 7.306186e-35
7453.060000 nan 7.350379e-35
7455.060000 nan 7.461141e-35
7457.060000 nan 7.612649e-35
7459.060000 nan 7.683422e-35
7461.060000 nan 7.732241e-35
7463.060000 nan 7.765529e-35
7465.060000 nan 7.783814e-35
7467.060000 nan 7.871942e-35
7469.060000 nan 7.933463e-35
7471.060000 nan 7.825082e-35
7473.060000 nan 7.867136e-35
7475.060000 nan 7.981800e-35
7477.060000 nan 8.162092e-35
7479.060000 nan 8.176251e-35
7481.060000 nan 8.138059e-35
7483.060000 nan 8.063072e-35
7485.060000 nan 8.043894e-35
7487.060000 nan 8.005425e-35
7489.060000 nan 7.938036e-35
7491.060000 nan 7.828616e-35
7493.060000 nan 7.716358e-35
7495.060000 nan 7.607472e-35
7497.060000 nan 7.585631e-35
7499.060000 nan 7.564257e-35
7501.060000 nan 7.534405e-35
7503.060000 nan 7.445693e-35
7505.060000 nan 7.487548e-35
7507.060000 nan 7.567015e-35
7509.060000 nan 7.533833e-35
7511.060000 nan 7.561205e-35
7513.060000 nan 7.593904e-35
7515.060000 nan 7.581977e-35
7517.060000 nan 7.559998e-35
7519.060000 nan 7.606590e-35
7521.060000 nan 7.791014e-35
7523.060000 nan 7.983259e-35
7525.060000 nan 8.099412e-35
7527.060000 nan 8.104461e-35
7529.060000 nan 7.872980e-35
7531.060000 nan 7.667951e-35
7533.060000 nan 7.508421e-35
7535.060000 nan 7.475535e-35
7537.060000 nan 7.375465e-35
7539.060000 nan 7.232648e-35
7541.060000 nan 7.221395e-35
7543.060000 nan 7.358251e-35
7545.060000 nan 7.554178e-35
7547.060000 nan 7.577257e-35
7549.060000 nan 7.610243e-35
7551.060000 nan 7.578774e-35
7553.060000 nan 7.309958e-35
7555.060000 nan 7.351609e-35
7557.060000 nan 7.463162e-35
7559.060000 nan 7.507465e-35
7561.060000 nan 7.585348e-35
7563.060000 nan 7.621563e-35
7565.060000 nan 7.573319e-35
7567.060000 nan 7.419225e-35
7569.060000 nan 7.363617e-35
7571.060000 nan 7.451204e-35
7573.060000 nan 7.573659e-35
7575.060000 nan 7.592245e-35
7577.060000 nan 7.509643e-35
7579.060000 nan 7.467381e-35
7581.060000 nan 7.456697e-35
7583.060000 nan 7.431821e-35
7585.060000 nan 7.103266e-35
7587.060000 nan 6.971430e-35
7589.060000 nan 6.905731e-35
7591.060000 nan 6.648080e-35
7593.060000 nan 6.308850e-35
7595.060000 nan 5.907239e-35
7597.060000 nan 5.416036e-35
7599.060000 nan 5.054634e-35
7601.060000 nan 4.742617e-35
7603.060000 nan 4.459997e-35
7605.060000 nan 4.467359e-35
7607.060000 nan 4.507899e-35
7609.060000 nan 4.523413e-35
7611.060000 nan 4.631760e-35
7613.060000 nan 4.867951e-35
7615.060000 nan 5.245385e-35
7617.060000 nan 5.469317e-35
7619.060000 nan 5.577137e-35
7621.060000 nan 5.584943e-35
7623.060000 nan 5.625401e-35
7625.060000 nan 5.663218e-35
7627.060000 nan 5.672812e-35
7629.060000 nan 5.512849e-35
7631.060000 nan 5.404112e-35
7633.060000 nan 5.318688e-35
7635.060000 nan 5.225831e-35
7637.060000 nan 5.144377e-35
7639.060000 nan 5.140853e-35
7641.060000 nan 5.332215e-35
7643.060000 nan 5.475484e-35
7645.060000 nan 5.578583e-35
7647.060000 nan 5.626831e-35
7649.060000 nan 5.753815e-35
7651.060000 nan 5.923187e-35
7653.060000 nan 6.137175e-35
7655.060000 nan 6.267405e-35
7657.060000 nan 6.340423e-35
7659.060000 nan 6.358951e-35
7661.060000 nan 6.454848e-35
7663.060000 nan 6.608101e-35
7665.060000 nan 6.785955e-35
7667.060000 nan 6.747543e-35
7669.060000 nan 6.733287e-35
7671.060000 nan 6.741346e-35
7673.060000 nan 6.790466e-35
7675.060000 nan 6.711921e-35
7677.060000 nan 6.658079e-35
7679.060000 nan 6.874502e-35
7681.060000 nan 7.049841e-35
7683.060000 nan 7.271071e-35
7685.060000 nan 7.628829e-35
7687.060000 nan 7.639263e-35
7689.060000 nan 7.563071e-35
7691.060000 nan 7.456240e-35
7693.060000 nan 7.519518e-35
7695.060000 nan 7.539059e-35
7697.060000 nan 7.480209e-35
7699.060000 nan 7.532603e-35
7701.060000 nan 7.636048e-35
7703.060000 nan 7.788838e-35
7705.060000 nan 8.006059e-35
7707.060000 nan 8.469400e-35
7709.060000 nan 9.106952e-35
7711.060000 nan 9.713611e-35
7713.060000 nan 1.029996e-34
7715.060000 nan 1.071569e-34
7717.060000 nan 1.042800e-34
7719.060000 nan 9.854732e-35
7721.060000 nan 9.266940e-35
7723.060000 nan 8.961170e-35
7725.060000 nan 8.953010e-35
7727.060000 nan 8.990134e-35
7729.060000 nan 8.957001e-35
7731.060000 nan 8.706902e-35
7733.060000 nan 8.459761e-35
7735.060000 nan 8.271244e-35
7737.060000 nan 8.404860e-35
7739.060000 nan 8.546354e-35
7741.060000 nan 8.669015e-35
7743.060000 nan 8.963402e-35
7745.060000 nan 9.413502e-35
7747.060000 nan 1.001257e-34
7749.060000 nan 1.079277e-34
7751.060000 nan 1.108959e-34
7753.060000 nan 1.096533e-34
7755.060000 nan 1.019310e-34
7757.060000 nan 9.692112e-35
7759.060000 nan 9.413369e-35
7761.060000 nan 9.479433e-35
7763.060000 nan 9.230342e-35
7765.060000 nan 8.900965e-35
7767.060000 nan 8.642524e-35
7769.060000 nan 8.578568e-35
7771.060000 nan 8.544045e-35
7773.060000 nan 8.482197e-35
7775.060000 nan 8.703467e-35
7777.060000 nan 8.905700e-35
7779.060000 nan 9.030840e-35
7781.060000 nan 9.031361e-35
7783.060000 nan 8.934553e-35
7785.060000 nan 8.746862e-35
7787.060000 nan 8.727174e-35
7789.060000 nan 8.961116e-35
7791.060000 nan 9.403743e-35
7793.060000 nan 9.935940e-35
7795.060000 nan 9.870914e-35
7797.060000 nan 9.409533e-35
7799.060000 nan 8.717358e-35
7801.060000 nan 8.364910e-35
7803.060000 nan 8.269474e-35
7805.060000 nan 8.536733e-35
7807.060000 nan 8.785541e-35
7809.060000 nan 8.913526e-35
7811.060000 nan 8.778752e-35
7813.060000 nan 8.701391e-35
7815.060000 nan 8.812011e-35
7817.060000 nan 9.217710e-35
7819.060000 nan 9.806252e-35
7821.060000 nan 1.015368e-34
7823.060000 nan 1.017783e-34
7825.060000 nan 9.615369e-35
7827.060000 nan 8.972155e-35
7829.060000 nan 8.289588e-35
7831.060000 nan 8.089962e-35
7833.060000 nan 8.077123e-35
7835.060000 nan 8.198974e-35
7837.060000 nan 8.336838e-35
7839.060000 nan 8.471412e-35
7841.060000 nan 8.608257e-35
7843.060000 nan 8.762176e-35
7845.060000 nan 8.775823e-35
7847.060000 nan 8.802658e-35
7849.060000 nan 9.018458e-35
7851.060000 nan 9.920733e-35
7853.060000 nan 1.066257e-34
7855.060000 nan 1.071929e-34
7857.060000 nan 1.019142e-34
7859.060000 nan 9.694450e-35
7861.060000 nan 9.380698e-35
7863.060000 nan 9.107874e-35
7865.060000 nan 8.948627e-35
7867.060000 nan 8.916081e-35
7869.060000 nan 9.248497e-35
7871.060000 nan 9.228483e-35
7873.060000 nan 8.930116e-35
7875.060000 nan 8.901435e-35
7877.060000 nan 9.024573e-35
7879.060000 nan 9.218859e-35
7881.060000 nan 9.260321e-35
7883.060000 nan 9.165125e-35
7885.060000 nan 9.128090e-35
7887.060000 nan 9.538213e-35
7889.060000 nan 9.554855e-35
7891.060000 nan 9.399220e-35
7893.060000 nan 9.140435e-35
7895.060000 nan 8.626251e-35
7897.060000 nan 8.194591e-35
7899.060000 nan 8.014728e-35
7901.060000 nan 7.945817e-35
7903.060000 nan 8.027028e-35
7905.060000 nan 8.292793e-35
7907.060000 nan 8.464530e-35
7909.060000 nan 9.019893e-35
7911.060000 nan 9.966555e-35
7913.060000 nan 1.078140e-34
7915.060000 nan 1.098212e-34
7917.060000 nan 1.069071e-34
7919.060000 nan 1.022557e-34
7921.060000 nan 9.865452e-35
7923.060000 nan 9.565790e-35
7925.060000 nan 9.266561e-35
7927.060000 nan 9.185937e-35
7929.060000 nan 9.203157e-35
7931.060000 nan 9.240556e-35
7933.060000 nan 9.274441e-35
7935.060000 nan 9.251632e-35
7937.060000 nan 9.104903e-35
7939.060000 nan 8.905060e-35
7941.060000 nan 8.692782e-35
7943.060000 nan 8.476113e-35
7945.060000 nan 8.740789e-35
7947.060000 nan 8.836783e-35
7949.060000 nan 8.671958e-35
7951.060000 nan 8.668997e-35
7953.060000 nan 8.675766e-35
7955.060000 nan 8.715910e-35
7957.060000 nan 9.214240e-35
7959.060000 nan 9.656544e-35
7961.060000 nan 1.006113e-34
7963.060000 nan 1.047423e-34
7965.060000 nan 1.081429e-34
7967.060000 nan 1.091762e-34
7969.060000 nan 1.019901e-34
7971.060000 nan 9.487386e-35
7973.060000 nan 8.997191e-35
7975.060000 nan 9.113984e-35
7977.060000 nan 9.400037e-35
7979.060000 nan 9.548478e-35
7981.060000 nan 9.339750e-35
7983.060000 nan 9.195307e-35
7985.060000 nan 9.142712e-35
7987.060000 nan 9.210943e-35
7989.060000 nan 9.783833e-35
7991.060000 nan 1.029707e-34
7993.060000 nan 1.070323e-34
7995.060000 nan 1.055979e-34
7997.060000 nan 1.010457e-34
7999.060000 nan 9.418353e-35
8001.060000 nan 9.069240e-35
8003.060000 nan 8.917385e-35
8005.060000 nan 8.912611e-35
8007.060000 nan 9.041526e-35
8009.060000 nan 9.324623e-35
8011.060000 nan 9.613126e-35
8013.060000 nan 9.669414e-35
8015.060000 nan 9.625660e-35
8017.060000 nan 9.496953e-35
8019.060000 nan 9.239737e-35
8021.060000 nan 9.352192e-35
8023.060000 nan 9.738465e-35
8025.060000 nan 1.047212e-34
8027.060000 nan 1.043365e-34
8029.060000 nan 1.009126e-34
8031.060000 nan 9.466057e-35
8033.060000 nan 9.091108e-35
8035.060000 nan 8.716471e-35
8037.060000 nan 8.347287e-35
8039.060000 nan 8.370069e-35
8041.060000 nan 8.483122e-35
8043.060000 nan 8.654201e-35
8045.060000 nan 8.739410e-35
8047.060000 nan 8.794980e-35
8049.060000 nan 8.839999e-35
8051.060000 nan 8.913879e-35
8053.060000 nan 9.023697e-35
8055.060000 nan 9.105272e-35
8057.060000 nan 9.054578e-35
8059.060000 nan 9.207930e-35
8061.060000 nan 9.296073e-35
8063.060000 nan 9.117261e-35
8065.060000 nan 9.215348e-35
8067.060000 nan 9.221232e-35
8069.060000 nan 9.001778e-35
8071.060000 nan 8.635768e-35
8073.060000 nan 8.466787e-35
8075.060000 nan 8.549073e-35
8077.060000 nan 8.567393e-35
8079.060000 nan 8.675807e-35
8081.060000 nan 8.845938e-35
8083.060000 nan 8.696759e-35
8085.060000 nan 8.643293e-35
8087.060000 nan 8.687575e-35
8089.060000 nan 8.950020e-35
8091.060000 nan 9.016498e-35
8093.060000 nan 8.959187e-35
8095.060000 nan 8.801599e-35
8097.060000 nan 9.017507e-35
8099.060000 nan 9.254770e-35
8101.060000 nan 9.185685e-35
8103.060000 nan 9.024916e-35
8105.060000 nan 8.876164e-35
8107.060000 nan 8.793851e-35
8109.060000 nan 8.790709e-35
8111.060000 nan 8.904124e-35
8113.060000 nan 9.168993e-35
8115.060000 nan 9.139322e-35
8117.060000 nan 9.089761e-35
8119.060000 nan 9.036389e-35
8121.060000 nan 8.928171e-35
8123.060000 nan 8.746024e-35
8125.060000 nan 8.534984e-35
8127.060000 nan 8.664058e-35
8129.060000 nan 8.717897e-35
8131.060000 nan 8.683481e-35
8133.060000 nan 8.419318e-35
8135.060000 nan 8.443701e-35
8137.060000 nan 8.593371e-35
8139.060000 nan 8.728058e-35
8141.060000 nan 8.800375e-35
8143.060000 nan 8.804435e-35
8145.060000 nan 8.692440e-35
8147.060000 nan 8.627566e-35
8149.060000 nan 8.620735e-35
8151.060000 nan 8.698094e-35
8153.060000 nan 8.545532e-35
8155.060000 nan 8.469170e-35
8157.060000 nan 8.524960e-35
8159.060000 nan 8.215347e-35
8161.060000 nan 8.063245e-35
8163.060000 nan 8.078219e-35
8165.060000 nan 8.131782e-35
8167.060000 nan 8.312262e-35
8169.060000 nan 8.551075e-35
8171.060000 nan 8.502864e-35
8173.060000 nan 8.422034e-35
8175.060000 nan 8.363733e-35
8177.060000 nan 8.489845e-35
8179.060000 nan 8.541356e-35
8181.060000 nan 8.564165e-35
8183.060000 nan 8.590077e-35
8185.060000 nan 8.540260e-35
8187.060000 nan 8.532929e-35
8189.060000 nan 8.659953e-35
8191.060000 nan 8.611898e-35
8193.060000 nan 8.476035e-35
8195.060000 nan 8.249272e-35
8197.060000 nan 8.063049e-35
8199.060000 nan 8.106170e-35
8201.060000 nan 8.414660e-35
8203.060000 nan 8.564652e-35
8205.060000 nan 8.707141e-35
8207.060000 nan 8.819701e-35
8209.060000 nan 8.587274e-35
8211.060000 nan 8.708556e-35
8213.060000 nan 9.027896e-35
8215.060000 nan 9.105369e-35
8217.060000 nan 9.002602e-35
8219.060000 nan 8.766541e-35
8221.060000 nan 8.357836e-35
8223.060000 nan 8.241855e-35
8225.060000 nan 8.257734e-35
8227.060000 nan 8.350101e-35
8229.060000 nan 8.503173e-35
8231.060000 nan 8.496286e-35
8233.060000 nan 8.158677e-35
8235.060000 nan 8.234695e-35
8237.060000 nan 8.570743e-35
8239.060000 nan 9.193834e-35
8241.060000 nan 8.998009e-35
8243.060000 nan 8.807771e-35
8245.060000 nan 8.679768e-35
8247.060000 nan 9.068027e-35
8249.060000 nan 9.429445e-35
8251.060000 nan 9.712800e-35
8253.060000 nan 9.424461e-35
8255.060000 nan 9.149020e-35
8257.060000 nan 8.933714e-35
8259.060000 nan 8.993499e-35
8261.060000 nan 8.991394e-35
8263.060000 nan 8.974026e-35
8265.060000 nan 8.996486e-35
8267.060000 nan 9.005231e-35
8269.060000 nan 9.093944e-35
8271.060000 nan 9.379084e-35
8273.060000 nan 9.472141e-35
8275.060000 nan 9.678696e-35
8277.060000 nan 1.014313e-34
8279.060000 nan 1.048153e-34
8281.060000 nan 1.072542e-34
8283.060000 nan 1.086587e-34
8285.060000 nan 1.129318e-34
8287.060000 nan 1.144967e-34
8289.060000 nan 1.133835e-34
8291.060000 nan 1.121577e-34
8293.060000 nan 1.101055e-34
8295.060000 nan 1.085974e-34
8297.060000 nan 1.158815e-34
8299.060000 nan 1.182125e-34
8301.060000 nan 1.163558e-34
8303.060000 nan 1.077992e-34
8305.060000 nan 1.041867e-34
8307.060000 nan 1.034459e-34
8309.060000 nan 1.054775e-34
8311.060000 nan 1.040479e-34
8313.060000 nan 1.015716e-34
8315.060000 nan 9.883213e-35
8317.060000 nan 9.722412e-35
8319.060000 nan 9.553999e-35
8321.060000 nan 9.345717e-35
8323.060000 nan 9.599566e-35
8325.060000 nan 9.621863e-35
8327.060000 nan 9.337732e-35
8329.060000 nan 9.383638e-35
8331.060000 nan 9.490666e-35
8333.060000 nan 9.634632e-35
8335.060000 nan 9.563557e-35
8337.060000 nan 1.001145e-34
8339.060000 nan 1.095683e-34
8341.060000 nan 1.287689e-34
8343.060000 nan 1.492790e-34
8345.060000 nan 1.641045e-34
8347.060000 nan 1.551732e-34
8349.060000 nan 1.426169e-34
8351.060000 nan 1.309739e-34
8353.060000 nan 1.248703e-34
8355.060000 nan 1.192739e-34
8357.060000 nan 1.133612e-34
8359.060000 nan 1.066471e-34
8361.060000 nan 1.078972e-34
8363.060000 nan 1.083714e-34
8365.060000 nan 1.063449e-34
8367.060000 nan 1.051664e-34
8369.060000 nan 1.036232e-34
8371.060000 nan 1.016828e-34
8373.060000 nan 1.006771e-34
8375.060000 nan 1.013727e-34
8377.060000 nan 1.034490e-34
8379.060000 nan 1.059435e-34
8381.060000 nan 1.075192e-34
8383.060000 nan 1.079083e-34
8385.060000 nan 1.050234e-34
8387.060000 nan 1.024107e-34
8389.060000 nan 1.013384e-34
8391.060000 nan 1.049011e-34
8393.060000 nan 1.146825e-34
8395.060000 nan 1.270040e-34
8397.060000 nan 1.408809e-34
8399.060000 nan 1.471791e-34
8401.060000 nan 1.444312e-34
8403.060000 nan 1.290123e-34
8405.060000 nan 1.170912e-34
8407.060000 nan 1.098307e-34
8409.060000 nan 1.079513e-34
8411.060000 nan 1.125270e-34
8413.060000 nan 1.164015e-34
8415.060000 nan 1.192238e-34
8417.060000 nan 1.169578e-34
8419.060000 nan 1.144109e-34
8421.060000 nan 1.121299e-34
8423.060000 nan 1.132603e-34
8425.060000 nan 1.216422e-34
8427.060000 nan 1.346322e-34
8429.060000 nan 1.509841e-34
8431.060000 nan 1.499598e-34
8433.060000 nan 1.401919e-34
8435.060000 nan 1.242966e-34
8437.060000 nan 1.131108e-34
8439.060000 nan 1.051645e-34
8441.060000 nan 1.013302e-34
8443.060000 nan 1.010165e-34
8445.060000 nan 1.030762e-34
8447.060000 nan 1.078716e-34
8449.060000 nan 1.141380e-34
8451.060000 nan 1.185780e-34
8453.060000 nan 1.208084e-34
8455.060000 nan 1.161130e-34
8457.060000 nan 1.141835e-34
8459.060000 nan 1.150286e-34
8461.060000 nan 1.210342e-34
8463.060000 nan 1.273305e-34
8465.060000 nan 1.324093e-34
8467.060000 nan 1.292134e-34
8469.060000 nan 1.198071e-34
8471.060000 nan 1.089921e-34
8473.060000 nan 1.037036e-34
8475.060000 nan 1.027060e-34
8477.060000 nan 1.031610e-34
8479.060000 nan 1.036722e-34
8481.060000 nan 1.038925e-34
8483.060000 nan 1.031291e-34
8485.060000 nan 1.006944e-34
8487.060000 nan 1.024636e-34
8489.060000 nan 1.051531e-34
8491.060000 nan 1.083844e-34
8493.060000 nan 1.122952e-34
8495.060000 nan 1.137403e-34
8497.060000 nan 1.126655e-34
8499.060000 nan 1.123821e-34
8501.060000 nan 1.155800e-34
8503.060000 nan 1.208669e-34
8505.060000 nan 1.208313e-34
8507.060000 nan 1.162833e-34
8509.060000 nan 1.098587e-34
8511.060000 nan 1.069360e-34
8513.060000 nan 1.062902e-34
8515.060000 nan 1.069431e-34
8517.060000 nan 1.086916e-34
8519.060000 nan 1.078050e-34
8521.060000 nan 1.058394e-34
8523.060000 nan 1.031754e-34
8525.060000 nan 1.028427e-34
8527.060000 nan 1.038654e-34
8529.060000 nan 1.064021e-34
8531.060000 nan 1.077584e-34
8533.060000 nan 1.089865e-34
8535.060000 nan 1.101920e-34
8537.060000 nan 1.096143e-34
8539.060000 nan 1.089725e-34
8541.060000 nan 1.083865e-34
8543.060000 nan 1.093426e-34
8545.060000 nan 1.116437e-34
8547.060000 nan 1.146102e-34
8549.060000 nan 1.156929e-34
8551.060000 nan 1.139365e-34
8553.060000 nan 1.114159e-34
8555.060000 nan 1.117785e-34
8557.060000 nan 1.116310e-34
8559.060000 nan 1.112253e-34
8561.060000 nan 1.106262e-34
8563.060000 nan 1.104380e-34
8565.060000 nan 1.101280e-34
8567.060000 nan 1.093722e-34
8569.060000 nan 1.082222e-34
8571.060000 nan 1.067751e-34
8573.060000 nan 1.049781e-34
8575.060000 nan 1.073271e-34
8577.060000 nan 1.089820e-34
8579.060000 nan 1.095574e-34
8581.060000 nan 1.081795e-34
8583.060000 nan 1.068623e-34
8585.060000 nan 1.058604e-34
8587.060000 nan 1.079014e-34
8589.060000 nan 1.090988e-34
8591.060000 nan 1.094980e-34
8593.060000 nan 1.083665e-34
8595.060000 nan 1.074678e-34
8597.060000 nan 1.064677e-34
8599.060000 nan 1.047286e-34
8601.060000 nan 1.031663e-34
8603.060000 nan 1.030182e-34
8605.060000 nan 1.061920e-34
8607.060000 nan 1.083504e-34
8609.060000 nan 1.097001e-34
8611.060000 nan 1.099953e-34
8613.060000 nan 1.129756e-34
8615.060000 nan 1.152736e-34
8617.060000 nan 1.162497e-34
8619.060000 nan 1.215847e-34
8621.060000 nan 1.278166e-34
8623.060000 nan 1.347907e-34
8625.060000 nan 1.418603e-34
8627.060000 nan 1.457459e-34
8629.060000 nan 1.466701e-34
8631.060000 nan 1.428271e-34
8633.060000 nan 1.411131e-34
8635.060000 nan 1.396165e-34
8637.060000 nan 1.334999e-34
8639.060000 nan 1.273421e-34
8641.060000 nan 1.219998e-34
8643.060000 nan 1.192225e-34
8645.060000 nan 1.207589e-34
8647.060000 nan 1.250869e-34
8649.060000 nan 1.328394e-34
8651.060000 nan 1.385823e-34
8653.060000 nan 1.437732e-34
8655.060000 nan 1.486488e-34
8657.060000 nan 1.464714e-34
8659.060000 nan 1.460115e-34
8661.060000 nan 1.483435e-34
8663.060000 nan 1.489649e-34
8665.060000 nan 1.479163e-34
8667.060000 nan 1.455170e-34
8669.060000 nan 1.453835e-34
8671.060000 nan 1.473728e-34
8673.060000 nan 1.493074e-34
8675.060000 nan 1.412060e-34
8677.060000 nan 1.336933e-34
8679.060000 nan 1.275365e-34
8681.060000 nan 1.256172e-34
8683.060000 nan 1.236022e-34
8685.060000 nan 1.223799e-34
8687.060000 nan 1.233939e-34
8689.060000 nan 1.239675e-34
8691.060000 nan 1.230716e-34
8693.060000 nan 1.195302e-34
8695.060000 nan 1.144453e-34
8697.060000 nan 1.112435e-34
8699.060000 nan 1.110688e-34
8701.060000 nan 1.123301e-34
8703.060000 nan 1.134759e-34
8705.060000 nan 1.144119e-34
8707.060000 nan 1.157443e-34
8709.060000 nan 1.170073e-34
8711.060000 nan 1.179091e-34
8713.060000 nan 1.155303e-34
8715.060000 nan 1.130687e-34
8717.060000 nan 1.106779e-34
8719.060000 nan 1.089502e-34
8721.060000 nan 1.080180e-34
8723.060000 nan 1.078598e-34
8725.060000 nan 1.091365e-34
8727.060000 nan 1.100548e-34
8729.060000 nan 1.121744e-34
8731.060000 nan 1.174352e-34
8733.060000 nan 1.180737e-34
8735.060000 nan 1.170953e-34
8737.060000 nan 1.149514e-34
8739.060000 nan 1.138922e-34
8741.060000 nan 1.122767e-34
8743.060000 nan 1.097824e-34
8745.060000 nan 1.058985e-34
8747.060000 nan 1.040239e-34
8749.060000 nan 1.043061e-34
8751.060000 nan 1.080713e-34
8753.060000 nan 1.134926e-34
8755.060000 nan 1.207900e-34
8757.060000 nan 1.333639e-34
8759.060000 nan 1.463201e-34
8761.060000 nan 1.577613e-34
8763.060000 nan 1.613418e-34
8765.060000 nan 1.642141e-34
8767.060000 nan 1.654077e-34
8769.060000 nan 1.624118e-34
8771.060000 nan 1.567568e-34
8773.060000 nan 1.553583e-34
8775.060000 nan 1.645523e-34
8777.060000 nan 1.698606e-34
8779.060000 nan 1.670416e-34
8781.060000 nan 1.525414e-34
8783.060000 nan 1.353574e-34
8785.060000 nan 1.224943e-34
8787.060000 nan 1.149590e-34
8789.060000 nan 1.148451e-34
8791.060000 nan 1.153834e-34
8793.060000 nan 1.161561e-34
8795.060000 nan 1.124591e-34
8797.060000 nan 1.109193e-34
8799.060000 nan 1.110884e-34
8801.060000 nan 1.129913e-34
8803.060000 nan 1.114213e-34
8805.060000 nan 1.086116e-34
8807.060000 nan 1.076281e-34
8809.060000 nan 1.079385e-34
8811.060000 nan 1.096501e-34
8813.060000 nan 1.138572e-34
8815.060000 nan 1.151879e-34
8817.060000 nan 1.170136e-34
8819.060000 nan 1.210600e-34
8821.060000 nan 1.452686e-34
8823.060000 nan 1.779825e-34
8825.060000 nan 2.188104e-34
8827.060000 nan 2.331250e-34
8829.060000 nan 2.259573e-34
8831.060000 nan 1.975420e-34
8833.060000 nan 1.731236e-34
8835.060000 nan 1.574663e-34
8837.060000 nan 1.487721e-34
8839.060000 nan 1.394561e-34
8841.060000 nan 1.314906e-34
8843.060000 nan 1.253086e-34
8845.060000 nan 1.242358e-34
8847.060000 nan 1.242237e-34
8849.060000 nan 1.245486e-34
8851.060000 nan 1.244431e-34
8853.060000 nan 1.213213e-34
8855.060000 nan 1.174897e-34
8857.060000 nan 1.141640e-34
8859.060000 nan 1.121131e-34
8861.060000 nan 1.131321e-34
8863.060000 nan 1.189494e-34
8865.060000 nan 1.314485e-34
8867.060000 nan 1.401251e-34
8869.060000 nan 1.430440e-34
8871.060000 nan 1.353569e-34
8873.060000 nan 1.269259e-34
8875.060000 nan 1.183115e-34
8877.060000 nan 1.154317e-34
8879.060000 nan 1.217730e-34
8881.060000 nan 1.363423e-34
8883.060000 nan 1.628441e-34
8885.060000 nan 1.811744e-34
8887.060000 nan 1.899097e-34
8889.060000 nan 1.757596e-34
8891.060000 nan 1.559364e-34
8893.060000 nan 1.386467e-34
8895.060000 nan 1.352039e-34
8897.060000 nan 1.382586e-34
8899.060000 nan 1.428146e-34
8901.060000 nan 1.469013e-34
8903.060000 nan 1.505287e-34
8905.060000 nan 1.480554e-34
8907.060000 nan 1.363523e-34
8909.060000 nan 1.277618e-34
8911.060000 nan 1.243239e-34
8913.060000 nan 1.265448e-34
8915.060000 nan 1.545722e-34
8917.060000 nan 1.836144e-34
8919.060000 nan 2.109612e-34
8921.060000 nan 2.040630e-34
8923.060000 nan 1.832866e-34
8925.060000 nan 1.551302e-34
8927.060000 nan 1.373006e-34
8929.060000 nan 1.279406e-34
8931.060000 nan 1.238249e-34
8933.060000 nan 1.240960e-34
8935.060000 nan 1.254769e-34
8937.060000 nan 1.284118e-34
8939.060000 nan 1.343657e-34
8941.060000 nan 1.401962e-34
8943.060000 nan 1.434242e-34
8945.060000 nan 1.418711e-34
8947.060000 nan 1.347115e-34
8949.060000 nan 1.301586e-34
8951.060000 nan 1.302115e-34
8953.060000 nan 1.403412e-34
8955.060000 nan 1.549260e-34
8957.060000 nan 1.732268e-34
8959.060000 nan 1.748758e-34
8961.060000 nan 1.654819e-34
8963.060000 nan 1.478291e-34
8965.060000 nan 1.341546e-34
8967.060000 nan 1.254806e-34
8969.060000 nan 1.202900e-34
8971.060000 nan 1.178661e-34
8973.060000 nan 1.166275e-34
8975.060000 nan 1.159240e-34
8977.060000 nan 1.153086e-34
8979.060000 nan 1.170204e-34
8981.060000 nan 1.196871e-34
8983.060000 nan 1.229461e-34
8985.060000 nan 1.248094e-34
8987.060000 nan 1.246770e-34
8989.060000 nan 1.216614e-34
8991.060000 nan 1.214678e-34
8993.060000 nan 1.222047e-34
8995.060000 nan 1.237541e-34
8997.060000 nan 1.306541e-34
8999.060000 nan 1.418021e-34
9001.060000 nan 1.560509e-34
9003.060000 nan 1.551580e-34
9005.060000 nan 1.458646e-34
9007.060000 nan 1.314262e-34
9009.060000 nan 1.229597e-34
9011.060000 nan 1.185188e-34
9013.060000 nan 1.163522e-34
9015.060000 nan 1.148411e-34
9017.060000 nan 1.168788e-34
9019.060000 nan 1.198086e-34
9021.060000 nan 1.214461e-34
9023.060000 nan 1.225903e-34
9025.060000 nan 1.235024e-34
9027.060000 nan 1.242018e-34
9029.060000 nan 1.264112e-34
9031.060000 nan 1.295319e-34
9033.060000 nan 1.336661e-34
9035.060000 nan 1.387530e-34
9037.060000 nan 1.409253e-34
9039.060000 nan 1.397217e-34
9041.060000 nan 1.355827e-34
9043.060000 nan 1.313895e-34
9045.060000 nan 1.276327e-34
9047.060000 nan 1.298292e-34
9049.060000 nan 1.331294e-34
9051.060000 nan 1.362232e-34
9053.060000 nan 1.339384e-34
9055.060000 nan 1.318075e-34
9057.060000 nan 1.297828e-34
9059.060000 nan 1.278821e-34
9061.060000 nan 1.264803e-34
9063.060000 nan 1.253102e-34
9065.060000 nan 1.243040e-34
9067.060000 nan 1.233185e-34
9069.060000 nan 1.219817e-34
9071.060000 nan 1.199984e-34
9073.060000 nan 1.190489e-34
9075.060000 nan 1.197188e-34
9077.060000 nan 1.224068e-34
9079.060000 nan 1.264126e-34
9081.060000 nan 1.302869e-34
9083.060000 nan 1.338715e-34
9085.060000 nan 1.342380e-34
9087.060000 nan 1.343987e-34
9089.060000 nan 1.342977e-34
9091.060000 nan 1.332687e-34
9093.060000 nan 1.319749e-34
9095.060000 nan 1.305912e-34
9097.060000 nan 1.295119e-34
9099.060000 nan 1.323764e-34
9101.060000 nan 1.372855e-34
9103.060000 nan 1.434435e-34
9105.060000 nan 1.476048e-34
9107.060000 nan 1.498603e-34
9109.060000 nan 1.491645e-34
9111.060000 nan 1.463062e-34
9113.060000 nan 1.434185e-34
9115.060000 nan 1.411302e-34
9117.060000 nan 1.357481e-34
9119.060000 nan 1.331171e-34
9121.060000 nan 1.342001e-34
9123.060000 nan 1.389696e-34
9125.060000 nan 1.416943e-34
9127.060000 nan 1.424753e-34
9129.060000 nan 1.431805e-34
9131.060000 nan 1.433098e-34
9133.060000 nan 1.426629e-34
9135.060000 nan 1.393852e-34
9137.060000 nan 1.358616e-34
9139.060000 nan 1.330120e-34
9141.060000 nan 1.334677e-34
9143.060000 nan 1.350369e-34
9145.060000 nan 1.379010e-34
9147.060000 nan 1.432140e-34
9149.060000 nan 1.427623e-34
9151.060000 nan 1.415117e-34
9153.060000 nan 1.415365e-34
9155.060000 nan 1.434410e-34
9157.060000 nan 1.462186e-34
9159.060000 nan 1.498663e-34
9161.060000 nan 1.501718e-34
9163.060000 nan 1.475708e-34
9165.060000 nan 1.420394e-34
9167.060000 nan 1.410808e-34
9169.060000 nan 1.419545e-34
9171.060000 nan 1.440331e-34
9173.060000 nan 1.423783e-34
9175.060000 nan 1.408850e-34
9177.060000 nan 1.398686e-34
9179.060000 nan 1.409820e-34
9181.060000 nan 1.426115e-34
9183.060000 nan 1.444722e-34
9185.060000 nan 1.463107e-34
9187.060000 nan 1.495912e-34
9189.060000 nan 1.513950e-34
9191.060000 nan 1.484378e-34
9193.060000 nan 1.445579e-34
9195.060000 nan 1.416210e-34
9197.060000 nan 1.407084e-34
9199.060000 nan 1.424141e-34
9201.060000 nan 1.428723e-34
9203.060000 nan 1.412699e-34
9205.060000 nan 1.482102e-34
9207.060000 nan 1.550605e-34
9209.060000 nan 1.613805e-34
9211.060000 nan 1.641030e-34
9213.060000 nan 1.675586e-34
9215.060000 nan 1.708156e-34
9217.060000 nan 1.676637e-34
9219.060000 nan 1.654567e-34
9221.060000 nan 1.641618e-34
9223.060000 nan 1.646607e-34
9225.060000 nan 1.668490e-34
9227.060000 nan 1.690988e-34
9229.060000 nan 1.694116e-34
9231.060000 nan 1.670799e-34
9233.060000 nan 1.649398e-34
9235.060000 nan 1.648380e-34
9237.060000 nan 1.619209e-34
9239.060000 nan 1.581445e-34
9241.060000 nan 1.537895e-34
9243.060000 nan 1.518085e-34
9245.060000 nan 1.504006e-34
9247.060000 nan 1.494318e-34
9249.060000 nan 1.475375e-34
9251.060000 nan 1.502267e-34
9253.060000 nan 1.568837e-34
9255.060000 nan 1.605992e-34
9257.060000 nan 1.636595e-34
9259.060000 nan 1.661175e-34
9261.060000 nan 1.675292e-34
9263.060000 nan 1.662964e-34
9265.060000 nan 1.628265e-34
9267.060000 nan 1.557371e-34
9269.060000 nan 1.508115e-34
9271.060000 nan 1.481409e-34
9273.060000 nan 1.494582e-34
9275.060000 nan 1.479091e-34
9277.060000 nan 1.475175e-34
9279.060000 nan 1.507205e-34
9281.060000 nan 1.544562e-34
9283.060000 nan 1.589283e-34
9285.060000 nan 1.643503e-34
9287.060000 nan 1.650119e-34
9289.060000 nan 1.644490e-34
9291.060000 nan 1.628051e-34
9293.060000 nan 1.575845e-34
9295.060000 nan 1.545823e-34
9297.060000 nan 1.539567e-34
9299.060000 nan 1.593772e-34
9301.060000 nan 1.735993e-34
9303.060000 nan 1.954674e-34
9305.060000 nan 2.296097e-34
9307.060000 nan 2.612109e-34
9309.060000 nan 2.877994e-34
9311.060000 nan 3.010542e-34
9313.060000 nan 2.976380e-34
9315.060000 nan 2.836453e-34
9317.060000 nan 2.569580e-34
9319.060000 nan 2.436898e-34
9321.060000 nan 2.397693e-34
9323.060000 nan 2.473297e-34
9325.060000 nan 2.357001e-34
9327.060000 nan 2.159046e-34
9329.060000 nan 1.882726e-34
9331.060000 nan 1.726911e-34
9333.060000 nan 1.635044e-34
9335.060000 nan 1.604558e-34
9337.060000 nan 1.630572e-34
9339.060000 nan 1.538157e-34
9341.060000 nan 1.371414e-34
9343.060000 nan 1.311519e-34
9345.060000 nan 1.305574e-34
9347.060000 nan 1.339596e-34
9349.060000 nan 1.420414e-34
9351.060000 nan 1.411409e-34
9353.060000 nan 1.372147e-34
9355.060000 nan 1.349531e-34
9357.060000 nan 1.354332e-34
9359.060000 nan 1.376776e-34
9361.060000 nan 1.420755e-34
9363.060000 nan 1.486415e-34
9365.060000 nan 1.575835e-34
9367.060000 nan 1.696667e-34
9369.060000 nan 1.947394e-34
9371.060000 nan 2.345723e-34
9373.060000 nan 2.904959e-34
9375.060000 nan 3.325053e-34
9377.060000 nan 3.349785e-34
9379.060000 nan 3.012295e-34
9381.060000 nan 2.498754e-34
9383.060000 nan 2.110594e-34
9385.060000 nan 1.839523e-34
9387.060000 nan 1.783122e-34
9389.060000 nan 1.777479e-34
9391.060000 nan 1.805680e-34
9393.060000 nan 1.868179e-34
9395.060000 nan 1.921861e-34
9397.060000 nan 1.995826e-34
9399.060000 nan 2.131432e-34
9401.060000 nan 2.212410e-34
9403.060000 nan 2.257458e-34
9405.060000 nan 2.258620e-34
9407.060000 nan 2.135412e-34
9409.060000 nan 2.016608e-34
9411.060000 nan 1.927919e-34
9413.060000 nan 1.944583e-34
9415.060000 nan 2.068272e-34
9417.060000 nan 2.297883e-34
9419.060000 nan 2.437467e-34
9421.060000 nan 2.438419e-34
9423.060000 nan 2.327928e-34
9425.060000 nan 2.214538e-34
9427.060000 nan 2.095687e-34
9429.060000 nan 1.990501e-34
9431.060000 nan 1.974249e-34
9433.060000 nan 2.187334e-34
9435.060000 nan 2.570318e-34
9437.060000 nan 3.185150e-34
9439.060000 nan 3.636526e-34
9441.060000 nan 3.807347e-34
9443.060000 nan 3.440702e-34
9445.060000 nan 2.986994e-34
9447.060000 nan 2.602325e-34
9449.060000 nan 2.364502e-34
9451.060000 nan 2.379386e-34
9453.060000 nan 2.458917e-34
9455.060000 nan 2.586966e-34
9457.060000 nan 2.691462e-34
9459.060000 nan 2.739607e-34
9461.060000 nan 2.728555e-34
9463.060000 nan 2.597911e-34
9465.060000 nan 2.421030e-34
9467.060000 nan 2.242153e-34
9469.060000 nan 2.305582e-34
9471.060000 nan 2.535372e-34
9473.060000 nan 2.885762e-34
9475.060000 nan 3.372816e-34
9477.060000 nan 3.509082e-34
9479.060000 nan 3.368954e-34
9481.060000 nan 2.819875e-34
9483.060000 nan 2.488535e-34
9485.060000 nan 2.312065e-34
9487.060000 nan 2.337037e-34
9489.060000 nan 2.490180e-34
9491.060000 nan 2.565770e-34
9493.060000 nan 2.490621e-34
9495.060000 nan 2.534778e-34
9497.060000 nan 2.674796e-34
9499.060000 nan 2.914774e-34
9501.060000 nan 3.199405e-34
9503.060000 nan 3.324341e-34
9505.060000 nan 3.292542e-34
9507.060000 nan 3.022455e-34
9509.060000 nan 2.710191e-34
9511.060000 nan 2.422041e-34
9513.060000 nan 2.451171e-34
9515.060000 nan 2.636822e-34
9517.060000 nan 2.894183e-34
9519.060000 nan 3.137811e-34
9521.060000 nan 3.159388e-34
9523.060000 nan 3.044030e-34
9525.060000 nan 2.771996e-34
9527.060000 nan 2.584028e-34
9529.060000 nan 2.469288e-34
9531.060000 nan 2.455106e-34
9533.060000 nan 2.506291e-34
9535.060000 nan 2.564676e-34
9537.060000 nan 2.621271e-34
9539.060000 nan 2.597406e-34
9541.060000 nan 2.544572e-34
9543.060000 nan 2.469511e-34
9545.060000 nan 2.549625e-34
9547.060000 nan 2.692174e-34
9549.060000 nan 2.891835e-34
9551.060000 nan 3.168244e-34
9553.060000 nan 3.253956e-34
9555.060000 nan 3.198849e-34
9557.060000 nan 2.997881e-34
9559.060000 nan 2.858378e-34
9561.060000 nan 2.789219e-34
9563.060000 nan 2.863299e-34
9565.060000 nan 3.204821e-34
9567.060000 nan 3.578045e-34
9569.060000 nan 3.841470e-34
9571.060000 nan 3.686062e-34
9573.060000 nan 3.415839e-34
9575.060000 nan 3.087221e-34
9577.060000 nan 3.100332e-34
9579.060000 nan 3.177694e-34
9581.060000 nan 3.293038e-34
9583.060000 nan 3.302811e-34
9585.060000 nan 3.219173e-34
9587.060000 nan 3.053079e-34
9589.060000 nan 2.953205e-34
9591.060000 nan 2.922375e-34
9593.060000 nan 2.938659e-34
9595.060000 nan 2.941265e-34
9597.060000 nan 2.994977e-34
9599.060000 nan 3.106266e-34
9601.060000 nan 3.348254e-34
9603.060000 nan 3.543661e-34
9605.060000 nan 3.704844e-34
9607.060000 nan 3.818901e-34
9609.060000 nan 3.830499e-34
9611.060000 nan 3.788940e-34
9613.060000 nan 3.693097e-34
9615.060000 nan 3.549259e-34
9617.060000 nan 3.469456e-34
9619.060000 nan 3.496941e-34
9621.060000 nan 3.576481e-34
9623.060000 nan 3.603805e-34
9625.060000 nan 3.567527e-34
9627.060000 nan 3.404059e-34
9629.060000 nan 3.435761e-34
9631.060000 nan 3.622803e-34
9633.060000 nan 3.675215e-34
9635.060000 nan 3.599508e-34
9637.060000 nan 3.453918e-34
9639.060000 nan 3.379263e-34
9641.060000 nan 3.362713e-34
9643.060000 nan 3.388229e-34
9645.060000 nan 3.467494e-34
9647.060000 nan 3.474548e-34
9649.060000 nan 3.442004e-34
9651.060000 nan 3.370509e-34
9653.060000 nan 3.427709e-34
9655.060000 nan 3.502550e-34
9657.060000 nan 3.558115e-34
9659.060000 nan 3.595284e-34
9661.060000 nan 3.635427e-34
9663.060000 nan 3.682670e-34
9665.060000 nan 3.767353e-34
9667.060000 nan 3.823605e-34
9669.060000 nan 3.845392e-34
9671.060000 nan 3.742132e-34
9673.060000 nan 3.700098e-34
9675.060000 nan 3.717592e-34
9677.060000 nan 3.846588e-34
9679.060000 nan 4.054717e-34
9681.060000 nan 4.272135e-34
9683.060000 nan 4.312834e-34
9685.060000 nan 4.273595e-34
9687.060000 nan 4.201913e-34
9689.060000 nan 4.133419e-34
9691.060000 nan 4.237944e-34
9693.060000 nan 4.403838e-34
