#OBJECT = ZTF18abmeehs
#MJD-OBS = 58348.345324
#DATE-OBS = 2018-08-18T08:17:16
#EXPTIME = 1520.000000
#AIRMASS = 1.018000
#TELESCOPE = UH88
#INSTRUMENT = SNIFS
#WL FL ERR
#[Ang] [erg/s/cm2/A] [erg/s/cm2/A]
3305.060000 -3.647750e-17 3.085853e-33
3307.060000 -5.163920e-18 2.813580e-33
3309.060000 8.441177e-18 2.924371e-33
3311.060000 -9.839608e-18 3.285053e-33
3313.060000 6.557112e-17 3.757454e-33
3315.060000 2.883849e-17 3.497480e-33
3317.060000 -1.425282e-17 2.807592e-33
3319.060000 -1.401975e-17 2.490324e-33
3321.060000 -6.763712e-17 2.496927e-33
3323.060000 -1.460270e-16 2.774799e-33
3325.060000 -5.258292e-17 3.353883e-33
3327.060000 2.995036e-17 3.382089e-33
3329.060000 3.802435e-17 2.966160e-33
3331.060000 -3.194001e-18 2.500723e-33
3333.060000 -4.034310e-17 2.377578e-33
3335.060000 -3.827132e-17 2.591455e-33
3337.060000 8.985491e-18 3.233068e-33
3339.060000 -6.714039e-17 3.234715e-33
3341.060000 -4.798871e-17 2.752428e-33
3343.060000 -2.762354e-17 2.297088e-33
3345.060000 4.200617e-18 2.130979e-33
3347.060000 2.178013e-17 2.257290e-33
3349.060000 3.713193e-18 2.569938e-33
3351.060000 -9.839481e-19 2.815073e-33
3353.060000 -1.607380e-17 2.470485e-33
3355.060000 -3.530500e-17 2.050471e-33
3357.060000 -6.461414e-17 1.827320e-33
3359.060000 -6.259619e-17 1.874581e-33
3361.060000 -2.118456e-17 2.177128e-33
3363.060000 -1.913513e-17 2.515949e-33
3365.060000 -1.639296e-17 2.431666e-33
3367.060000 -3.475662e-17 2.072457e-33
3369.060000 -3.549504e-17 1.827430e-33
3371.060000 -2.907050e-17 1.821880e-33
3373.060000 -2.424538e-17 2.041359e-33
3375.060000 -2.422857e-17 2.416846e-33
3377.060000 -2.487472e-17 2.386375e-33
3379.060000 -3.029593e-17 1.930538e-33
3381.060000 -1.317680e-18 1.671736e-33
3383.060000 4.096630e-17 1.628546e-33
3385.060000 5.365425e-17 1.805509e-33
3387.060000 -3.670931e-18 2.082542e-33
3389.060000 -5.291291e-17 2.121433e-33
3391.060000 -5.469746e-17 1.820958e-33
3393.060000 -1.216561e-17 1.568838e-33
3395.060000 5.639221e-17 1.549519e-33
3397.060000 7.278082e-17 1.724480e-33
3399.060000 -7.657285e-18 1.910976e-33
3401.060000 -3.955732e-17 2.066779e-33
3403.060000 1.247433e-17 1.879955e-33
3405.060000 4.669269e-17 1.568343e-33
3407.060000 6.420920e-17 1.404652e-33
3409.060000 6.798230e-17 1.440326e-33
3411.060000 4.825023e-17 1.651374e-33
3413.060000 -3.486491e-17 1.819689e-33
3415.060000 -2.515564e-17 1.724542e-33
3417.060000 -1.987176e-17 1.478494e-33
3419.060000 -4.536348e-17 1.256012e-33
3421.060000 -5.324938e-17 1.225967e-33
3423.060000 -3.685997e-17 1.375441e-33
3425.060000 -3.112344e-17 1.639139e-33
3427.060000 3.537133e-17 1.685805e-33
3429.060000 3.948868e-17 1.385108e-33
3431.060000 9.619976e-18 1.152363e-33
3433.060000 -1.913420e-17 1.086237e-33
3435.060000 -4.028292e-17 1.174088e-33
3437.060000 -6.069587e-17 1.371893e-33
3439.060000 -7.524738e-17 1.406904e-33
3441.060000 2.811194e-17 1.319360e-33
3443.060000 -6.679585e-18 1.060664e-33
3445.060000 -3.569666e-17 9.746471e-34
3447.060000 -4.104466e-17 1.045093e-33
3449.060000 -3.124954e-17 1.268439e-33
3451.060000 1.525958e-18 1.432370e-33
3453.060000 2.992291e-17 1.332857e-33
3455.060000 -2.267977e-17 1.053757e-33
3457.060000 -6.089351e-17 9.198692e-34
3459.060000 -5.970306e-17 9.292116e-34
3461.060000 -2.839480e-17 1.065681e-33
3463.060000 -1.901250e-17 1.247841e-33
3465.060000 -1.361459e-17 1.241508e-33
3467.060000 -2.371870e-17 1.003946e-33
3469.060000 -9.710631e-18 8.880361e-34
3471.060000 7.259428e-19 8.783253e-34
3473.060000 -5.836997e-18 9.728474e-34
3475.060000 -2.713966e-17 1.134200e-33
3477.060000 -4.799039e-17 1.191316e-33
3479.060000 -1.457743e-17 1.034520e-33
3481.060000 1.934436e-17 9.053425e-34
3483.060000 3.391722e-17 8.677149e-34
3485.060000 3.850839e-17 9.432676e-34
3487.060000 4.886692e-17 1.101084e-33
3489.060000 2.791974e-17 1.166663e-33
3491.060000 2.846754e-17 1.026832e-33
3493.060000 1.258407e-17 8.550513e-34
3495.060000 4.775327e-18 7.900995e-34
3497.060000 -4.509630e-18 8.333758e-34
3499.060000 -1.860613e-17 9.517077e-34
3501.060000 4.016827e-19 1.105952e-33
3503.060000 -1.747464e-17 9.920227e-34
3505.060000 -3.156389e-17 8.408345e-34
3507.060000 -1.862383e-17 7.693219e-34
3509.060000 8.739226e-18 7.920522e-34
3511.060000 3.244044e-17 9.006557e-34
3513.060000 3.303131e-17 1.064080e-33
3515.060000 9.051897e-18 1.026326e-33
3517.060000 2.121269e-17 8.622747e-34
3519.060000 2.939323e-17 7.488087e-34
3521.060000 1.866666e-17 7.274884e-34
3523.060000 -6.874058e-18 7.957287e-34
3525.060000 -2.884452e-17 9.193167e-34
3527.060000 -3.780663e-17 9.499315e-34
3529.060000 1.400362e-17 8.513281e-34
3531.060000 1.231831e-17 7.248852e-34
3533.060000 -1.081167e-17 6.746660e-34
3535.060000 -3.218102e-17 7.159586e-34
3537.060000 -3.262656e-17 8.469094e-34
3539.060000 2.209782e-18 9.640531e-34
3541.060000 2.812115e-17 8.961752e-34
3543.060000 1.884952e-18 7.371669e-34
3545.060000 -1.815502e-17 6.716201e-34
3547.060000 -2.373418e-17 7.049879e-34
3549.060000 -1.710146e-17 8.276170e-34
3551.060000 -2.683453e-18 9.446288e-34
3553.060000 3.150364e-18 8.994134e-34
3555.060000 1.608389e-17 7.434310e-34
3557.060000 -9.589044e-19 6.453013e-34
3559.060000 -4.145659e-18 6.475144e-34
3561.060000 1.587718e-17 7.475257e-34
3563.060000 1.728179e-17 8.938635e-34
3565.060000 -3.171979e-17 8.577079e-34
3567.060000 -1.948554e-17 7.134565e-34
3569.060000 -1.649997e-18 6.251734e-34
3571.060000 1.275934e-17 6.079808e-34
3573.060000 1.846657e-17 6.672800e-34
3575.060000 1.487518e-17 7.894528e-34
3577.060000 2.057903e-17 8.398695e-34
3579.060000 3.810638e-17 7.429661e-34
3581.060000 3.133134e-17 6.097152e-34
3583.060000 1.191261e-18 5.576143e-34
3585.060000 -1.571297e-17 5.872990e-34
3587.060000 1.085486e-17 6.937121e-34
3589.060000 2.876504e-17 7.753127e-34
3591.060000 1.062183e-17 7.045593e-34
3593.060000 8.776433e-18 5.872105e-34
3595.060000 3.591677e-18 5.289921e-34
3597.060000 6.858403e-18 5.464732e-34
3599.060000 1.977898e-17 6.313593e-34
3601.060000 1.030994e-17 7.153694e-34
3603.060000 1.223422e-18 6.645975e-34
3605.060000 1.375997e-17 5.542411e-34
3607.060000 1.952706e-17 4.876528e-34
3609.060000 1.307257e-17 4.899846e-34
3611.060000 8.238627e-18 5.614661e-34
3613.060000 3.582722e-17 6.992179e-34
3615.060000 -1.258040e-18 6.945734e-34
3617.060000 9.299910e-18 5.776879e-34
3619.060000 -2.929270e-18 4.944804e-34
3621.060000 -1.894608e-17 4.792350e-34
3623.060000 -2.070369e-17 5.339629e-34
3625.060000 2.881109e-18 6.496972e-34
3627.060000 1.240941e-17 6.739911e-34
3629.060000 1.101565e-18 6.513982e-34
3631.060000 -1.256256e-17 5.496267e-34
3633.060000 -2.068163e-17 5.106653e-34
3635.060000 -1.643828e-17 5.450877e-34
3637.060000 -1.807361e-19 6.460955e-34
3639.060000 4.391866e-18 7.177685e-34
3641.060000 2.040856e-17 6.535073e-34
3643.060000 1.919874e-17 5.391624e-34
3645.060000 1.026560e-17 4.801794e-34
3647.060000 4.968200e-18 4.920479e-34
3649.060000 7.506365e-18 5.698280e-34
3651.060000 7.428145e-18 6.660368e-34
3653.060000 6.605484e-18 6.363165e-34
3655.060000 -1.035179e-17 5.218769e-34
3657.060000 -1.724120e-17 4.586016e-34
3659.060000 -2.048626e-17 4.525033e-34
3661.060000 -2.234256e-17 4.985716e-34
3663.060000 -2.006017e-17 5.873986e-34
3665.060000 -2.506917e-17 5.881479e-34
3667.060000 -2.986478e-17 4.906835e-34
3669.060000 -3.056974e-17 4.204656e-34
3671.060000 -1.923282e-17 4.043500e-34
3673.060000 -5.987457e-18 4.442242e-34
3675.060000 -6.790271e-18 5.211574e-34
3677.060000 -1.073818e-17 5.475668e-34
3679.060000 -7.979559e-18 4.881033e-34
3681.060000 6.300016e-18 4.164423e-34
3683.060000 -1.394651e-18 3.796959e-34
3685.060000 -1.592887e-17 3.945749e-34
3687.060000 -1.713420e-17 4.552612e-34
3689.060000 -1.029402e-17 5.155970e-34
3691.060000 3.559095e-18 4.890506e-34
3693.060000 1.681152e-17 4.182871e-34
3695.060000 1.993091e-17 3.757908e-34
3697.060000 1.336072e-17 3.838194e-34
3699.060000 2.675518e-18 4.377759e-34
3701.060000 -9.602323e-19 5.185626e-34
3703.060000 2.266999e-17 5.201022e-34
3705.060000 2.167088e-17 4.235165e-34
3707.060000 3.079910e-17 3.720708e-34
3709.060000 3.809397e-17 3.703436e-34
3711.060000 3.202245e-17 4.192286e-34
3713.060000 5.744234e-18 5.056207e-34
3715.060000 5.924934e-18 5.110595e-34
3717.060000 9.629444e-18 4.346475e-34
3719.060000 1.651249e-17 3.729019e-34
3721.060000 1.751136e-17 3.542142e-34
3723.060000 1.270422e-17 3.831751e-34
3725.060000 4.953916e-18 4.478836e-34
3727.060000 -1.612629e-17 4.881088e-34
3729.060000 1.250367e-17 4.562828e-34
3731.060000 -5.437884e-18 3.779926e-34
3733.060000 -1.797857e-17 3.426406e-34
3735.060000 -1.788562e-17 3.586623e-34
3737.060000 -8.319252e-18 4.257497e-34
3739.060000 6.274660e-18 4.942524e-34
3741.060000 5.164602e-18 4.645801e-34
3743.060000 -9.348952e-18 3.760283e-34
3745.060000 -8.289714e-18 3.382912e-34
3747.060000 1.200378e-18 3.465764e-34
3749.060000 7.499202e-18 3.960102e-34
3751.060000 -1.938426e-18 4.640355e-34
3753.060000 9.662744e-18 4.634180e-34
3755.060000 5.053605e-18 3.873683e-34
3757.060000 -1.531804e-18 3.336941e-34
3759.060000 -3.384983e-18 3.245882e-34
3761.060000 -6.386519e-18 3.580311e-34
3763.060000 -2.214836e-17 4.136473e-34
3765.060000 -3.327812e-18 4.383576e-34
3767.060000 -1.146472e-17 3.888873e-34
3769.060000 -9.990994e-18 3.299038e-34
3771.060000 -1.527232e-17 3.101004e-34
3773.060000 -1.875391e-17 3.329541e-34
3775.060000 -1.021142e-17 3.880553e-34
3777.060000 -2.310537e-17 4.394442e-34
3779.060000 -1.801075e-17 3.944505e-34
3781.060000 -7.964451e-18 3.294262e-34
3783.060000 -3.124592e-18 3.001009e-34
3785.060000 -2.837776e-18 3.129372e-34
3787.060000 -4.919832e-18 3.611335e-34
3789.060000 -9.449396e-18 4.119373e-34
3791.060000 1.362574e-17 3.912562e-34
3793.060000 3.198744e-18 3.187210e-34
3795.060000 -3.302899e-18 2.813861e-34
3797.060000 -3.780371e-18 2.843482e-34
3799.060000 -1.636242e-18 3.251486e-34
3801.060000 -4.025866e-18 3.853207e-34
3803.060000 7.913350e-18 3.957871e-34
3805.060000 2.548771e-17 3.331375e-34
3807.060000 2.368502e-17 2.861820e-34
3809.060000 1.731461e-17 2.760248e-34
3811.060000 1.014469e-17 3.021966e-34
3813.060000 -2.566496e-19 3.536792e-34
3815.060000 1.553568e-18 3.650301e-34
3817.060000 -1.061836e-17 3.264290e-34
3819.060000 -7.910776e-18 2.796098e-34
3821.060000 6.710720e-18 2.672323e-34
3823.060000 1.701440e-17 2.920211e-34
3825.060000 1.236594e-17 3.411495e-34
3827.060000 3.113971e-17 3.869973e-34
3829.060000 4.614967e-17 3.658441e-34
3831.060000 5.405276e-17 3.103398e-34
3833.060000 3.846771e-17 2.808005e-34
3835.060000 1.913035e-17 2.899819e-34
3837.060000 1.433565e-17 3.329531e-34
3839.060000 2.593011e-17 3.825649e-34
3841.060000 2.578991e-17 3.740915e-34
3843.060000 2.998385e-17 3.133537e-34
3845.060000 2.495789e-17 2.745639e-34
3847.060000 7.437865e-18 2.707025e-34
3849.060000 -6.706705e-18 2.979176e-34
3851.060000 1.642703e-17 3.714942e-34
3853.060000 3.194907e-17 3.789529e-34
3855.060000 4.715078e-17 3.252496e-34
3857.060000 5.746250e-17 2.788343e-34
3859.060000 5.192275e-17 2.672418e-34
3861.060000 3.538881e-17 2.907485e-34
3863.060000 2.151475e-17 3.355881e-34
3865.060000 1.291191e-17 3.534998e-34
3867.060000 1.467639e-17 3.092844e-34
3869.060000 1.573270e-17 2.603631e-34
3871.060000 3.604320e-17 2.466487e-34
3873.060000 5.051304e-17 2.673932e-34
3875.060000 3.421388e-17 3.094040e-34
3877.060000 1.178179e-17 3.373823e-34
3879.060000 2.021067e-17 3.179006e-34
3881.060000 2.173525e-17 2.690655e-34
3883.060000 2.074798e-17 2.431133e-34
3885.060000 1.364717e-17 2.495775e-34
3887.060000 4.005210e-18 2.832263e-34
3889.060000 1.059383e-17 3.370425e-34
3891.060000 1.625086e-17 3.282192e-34
3893.060000 1.983996e-17 2.732292e-34
3895.060000 2.252424e-17 2.393688e-34
3897.060000 2.153050e-17 2.375542e-34
3899.060000 1.211107e-17 2.661161e-34
3901.060000 -9.912002e-18 3.093317e-34
3903.060000 1.667092e-17 3.190644e-34
3905.060000 2.038500e-17 2.680429e-34
3907.060000 2.420319e-17 2.360318e-34
3909.060000 2.207881e-17 2.276919e-34
3911.060000 1.518211e-17 2.489446e-34
3913.060000 8.418182e-18 2.975690e-34
3915.060000 4.316561e-18 3.184926e-34
3917.060000 -1.119393e-17 2.745646e-34
3919.060000 -1.006892e-17 2.309972e-34
3921.060000 2.966133e-18 2.146401e-34
3923.060000 1.115682e-17 2.288676e-34
3925.060000 4.536690e-18 2.691354e-34
3927.060000 7.444660e-18 2.966886e-34
3929.060000 4.439763e-18 2.854072e-34
3931.060000 -3.467449e-18 2.371084e-34
3933.060000 8.030721e-19 2.150151e-34
3935.060000 5.248506e-18 2.235077e-34
3937.060000 1.882875e-18 2.620975e-34
3939.060000 -5.032320e-18 3.082224e-34
3941.060000 4.158664e-17 3.191599e-34
3943.060000 4.254125e-17 2.675231e-34
3945.060000 2.620022e-17 2.310196e-34
3947.060000 9.490812e-18 2.264037e-34
3949.060000 -1.205622e-18 2.522904e-34
3951.060000 -8.344264e-18 2.989865e-34
3953.060000 7.525319e-18 3.138743e-34
3955.060000 1.475139e-17 2.679428e-34
3957.060000 1.397090e-17 2.281253e-34
3959.060000 2.005009e-17 2.188068e-34
3961.060000 2.778835e-17 2.403446e-34
3963.060000 2.541748e-17 2.798096e-34
3965.060000 1.500313e-17 3.016780e-34
3967.060000 -4.267416e-18 2.674208e-34
3969.060000 1.371876e-17 2.350646e-34
3971.060000 1.930922e-17 2.212226e-34
3973.060000 1.754576e-17 2.383055e-34
3975.060000 1.946608e-17 2.880267e-34
3977.060000 1.912329e-17 3.405438e-34
3979.060000 1.591152e-17 3.258826e-34
3981.060000 4.814781e-18 2.719192e-34
3983.060000 -5.514715e-18 2.433234e-34
3985.060000 -1.433684e-18 2.500021e-34
3987.060000 1.376050e-17 2.919279e-34
3989.060000 1.235353e-17 3.415597e-34
3991.060000 2.386330e-17 3.438049e-34
3993.060000 1.529105e-17 2.903194e-34
3995.060000 -3.072392e-18 2.460814e-34
3997.060000 -6.061393e-18 2.393679e-34
3999.060000 2.717868e-18 2.676720e-34
4001.060000 -5.109799e-19 3.112539e-34
4003.060000 -2.756542e-18 3.156674e-34
4005.060000 2.523144e-17 2.767607e-34
4007.060000 1.343258e-17 2.270722e-34
4009.060000 -4.326149e-18 2.104099e-34
4011.060000 -8.612206e-18 2.246203e-34
4013.060000 7.149901e-18 2.633681e-34
4015.060000 1.080717e-17 2.860547e-34
4017.060000 2.362263e-17 2.589771e-34
4019.060000 8.350253e-18 2.109419e-34
4021.060000 -3.430655e-18 1.918420e-34
4023.060000 1.878726e-18 2.018599e-34
4025.060000 2.155302e-17 2.393258e-34
4027.060000 2.080142e-17 2.750777e-34
4029.060000 2.276980e-17 2.643985e-34
4031.060000 2.938644e-17 2.208514e-34
4033.060000 2.759177e-17 1.953692e-34
4035.060000 2.166361e-17 1.959163e-34
4037.060000 1.370330e-17 2.197869e-34
4039.060000 1.574552e-18 2.613845e-34
4041.060000 3.258796e-17 2.715589e-34
4043.060000 2.798007e-17 2.246379e-34
4045.060000 2.989551e-17 1.935448e-34
4047.060000 2.604613e-17 1.868088e-34
4049.060000 1.143389e-17 2.042112e-34
4051.060000 -9.883999e-18 2.384710e-34
4053.060000 1.060146e-17 2.572425e-34
4055.060000 1.919308e-17 2.269536e-34
4057.060000 1.696654e-17 1.912687e-34
4059.060000 7.336455e-18 1.790290e-34
4061.060000 -6.302034e-18 1.916579e-34
4063.060000 -1.658237e-17 2.219577e-34
4065.060000 2.462348e-18 2.583822e-34
4067.060000 4.863839e-18 2.410233e-34
4069.060000 7.480161e-19 2.053278e-34
4071.060000 1.373913e-18 1.888147e-34
4073.060000 7.664200e-18 1.987571e-34
4075.060000 1.555296e-17 2.342019e-34
4077.060000 1.388995e-17 2.688968e-34
4079.060000 2.517331e-18 2.590174e-34
4081.060000 -4.468968e-19 2.200690e-34
4083.060000 9.969589e-19 1.976406e-34
4085.060000 9.314061e-18 2.025038e-34
4087.060000 1.294290e-17 2.362357e-34
4089.060000 -1.310798e-17 2.755485e-34
4091.060000 -8.340461e-18 2.772338e-34
4093.060000 -1.224427e-17 2.358329e-34
4095.060000 -1.145469e-17 2.032808e-34
4097.060000 -1.134416e-17 1.960197e-34
4099.060000 -1.723228e-18 2.167396e-34
4101.060000 2.846184e-17 2.709286e-34
4103.060000 1.539328e-17 2.781410e-34
4105.060000 1.696729e-17 2.468157e-34
4107.060000 1.411243e-17 2.060325e-34
4109.060000 -5.422327e-19 1.905854e-34
4111.060000 -1.263197e-17 2.026731e-34
4113.060000 -8.977521e-18 2.387312e-34
4115.060000 -5.687579e-18 2.606812e-34
4117.060000 1.506196e-18 2.396668e-34
4119.060000 9.857607e-18 2.051575e-34
4121.060000 1.002424e-17 1.851358e-34
4123.060000 6.463117e-18 1.900029e-34
4125.060000 3.513885e-18 2.163913e-34
4127.060000 1.111966e-18 2.435306e-34
4129.060000 1.521639e-17 2.371249e-34
4131.060000 1.565717e-17 1.988803e-34
4133.060000 1.241235e-17 1.755403e-34
4135.060000 1.116246e-17 1.750440e-34
4137.060000 1.376534e-17 1.972109e-34
4139.060000 1.836142e-17 2.367986e-34
4141.060000 3.063091e-17 2.435700e-34
4143.060000 2.708393e-17 2.023056e-34
4145.060000 2.119801e-17 1.722074e-34
4147.060000 1.125962e-17 1.634513e-34
4149.060000 7.270512e-18 1.772660e-34
4151.060000 1.897582e-17 2.135206e-34
4153.060000 9.514903e-18 2.226429e-34
4155.060000 -5.625566e-18 1.943071e-34
4157.060000 1.254394e-17 1.703454e-34
4159.060000 2.810007e-17 1.610642e-34
4161.060000 3.622603e-17 1.735143e-34
4163.060000 3.759068e-17 2.051245e-34
4165.060000 2.370195e-17 2.286029e-34
4167.060000 2.956406e-17 2.140913e-34
4169.060000 1.420688e-17 1.725052e-34
4171.060000 4.842506e-18 1.564681e-34
4173.060000 3.010783e-18 1.620474e-34
4175.060000 6.725116e-18 1.866602e-34
4177.060000 1.316224e-17 2.219888e-34
4179.060000 4.563806e-19 2.145689e-34
4181.060000 9.554912e-18 1.779288e-34
4183.060000 2.563482e-17 1.585688e-34
4185.060000 3.299698e-17 1.577421e-34
4187.060000 2.855905e-17 1.763714e-34
4189.060000 2.090174e-17 2.119249e-34
4191.060000 2.080653e-17 2.203691e-34
4193.060000 2.666261e-17 1.904073e-34
4195.060000 1.220744e-17 1.611785e-34
4197.060000 -1.256115e-18 1.512263e-34
4199.060000 -4.517426e-18 1.623369e-34
4201.060000 3.811969e-18 1.950272e-34
4203.060000 1.349883e-17 2.153753e-34
4205.060000 9.978793e-18 1.903752e-34
4207.060000 1.242037e-17 1.622198e-34
4209.060000 1.133175e-17 1.498285e-34
4211.060000 5.087125e-18 1.578979e-34
4213.060000 -4.050129e-18 1.827887e-34
4215.060000 -8.107483e-18 2.070533e-34
4217.060000 -2.262964e-18 1.976787e-34
4219.060000 9.394537e-18 1.706203e-34
4221.060000 8.283841e-18 1.522401e-34
4223.060000 -1.424604e-18 1.536318e-34
4225.060000 -1.287386e-17 1.725137e-34
4227.060000 -1.906904e-17 2.025259e-34
4229.060000 -3.985507e-18 2.079922e-34
4231.060000 9.611412e-18 1.779730e-34
4233.060000 8.812670e-18 1.534534e-34
4235.060000 4.113131e-18 1.490210e-34
4237.060000 1.911418e-18 1.644992e-34
4239.060000 5.654365e-18 1.976123e-34
4241.060000 3.631941e-17 2.178589e-34
4243.060000 2.963178e-17 1.869293e-34
4245.060000 2.263674e-17 1.588459e-34
4247.060000 1.246947e-17 1.475697e-34
4249.060000 8.332358e-18 1.566368e-34
4251.060000 1.743957e-17 1.879737e-34
4253.060000 1.249282e-17 2.048987e-34
4255.060000 -2.319906e-18 1.850250e-34
4257.060000 -1.202193e-17 1.518639e-34
4259.060000 -8.533288e-18 1.387628e-34
4261.060000 2.986307e-18 1.458793e-34
4263.060000 1.210947e-17 1.704654e-34
4265.060000 2.404060e-18 1.933043e-34
4267.060000 2.719855e-17 1.930679e-34
4269.060000 2.997740e-17 1.594877e-34
4271.060000 1.556350e-17 1.380594e-34
4273.060000 5.257999e-18 1.382376e-34
4275.060000 5.686361e-18 1.594420e-34
4277.060000 2.677768e-18 1.920467e-34
4279.060000 -1.105844e-17 1.887580e-34
4281.060000 -1.589046e-17 1.565124e-34
4283.060000 -6.026792e-18 1.390017e-34
4285.060000 1.984064e-18 1.368570e-34
4287.060000 7.956419e-18 1.523297e-34
4289.060000 2.167520e-17 1.818944e-34
4291.060000 3.982071e-17 1.956016e-34
4293.060000 3.741652e-17 1.710872e-34
4295.060000 2.619317e-17 1.442707e-34
4297.060000 1.299598e-17 1.339714e-34
4299.060000 5.373005e-18 1.422077e-34
4301.060000 9.968861e-18 1.656611e-34
4303.060000 3.194474e-17 1.899642e-34
4305.060000 2.772493e-17 1.791993e-34
4307.060000 9.662395e-18 1.458798e-34
4309.060000 7.181514e-18 1.343089e-34
4311.060000 1.331699e-17 1.416104e-34
4313.060000 1.615550e-17 1.643936e-34
4315.060000 6.105280e-18 1.885148e-34
4317.060000 7.684661e-18 1.856145e-34
4319.060000 5.064829e-18 1.566327e-34
4321.060000 2.320527e-17 1.420245e-34
4323.060000 2.872837e-17 1.425732e-34
4325.060000 1.441595e-17 1.568639e-34
4327.060000 6.115259e-18 1.861952e-34
4329.060000 2.556201e-17 1.943372e-34
4331.060000 2.408877e-17 1.658642e-34
4333.060000 2.663084e-17 1.438607e-34
4335.060000 2.091406e-17 1.379675e-34
4337.060000 1.227452e-17 1.500778e-34
4339.060000 1.489967e-17 1.815285e-34
4341.060000 3.010252e-17 1.996885e-34
4343.060000 3.320434e-17 1.760211e-34
4345.060000 2.284380e-17 1.494120e-34
4347.060000 1.480750e-17 1.388321e-34
4349.060000 1.325337e-17 1.475829e-34
4351.060000 1.750551e-17 1.728175e-34
4353.060000 2.259083e-17 1.953626e-34
4355.060000 1.866302e-17 1.821442e-34
4357.060000 2.577392e-17 1.563493e-34
4359.060000 2.951784e-17 1.431571e-34
4361.060000 2.356314e-17 1.472680e-34
4363.060000 8.905284e-18 1.633559e-34
4365.060000 -2.343549e-18 1.865544e-34
4367.060000 1.100969e-18 1.857455e-34
4369.060000 1.079201e-17 1.555577e-34
4371.060000 1.482026e-17 1.382817e-34
4373.060000 2.167050e-17 1.392969e-34
4375.060000 3.214947e-17 1.591570e-34
4377.060000 3.839088e-17 1.898063e-34
4379.060000 2.360593e-17 1.935202e-34
4381.060000 8.294453e-18 1.606218e-34
4383.060000 1.580046e-17 1.384892e-34
4385.060000 2.137406e-17 1.335097e-34
4387.060000 2.063494e-17 1.470955e-34
4389.060000 2.075192e-17 1.755042e-34
4391.060000 3.834659e-17 1.914063e-34
4393.060000 2.543373e-17 1.678441e-34
4395.060000 1.173156e-17 1.388769e-34
4397.060000 7.923043e-18 1.286150e-34
4399.060000 1.085463e-17 1.373793e-34
4401.060000 1.461787e-17 1.629169e-34
4403.060000 1.824352e-17 1.865764e-34
4405.060000 9.900724e-18 1.741897e-34
4407.060000 -5.338882e-18 1.446007e-34
4409.060000 -3.358304e-18 1.308030e-34
4411.060000 7.095082e-18 1.351639e-34
4413.060000 1.519372e-17 1.564836e-34
4415.060000 1.365991e-17 1.846025e-34
4417.060000 1.477676e-17 1.841412e-34
4419.060000 1.563656e-17 1.540348e-34
4421.060000 1.311948e-17 1.337244e-34
4423.060000 4.160986e-18 1.304876e-34
4425.060000 -4.216238e-18 1.436226e-34
4427.060000 1.956941e-18 1.736979e-34
4429.060000 7.446009e-18 1.819413e-34
4431.060000 1.499257e-17 1.588464e-34
4433.060000 1.214751e-17 1.350272e-34
4435.060000 4.078936e-18 1.278450e-34
4437.060000 4.453376e-18 1.390091e-34
4439.060000 2.395523e-17 1.688955e-34
4441.060000 3.254396e-17 1.845977e-34
4443.060000 2.610989e-17 1.639547e-34
4445.060000 2.558839e-17 1.414493e-34
4447.060000 2.384998e-17 1.306448e-34
4449.060000 1.916831e-17 1.371228e-34
4451.060000 1.208035e-17 1.571590e-34
4453.060000 5.957035e-18 1.756160e-34
4455.060000 1.019626e-17 1.671265e-34
4457.060000 1.700151e-17 1.417727e-34
4459.060000 2.050480e-17 1.278517e-34
4461.060000 1.744900e-17 1.302648e-34
4463.060000 9.703646e-18 1.472247e-34
4465.060000 5.791848e-18 1.732949e-34
4467.060000 7.403787e-18 1.722386e-34
4469.060000 1.208243e-17 1.438941e-34
4471.060000 1.613446e-17 1.263875e-34
4473.060000 2.268709e-17 1.260348e-34
4475.060000 2.702960e-17 1.435508e-34
4477.060000 1.992219e-17 1.680470e-34
4479.060000 1.065132e-17 1.722961e-34
4481.060000 8.062213e-18 1.470977e-34
4483.060000 1.034134e-17 1.269651e-34
4485.060000 1.764196e-17 1.216634e-34
4487.060000 2.451522e-17 1.333134e-34
4489.060000 2.600847e-17 1.578737e-34
4491.060000 3.264242e-17 1.786642e-34
4493.060000 3.582678e-17 1.630248e-34
4495.060000 3.288507e-17 1.363756e-34
4497.060000 2.129220e-17 1.246332e-34
4499.060000 1.274340e-17 1.304264e-34
4501.060000 1.573812e-17 1.512490e-34
4503.060000 2.451793e-17 1.759528e-34
4505.060000 2.830021e-17 1.714947e-34
4507.060000 1.705639e-17 1.415418e-34
4509.060000 1.714637e-17 1.261641e-34
4511.060000 2.374964e-17 1.282811e-34
4513.060000 2.787697e-17 1.471680e-34
4515.060000 1.887402e-17 1.723104e-34
4517.060000 1.146839e-17 1.739094e-34
4519.060000 6.409872e-18 1.466233e-34
4521.060000 1.101660e-18 1.277235e-34
4523.060000 7.902567e-18 1.251783e-34
4525.060000 1.867853e-17 1.396814e-34
4527.060000 1.452018e-17 1.640178e-34
4529.060000 1.186733e-17 1.731553e-34
4531.060000 1.068383e-17 1.538942e-34
4533.060000 9.897977e-18 1.314891e-34
4535.060000 7.245970e-18 1.242144e-34
4537.060000 2.719291e-18 1.341413e-34
4539.060000 -7.229524e-19 1.570020e-34
4541.060000 1.104307e-17 1.764215e-34
4543.060000 1.398548e-17 1.609960e-34
4545.060000 1.688770e-17 1.349137e-34
4547.060000 1.795833e-17 1.225537e-34
4549.060000 1.537741e-17 1.271807e-34
4551.060000 8.352183e-18 1.462995e-34
4553.060000 -2.572733e-18 1.684166e-34
4555.060000 -1.143187e-17 1.595593e-34
4557.060000 9.212591e-18 1.370605e-34
4559.060000 1.559435e-17 1.224874e-34
4561.060000 1.085751e-17 1.232408e-34
4563.060000 7.212399e-18 1.395890e-34
4565.060000 2.230202e-17 1.759827e-34
4567.060000 1.225760e-17 1.732577e-34
4569.060000 7.835443e-18 1.438355e-34
4571.060000 2.137812e-18 1.243775e-34
4573.060000 1.123140e-17 1.226360e-34
4575.060000 2.659246e-17 1.390673e-34
4577.060000 2.801918e-17 1.653341e-34
4579.060000 2.301049e-17 1.768625e-34
4581.060000 6.530894e-18 1.527158e-34
4583.060000 -8.224281e-18 1.264548e-34
4585.060000 -2.606993e-18 1.193489e-34
4587.060000 1.059446e-17 1.297006e-34
4589.060000 1.486701e-17 1.522227e-34
4591.060000 1.876256e-17 1.738113e-34
4593.060000 1.380700e-17 1.612848e-34
4595.060000 1.296187e-17 1.351232e-34
4597.060000 9.212885e-18 1.212706e-34
4599.060000 4.657761e-18 1.245201e-34
4601.060000 5.333178e-18 1.433733e-34
4603.060000 2.308267e-17 1.729099e-34
4605.060000 1.537274e-17 1.700276e-34
4607.060000 1.745720e-17 1.433152e-34
4609.060000 1.542640e-17 1.258274e-34
4611.060000 1.982172e-17 1.258730e-34
4613.060000 3.019359e-17 1.434842e-34
4615.060000 3.429256e-17 1.703510e-34
4617.060000 1.491832e-17 1.694201e-34
4619.060000 3.122152e-17 1.478779e-34
4621.060000 3.972575e-17 1.311137e-34
4623.060000 3.755757e-17 1.263197e-34
4625.060000 2.370069e-17 1.367049e-34
4627.060000 1.544147e-18 1.556662e-34
4629.060000 -5.680480e-18 1.646466e-34
4631.060000 2.173782e-17 1.502724e-34
4633.060000 2.682777e-17 1.273690e-34
4635.060000 3.246989e-17 1.193344e-34
4637.060000 3.221034e-17 1.275248e-34
4639.060000 2.147217e-17 1.468307e-34
4641.060000 2.444132e-17 1.653400e-34
4643.060000 1.760326e-17 1.532469e-34
4645.060000 1.498177e-17 1.283110e-34
4647.060000 8.786565e-18 1.141404e-34
4649.060000 1.138853e-17 1.170368e-34
4651.060000 2.613007e-17 1.372280e-34
4653.060000 3.837644e-17 1.660991e-34
4655.060000 2.399239e-17 1.599222e-34
4657.060000 2.536245e-17 1.336847e-34
4659.060000 2.872329e-17 1.182021e-34
4661.060000 2.519250e-17 1.165477e-34
4663.060000 1.570685e-17 1.286316e-34
4665.060000 1.011473e-17 1.510122e-34
4667.060000 2.616340e-17 1.630334e-34
4669.060000 2.365730e-17 1.392265e-34
4671.060000 1.770184e-17 1.193080e-34
4673.060000 1.406580e-17 1.142226e-34
4675.060000 1.791311e-17 1.255516e-34
4677.060000 2.999509e-17 1.518242e-34
4679.060000 2.666276e-17 1.619625e-34
4681.060000 1.388386e-17 1.454946e-34
4683.060000 1.724908e-18 1.211816e-34
4685.060000 6.387450e-18 1.146390e-34
4687.060000 1.223201e-17 1.238156e-34
4689.060000 4.954230e-18 1.437008e-34
4691.060000 -5.121032e-18 1.607476e-34
4693.060000 -4.560238e-18 1.535666e-34
4695.060000 -3.711129e-18 1.302490e-34
4697.060000 5.966758e-18 1.177060e-34
4699.060000 4.903132e-18 1.197356e-34
4701.060000 -8.756750e-18 1.344723e-34
4703.060000 -7.913652e-18 1.643948e-34
4705.060000 7.730376e-18 1.662599e-34
4707.060000 1.600078e-18 1.363208e-34
4709.060000 1.143276e-17 1.214023e-34
4711.060000 1.680360e-17 1.201999e-34
4713.060000 1.626764e-17 1.340986e-34
4715.060000 2.227011e-17 1.608326e-34
4717.060000 2.534406e-17 1.682786e-34
4719.060000 3.428582e-17 1.496626e-34
4721.060000 2.071438e-17 1.256940e-34
4723.060000 6.731486e-18 1.174387e-34
4725.060000 2.053127e-18 1.258226e-34
4727.060000 9.343977e-18 1.486556e-34
4729.060000 2.202142e-17 1.687974e-34
4731.060000 2.586370e-17 1.530261e-34
4733.060000 1.351737e-17 1.261950e-34
4735.060000 8.228547e-18 1.159877e-34
4737.060000 8.174951e-18 1.222234e-34
4739.060000 8.307963e-18 1.419003e-34
4741.060000 7.529678e-18 1.642585e-34
4743.060000 1.337836e-17 1.575556e-34
4745.060000 4.465005e-18 1.317357e-34
4747.060000 6.646270e-18 1.197591e-34
4749.060000 1.586224e-17 1.232394e-34
4751.060000 2.369443e-17 1.422986e-34
4753.060000 1.964714e-17 1.696660e-34
4755.060000 2.033530e-17 1.716815e-34
4757.060000 2.718333e-17 1.422984e-34
4759.060000 1.200120e-17 1.218517e-34
4761.060000 -1.633137e-18 1.178675e-34
4763.060000 -2.693971e-18 1.305037e-34
4765.060000 8.419532e-18 1.595526e-34
4767.060000 8.484862e-18 1.725803e-34
4769.060000 6.160907e-18 1.506146e-34
4771.060000 9.332138e-18 1.296300e-34
4773.060000 6.321220e-18 1.218174e-34
4775.060000 2.248211e-18 1.306484e-34
4777.060000 4.866505e-18 1.538867e-34
4779.060000 8.221023e-18 1.712685e-34
4781.060000 1.154623e-17 1.586729e-34
4783.060000 2.115745e-18 1.320395e-34
4785.060000 -7.733730e-20 1.202250e-34
4787.060000 2.977634e-18 1.255718e-34
4789.060000 6.939721e-18 1.464426e-34
4791.060000 1.042444e-17 1.674343e-34
4793.060000 1.913989e-17 1.641036e-34
4795.060000 2.500604e-17 1.390101e-34
4797.060000 2.187879e-17 1.236371e-34
4799.060000 1.901793e-17 1.245083e-34
4801.060000 2.105157e-17 1.414317e-34
4803.060000 2.589490e-17 1.694699e-34
4805.060000 2.134143e-17 1.695401e-34
4807.060000 2.667002e-17 1.430512e-34
4809.060000 2.858755e-17 1.251628e-34
4811.060000 2.826884e-17 1.220608e-34
4813.060000 2.269567e-17 1.351869e-34
4815.060000 9.441998e-18 1.581523e-34
4817.060000 1.258690e-17 1.710800e-34
4819.060000 1.675196e-17 1.553962e-34
4821.060000 1.559764e-17 1.316675e-34
4823.060000 1.633477e-17 1.216220e-34
4825.060000 1.683700e-17 1.283651e-34
4827.060000 1.415724e-17 1.493015e-34
4829.060000 1.230702e-17 1.686996e-34
4831.060000 1.274717e-17 1.572503e-34
4833.060000 1.137904e-17 1.334146e-34
4835.060000 6.052651e-18 1.211167e-34
4837.060000 3.402601e-18 1.254074e-34
4839.060000 6.635932e-18 1.449672e-34
4841.060000 1.036335e-17 1.724345e-34
4843.060000 1.437103e-17 1.684958e-34
4845.060000 1.084705e-17 1.412030e-34
4847.060000 4.124665e-18 1.240255e-34
4849.060000 2.155644e-18 1.235566e-34
4851.060000 8.856207e-18 1.397612e-34
4853.060000 2.283396e-17 1.703781e-34
4855.060000 1.771437e-17 1.738187e-34
4857.060000 1.563698e-17 1.527141e-34
4859.060000 2.114368e-17 1.326952e-34
4861.060000 2.210272e-17 1.272837e-34
4863.060000 2.004454e-17 1.393562e-34
4865.060000 2.182140e-17 1.705570e-34
4867.060000 1.999483e-17 1.837744e-34
4869.060000 1.728180e-17 1.640255e-34
4871.060000 1.974684e-17 1.400388e-34
4873.060000 1.502493e-17 1.299358e-34
4875.060000 9.418716e-18 1.377720e-34
4877.060000 9.171927e-18 1.609342e-34
4879.060000 3.879428e-18 1.843082e-34
4881.060000 7.885045e-18 1.776597e-34
4883.060000 1.710982e-17 1.503234e-34
4885.060000 1.141676e-17 1.350800e-34
4887.060000 1.705493e-18 1.384259e-34
4889.060000 -2.009314e-18 1.591573e-34
4891.060000 2.551004e-18 1.915468e-34
4893.060000 5.419076e-18 1.930647e-34
4895.060000 3.079551e-18 1.629258e-34
4897.060000 -1.551105e-18 1.437383e-34
4899.060000 -2.080079e-18 1.428711e-34
4901.060000 1.836363e-18 1.609609e-34
4903.060000 5.819653e-18 1.930013e-34
4905.060000 2.391507e-17 2.059561e-34
4907.060000 2.743746e-17 1.785804e-34
4909.060000 2.044033e-17 1.525352e-34
4911.060000 2.255064e-17 1.468042e-34
4913.060000 2.907532e-17 1.622595e-34
4915.060000 2.679168e-17 1.927025e-34
4917.060000 1.739743e-17 2.063688e-34
4919.060000 8.700606e-19 1.784951e-34
4921.060000 2.077901e-17 1.577283e-34
4923.060000 3.210266e-17 1.494213e-34
4925.060000 3.119323e-17 1.605186e-34
4927.060000 2.179119e-17 1.877605e-34
4929.060000 9.921018e-19 2.081996e-34
4931.060000 3.120240e-17 2.043351e-34
4933.060000 2.985433e-17 1.726989e-34
4935.060000 3.226028e-17 1.580100e-34
4937.060000 4.299312e-17 1.655515e-34
4939.060000 4.886596e-17 1.969752e-34
4941.060000 1.523313e-17 2.289481e-34
4943.060000 1.784779e-17 2.325722e-34
4945.060000 5.543743e-18 1.921437e-34
4947.060000 2.120805e-17 1.738337e-34
4949.060000 2.522321e-17 1.762938e-34
4951.060000 1.052770e-17 2.032128e-34
4953.060000 -3.371186e-18 2.444862e-34
4955.060000 1.053087e-18 2.539433e-34
4957.060000 1.380861e-17 2.301892e-34
4959.060000 1.119291e-17 2.011389e-34
4961.060000 8.244014e-18 1.932584e-34
4963.060000 1.253612e-17 2.130499e-34
4965.060000 2.350493e-17 2.614382e-34
4967.060000 1.111592e-17 2.868169e-34
4969.060000 7.967245e-18 2.653849e-34
4971.060000 1.333030e-17 2.309935e-34
4973.060000 1.350453e-17 2.148218e-34
4975.060000 1.175762e-17 2.276805e-34
4977.060000 1.499765e-17 2.679010e-34
4979.060000 3.236125e-17 3.210553e-34
4981.060000 3.748851e-17 3.174562e-34
4983.060000 2.893391e-17 2.690815e-34
4985.060000 3.115607e-17 2.473442e-34
4987.060000 3.505092e-17 2.564182e-34
4989.060000 3.106646e-17 2.980406e-34
4991.060000 1.289959e-17 3.603060e-34
4993.060000 5.851134e-18 3.749219e-34
4995.060000 1.490756e-17 3.338238e-34
4997.060000 2.556300e-18 2.931020e-34
4999.060000 2.315024e-18 2.886044e-34
5001.060000 1.471469e-17 3.255680e-34
5003.060000 1.778148e-17 4.052457e-34
5005.060000 -8.180705e-18 4.402786e-34
5007.060000 1.970896e-17 4.008542e-34
5009.060000 2.100169e-17 3.445481e-34
5011.060000 1.662258e-17 3.327667e-34
5013.060000 1.284141e-17 3.693921e-34
5015.060000 1.154506e-17 4.449495e-34
5017.060000 1.466612e-17 5.060994e-34
5019.060000 1.142723e-17 4.715914e-34
5021.060000 -8.275299e-18 4.011470e-34
5023.060000 -1.023257e-17 3.732287e-34
5025.060000 1.773639e-18 4.000354e-34
5027.060000 1.487412e-17 4.868698e-34
5029.060000 1.062243e-17 5.792785e-34
5031.060000 8.198795e-18 5.904344e-34
5033.060000 1.196170e-17 4.960966e-34
5035.060000 1.531912e-17 4.448048e-34
5037.060000 2.145663e-17 4.519748e-34
5039.060000 3.197186e-17 5.209029e-34
5041.060000 4.522413e-17 6.588635e-34
5043.060000 1.192720e-17 6.621387e-34
5045.060000 5.872357e-18 5.611665e-34
5047.060000 -1.079957e-17 4.896217e-34
5049.060000 -2.455631e-17 4.736044e-34
5051.060000 -2.573313e-17 5.202834e-34
5053.060000 -1.043255e-17 6.254264e-34
5055.060000 1.664606e-18 6.718052e-34
5057.060000 -4.639395e-18 5.859776e-34
5059.060000 -4.086878e-18 4.952803e-34
5061.060000 5.589674e-18 4.712885e-34
5063.060000 8.469647e-18 5.135286e-34
5065.060000 -5.760990e-18 5.992497e-34
5067.060000 -4.616606e-18 6.551286e-34
5069.060000 -4.110557e-18 6.042339e-34
5071.060000 7.219882e-18 5.220053e-34
5073.060000 1.691998e-17 4.761498e-34
5075.060000 1.113125e-17 4.905147e-34
5077.060000 -1.183549e-17 5.530521e-34
5079.060000 -3.162044e-17 6.295913e-34
5081.060000 -4.473722e-17 6.124598e-34
5083.060000 -3.178977e-17 5.095984e-34
5085.060000 -1.639217e-17 4.521426e-34
5087.060000 -1.121099e-17 4.539711e-34
5089.060000 -1.720844e-17 5.153881e-34
5091.060000 -2.341413e-17 6.075670e-34
5093.060000 -2.013683e-18 6.225887e-34
5095.060000 1.948381e-17 5.343103e-34
5097.060000 3.503875e-17 4.742052e-34
5099.060000 3.991137e-17 4.630141e-34
5101.060000 3.220556e-17 5.129862e-34
5103.060000 1.551494e-17 6.075446e-34
5105.060000 1.792248e-17 6.600197e-34
5107.060000 1.613895e-17 5.932961e-34
5109.060000 1.843714e-17 5.021426e-34
5111.060000 1.950780e-17 4.654388e-34
5113.060000 1.481039e-17 4.948027e-34
5115.060000 4.565376e-18 5.834080e-34
5117.060000 3.764302e-18 6.712735e-34
5119.060000 7.897458e-18 6.481657e-34
5121.060000 1.978087e-17 5.570018e-34
5123.060000 7.333401e-18 5.041822e-34
5125.060000 -2.738861e-18 5.224646e-34
5127.060000 2.244150e-18 6.142533e-34
5129.060000 3.877766e-19 7.388940e-34
5131.060000 2.255708e-17 7.601070e-34
5133.060000 2.211749e-17 6.590026e-34
5135.060000 7.231186e-18 5.954299e-34
5137.060000 2.187936e-18 6.086440e-34
5139.060000 1.476464e-17 7.134385e-34
5141.060000 3.567418e-17 8.968915e-34
5143.060000 2.624436e-17 9.247201e-34
5145.060000 3.441014e-17 8.421240e-34
